#Lambda        Dielectric Constant          Refractive Index
# [nm]        [Real]        [Imag]        [Real]        [Imag]
   10.0      0.983902      0.039685      0.992120      0.020000
   15.0      0.996517      0.033074      0.997858      0.016733
   20.0      0.972704      0.026631      0.986350      0.013500
   25.0      0.931986      0.021750      0.964926      0.011354
   30.0      0.893888      0.019822      0.940915      0.011348
   35.0      0.873871      0.022090      0.920254      0.014358
   40.0      0.871145      0.029193      0.903301      0.020544
   45.0      0.881464      0.041613      0.889214      0.029904
   50.0      0.903020      0.059802      0.877921      0.042484
   55.0      0.934448      0.084204      0.869490      0.058342
   60.0      0.973731      0.115273      0.863783      0.077521
   65.0      1.018734      0.153464      0.860625      0.100061
   70.0      1.067496      0.199229      0.859894      0.126007
   75.0      1.118087      0.253022      0.861481      0.155404
   80.0      1.168532      0.315294      0.865260      0.188296
   85.0      1.216847      0.386499      0.871104      0.224727
   90.0      1.261059      0.467091      0.878889      0.264742
   95.0      1.299199      0.557522      0.888492      0.308384
  100.0      1.329293      0.658244      0.899788      0.355698
  105.0      1.349369      0.769711      0.912653      0.406727
  110.0      1.357453      0.892375      0.926963      0.461516
  115.0      1.351573      1.026691      0.942594      0.520109
  120.0      1.329756      1.173110      0.959422      0.582551
  125.0      1.290029      1.332084      0.977322      0.648885
  130.0      1.230421      1.504069      0.996171      0.719155
  135.0      1.148959      1.689518      1.015845      0.793406
  140.0      1.043666      1.888879      1.036218      0.871683
  145.0      0.912568      2.102603      1.057166      0.954028
  150.0      0.753708      2.331161      1.078569      1.040486
  155.0      0.565119      2.575012      1.100303      1.131100
  160.0      0.344766      2.834539      1.122232      1.225919
  165.0      0.090661      3.110176      1.144229      1.324989
  170.0     -0.198942      3.402636      1.166212      1.428334
  175.0     -0.525955      3.712441      1.188070      1.535993
  180.0     -0.893199      4.039077      1.209518      1.648085
  185.0     -1.302875      4.382738      1.230389      1.764675
  190.0     -1.753787      4.747483      1.251156      1.885526
  195.0     -2.247059      5.134732      1.271853      2.010606
  200.0     -2.796487      5.531480      1.290133      2.141009
  205.0     -3.407211      5.934575      1.305275      2.277061
  210.0     -4.037081      6.394690      1.325456      2.414888
  215.0     -4.676247      6.925734      1.352775      2.553486
  220.0     -5.491352      7.340737      1.356133      2.707516
  225.0     -6.634207      7.620074      1.325560      2.896739
  230.0     -8.020811      8.614385      1.368795      3.145643
  235.0     -9.428719     11.035722      1.581953      3.455729
  240.0    -10.317512     14.171507      1.896939      3.731828
  245.0    -10.177699     17.292883      2.234697      3.889879
  250.0     -8.941477     21.030501      2.636526      3.986919
  255.0     -6.528358     25.683712      3.139873      4.064152
  260.0     -2.365420     28.867157      3.646427      3.958337
  265.0      3.574219     28.411739      4.034853      3.542452
  270.0      8.640852     25.698115      4.227480      3.038776
  275.0     10.430709     22.748686      4.196991      2.697300
  280.0     10.200352     20.603073      4.073818      2.529544
  285.0      9.787096     19.867909      4.001443      2.489469
  290.0      9.690918     20.400658      4.017793      2.539269
  295.0     10.132994     21.789686      4.130539      2.633436
  300.0     11.556618     23.296125      4.331880      2.687421
  305.0     14.293426     24.239682      4.605939      2.630963
  310.0     18.006300     24.501600      4.920000      2.490000
  315.0     22.066082     23.874792      5.223422      2.290752
  320.0     25.344210     21.237300      5.410710      1.964356
  325.0     26.835874     15.995597      5.397744      1.474050
  330.0     26.530678     10.584737      5.240752      1.006546
  335.0     24.842831      7.426666      5.026818      0.741887
  340.0     22.890540      5.862312      4.826092      0.609977
  345.0     21.648808      4.703958      4.685940      0.502185
  350.0     20.815810      3.730318      4.579525      0.405885
  355.0     19.914023      2.954768      4.472185      0.329681
  360.0     19.039957      2.362911      4.372163      0.271081
  365.0     18.363741      1.922865      4.292214      0.224666
  370.0     17.775949      1.560591      4.220242      0.184412
  375.0     17.134552      1.222536      4.141707      0.147047
  380.0     16.446670      0.979263      4.057136      0.120925
  385.0     15.758632      0.897606      3.971282      0.113416
  390.0     15.124466      0.905371      3.890720      0.116347
  395.0     14.594946      0.906939      3.822033      0.118621
  400.0     14.200131      0.852020      3.770000      0.113000
  405.0     13.979080      0.715738      3.740605      0.095397
  410.0     14.027565      0.529558      3.746466      0.070465
  415.0     14.395244      0.336697      3.794013      0.044611
  420.0     14.890609      0.171052      3.858289      0.022520
  425.0     15.263311      0.058230      3.906670      0.007614
  430.0     15.268816      0.000000      3.907245      0.000000
  435.0     14.772211      0.000000      3.842325      0.000000
  440.0     14.071263      0.000894      3.750388      0.000141
  445.0     13.501471      0.014442      3.674862      0.001945
  450.0     13.116576      0.020665      3.622820      0.002791
  455.0     12.885076      0.017051      3.590339      0.002331
  460.0     12.716266      0.010434      3.565882      0.001469
  465.0     12.526784      0.007965      3.538830      0.001155
  470.0     12.321854      0.008721      3.509861      0.001267
  475.0     12.125533      0.010118      3.482056      0.001461
  480.0     11.948629      0.011009      3.456800      0.001585
  485.0     11.796036      0.010828      3.434723      0.001564
  490.0     11.662241      0.009904      3.415124      0.001442
  495.0     11.539963      0.008727      3.397077      0.001282
  500.0     11.425248      0.007546      3.380077      0.001119
  505.0     11.315620      0.006510      3.363806      0.000972
  510.0     11.211194      0.005606      3.348272      0.000840
  515.0     11.112579      0.004788      3.333544      0.000719
  520.0     11.019760      0.004042      3.319616      0.000608
  525.0     10.932512      0.003364      3.306457      0.000508
  530.0     10.850392      0.002752      3.294011      0.000417
  535.0     10.772913      0.002203      3.282220      0.000336
  540.0     10.699625      0.001717      3.271027      0.000263
  545.0     10.630121      0.001292      3.260381      0.000199
  550.0     10.564138      0.000929      3.250246      0.000143
  555.0     10.501446      0.000628      3.240589      0.000097
  560.0     10.441808      0.000392      3.231377      0.000060
  565.0     10.384984      0.000220      3.222575      0.000033
  570.0     10.330744      0.000107      3.214150      0.000016
  575.0     10.278861      0.000043      3.206069      0.000006
  580.0     10.229111      0.000016      3.198301      0.000002
  585.0     10.181272      0.000011      3.190813      0.000001
  590.0     10.135115      0.000015      3.183570      0.000002
  595.0     10.090454      0.000017      3.176546      0.000002
  600.0     10.047280      0.000016      3.169742      0.000002
  605.0     10.005633      0.000013      3.163165      0.000002
  610.0      9.965558      0.000009      3.156825      0.000001
  615.0      9.927101      0.000004      3.150729      0.000000
  620.0      9.890306      0.000000      3.144886      0.000000
  625.0      9.855180      0.000000      3.139297      0.000000
  630.0      9.821592      0.000000      3.133944      0.000000
  635.0      9.789378      0.000000      3.128801      0.000000
  640.0      9.758380      0.000000      3.123843      0.000000
  645.0      9.728435      0.000000      3.119046      0.000000
  650.0      9.699363      0.000000      3.114381      0.000000
  655.0      9.671011      0.000000      3.109825      0.000000
  660.0      9.643343      0.000000      3.105372      0.000000
  665.0      9.616364      0.000000      3.101024      0.000000
  670.0      9.590116      0.000000      3.096789      0.000000
  675.0      9.564646      0.000000      3.092674      0.000000
  680.0      9.539998      0.000000      3.088687      0.000000
  685.0      9.516210      0.000000      3.084834      0.000000
  690.0      9.493314      0.000000      3.081122      0.000000
  695.0      9.471322      0.000000      3.077552      0.000000
  700.0      9.450171      0.000000      3.074115      0.000000
  705.0      9.429782      0.000000      3.070797      0.000000
  710.0      9.410080      0.000000      3.067588      0.000000
  715.0      9.390994      0.000000      3.064475      0.000000
  720.0      9.372448      0.000000      3.061447      0.000000
  725.0      9.354367      0.000000      3.058492      0.000000
  730.0      9.336681      0.000000      3.055598      0.000000
  735.0      9.319331      0.000000      3.052757      0.000000
  740.0      9.302311      0.000000      3.049968      0.000000
  745.0      9.285627      0.000000      3.047231      0.000000
  750.0      9.269281      0.000000      3.044548      0.000000
  755.0      9.253277      0.000000      3.041919      0.000000
  760.0      9.237617      0.000000      3.039344      0.000000
  765.0      9.222304      0.000000      3.036824      0.000000
  770.0      9.207343      0.000000      3.034360      0.000000
  775.0      9.192737      0.000000      3.031953      0.000000
  780.0      9.178482      0.000000      3.029601      0.000000
  785.0      9.164570      0.000000      3.027304      0.000000
  790.0      9.150985      0.000000      3.025060      0.000000
  795.0      9.137712      0.000000      3.022866      0.000000
  800.0      9.124737      0.000000      3.020719      0.000000
  805.0      9.112044      0.000000      3.018618      0.000000
  810.0      9.099620      0.000000      3.016559      0.000000
  815.0      9.087449      0.000000      3.014541      0.000000
  820.0      9.075514      0.000000      3.012560      0.000000
  825.0      9.063801      0.000000      3.010615      0.000000
  830.0      9.052301      0.000000      3.008704      0.000000
  835.0      9.041009      0.000000      3.006827      0.000000
  840.0      9.029931      0.000000      3.004984      0.000000
  845.0      9.019077      0.000000      3.003177      0.000000
  850.0      9.008453      0.000000      3.001407      0.000000
  855.0      8.998067      0.000000      2.999676      0.000000
  860.0      8.987925      0.000000      2.997985      0.000000
  865.0      8.978035      0.000000      2.996335      0.000000
  870.0      8.968404      0.000000      2.994728      0.000000
  875.0      8.959038      0.000000      2.993164      0.000000
  880.0      8.949948      0.000000      2.991646      0.000000
  885.0      8.941141      0.000000      2.990174      0.000000
  890.0      8.932612      0.000000      2.988748      0.000000
  895.0      8.924352      0.000000      2.987366      0.000000
  900.0      8.916335      0.000000      2.986025      0.000000
  905.0      8.908535      0.000000      2.984719      0.000000
  910.0      8.900925      0.000000      2.983445      0.000000
  915.0      8.893482      0.000000      2.982198      0.000000
  920.0      8.886179      0.000000      2.980973      0.000000
  925.0      8.878992      0.000000      2.979767      0.000000
  930.0      8.871896      0.000000      2.978576      0.000000
  935.0      8.864866      0.000000      2.977395      0.000000
  940.0      8.857877      0.000000      2.976221      0.000000
  945.0      8.850904      0.000000      2.975048      0.000000
  950.0      8.843918      0.000000      2.973873      0.000000
  955.0      8.836894      0.000000      2.972691      0.000000
  960.0      8.829840      0.000000      2.971503      0.000000
  965.0      8.822773      0.000000      2.970312      0.000000
  970.0      8.815729      0.000000      2.969125      0.000000
  975.0      8.808747      0.000000      2.967948      0.000000
  980.0      8.801862      0.000000      2.966787      0.000000
  985.0      8.795108      0.000000      2.965648      0.000000
  990.0      8.788520      0.000000      2.964536      0.000000
  995.0      8.782133      0.000000      2.963458      0.000000
 1000.0      8.775983      0.000000      2.962420      0.000000
 1005.0      8.770104      0.000000      2.961428      0.000000
 1010.0      8.764533      0.000000      2.960488      0.000000
 1015.0      8.759304      0.000000      2.959606      0.000000
 1020.0      8.754450      0.000000      2.958787      0.000000
 1025.0      8.750005      0.000000      2.958037      0.000000
 1030.0      8.746016      0.000000      2.957365      0.000000
 1035.0      8.742512      0.000000      2.956775      0.000000
 1040.0      8.739451      0.000000      2.956260      0.000000
 1045.0      8.736765      0.000000      2.955809      0.000000
 1050.0      8.734357      0.000000      2.955404      0.000000
 1055.0      8.732123      0.000000      2.955029      0.000000
 1060.0      8.729969      0.000000      2.954667      0.000000
 1065.0      8.727799      0.000000      2.954302      0.000000
 1070.0      8.725518      0.000000      2.953918      0.000000
 1075.0      8.723029      0.000000      2.953498      0.000000
 1080.0      8.720235      0.000000      2.953025      0.000000
 1085.0      8.717041      0.000000      2.952484      0.000000
 1090.0      8.713351      0.000000      2.951859      0.000000
 1095.0      8.709069      0.000000      2.951132      0.000000
 1100.0      8.704096      0.000000      2.950288      0.000000
 1105.0      8.698337      0.000000      2.949310      0.000000
 1110.0      8.691702      0.000000      2.948182      0.000000
 1115.0      8.684096      0.000000      2.946888      0.000000
 1120.0      8.675399      0.000000      2.945408      0.000000
 1125.0      8.665510      0.000000      2.943725      0.000000
 1130.0      8.654434      0.000000      2.941840      0.000000
 1135.0      8.642262      0.000000      2.939767      0.000000
 1140.0      8.629334      0.000000      2.937566      0.000000
 1145.0      8.616049      0.000000      2.935304      0.000000
 1150.0      8.602788      0.000000      2.933046      0.000000
 1155.0      8.589907      0.000000      2.930852      0.000000
 1160.0      8.577685      0.000000      2.928771      0.000000
 1165.0      8.566330      0.000000      2.926837      0.000000
 1170.0      8.555828      0.000000      2.925049      0.000000
 1175.0      8.546122      0.000000      2.923396      0.000000
 1180.0      8.537188      0.000000      2.921874      0.000000
 1185.0      8.529009      0.000000      2.920481      0.000000
 1190.0      8.521558      0.000000      2.919212      0.000000
 1195.0      8.514808      0.000000      2.918062      0.000000
 1200.0      8.508732      0.000000      2.917027      0.000000
 1205.0      8.503305      0.000000      2.916103      0.000000
 1210.0      8.498501      0.000000      2.915284      0.000000
 1215.0      8.494294      0.000000      2.914567      0.000000
 1220.0      8.490658      0.000000      2.913947      0.000000
 1225.0      8.487567      0.000000      2.913420      0.000000
 1230.0      8.484996      0.000000      2.912982      0.000000
 1235.0      8.482919      0.000000      2.912627      0.000000
 1240.0      8.481309      0.000000      2.912352      0.000000
 1245.0      8.480141      0.000000      2.912152      0.000000
 1250.0      8.479388      0.000000      2.912023      0.000000
 1255.0      8.479025      0.000000      2.911961      0.000000
 1260.0      8.479026      0.000000      2.911960      0.000000
 1265.0      8.479366      0.000000      2.912017      0.000000
 1270.0      8.480018      0.000000      2.912127      0.000000
 1275.0      8.480956      0.000000      2.912286      0.000000
 1280.0      8.482154      0.000000      2.912489      0.000000
 1285.0      8.483587      0.000000      2.912732      0.000000
 1290.0      8.485228      0.000000      2.913010      0.000000
 1295.0      8.487052      0.000000      2.913319      0.000000
 1300.0      8.489033      0.000000      2.913655      0.000000
 1305.0      8.491145      0.000000      2.914014      0.000000
 1310.0      8.493362      0.000000      2.914390      0.000000
 1315.0      8.495658      0.000000      2.914780      0.000000
 1320.0      8.498007      0.000000      2.915178      0.000000
 1325.0      8.500383      0.000000      2.915581      0.000000
 1330.0      8.502761      0.000000      2.915985      0.000000
 1335.0      8.505114      0.000000      2.916384      0.000000
 1340.0      8.507416      0.000000      2.916775      0.000000
 1345.0      8.509643      0.000000      2.917152      0.000000
 1350.0      8.511767      0.000000      2.917512      0.000000
 1355.0      8.513763      0.000000      2.917851      0.000000
 1360.0      8.515605      0.000000      2.918163      0.000000
 1365.0      8.517268      0.000000      2.918444      0.000000
 1370.0      8.518724      0.000000      2.918690      0.000000
 1375.0      8.519947      0.000000      2.918897      0.000000
 1380.0      8.520916      0.000000      2.919060      0.000000
 1385.0      8.521616      0.000000      2.919177      0.000000
 1390.0      8.522056      0.000000      2.919250      0.000000
 1395.0      8.522249      0.000000      2.919281      0.000000
 1400.0      8.522205      0.000000      2.919271      0.000000
 1405.0      8.521933      0.000000      2.919223      0.000000
 1410.0      8.521445      0.000000      2.919138      0.000000
 1415.0      8.520750      0.000000      2.919018      0.000000
 1420.0      8.519860      0.000000      2.918864      0.000000
 1425.0      8.518784      0.000000      2.918679      0.000000
 1430.0      8.517534      0.000000      2.918464      0.000000
 1435.0      8.516119      0.000000      2.918221      0.000000
 1440.0      8.514551      0.000000      2.917951      0.000000
 1445.0      8.512839      0.000000      2.917657      0.000000
 1450.0      8.510994      0.000000      2.917341      0.000000
 1455.0      8.509027      0.000000      2.917004      0.000000
 1460.0      8.506947      0.000000      2.916647      0.000000
 1465.0      8.504766      0.000000      2.916273      0.000000
 1470.0      8.502493      0.000000      2.915884      0.000000
 1475.0      8.500140      0.000000      2.915481      0.000000
 1480.0      8.497717      0.000000      2.915066      0.000000
 1485.0      8.495234      0.000000      2.914641      0.000000
 1490.0      8.492702      0.000000      2.914208      0.000000
 1495.0      8.490131      0.000000      2.913768      0.000000
 1500.0      8.487532      0.000000      2.913323      0.000000
 1505.0      8.484915      0.000000      2.912875      0.000000
 1510.0      8.482290      0.000000      2.912425      0.000000
 1515.0      8.479668      0.000000      2.911976      0.000000
 1520.0      8.477060      0.000000      2.911530      0.000000
 1525.0      8.474476      0.000000      2.911088      0.000000
 1530.0      8.471926      0.000000      2.910651      0.000000
 1535.0      8.469421      0.000000      2.910222      0.000000
 1540.0      8.466972      0.000000      2.909803      0.000000
 1545.0      8.464588      0.000000      2.909395      0.000000
 1550.0      8.462281      0.000000      2.909000      0.000000
 1555.0      8.460058      0.000000      2.908619      0.000000
 1560.0      8.457920      0.000000      2.908253      0.000000
 1565.0      8.455864      0.000000      2.907901      0.000000
 1570.0      8.453889      0.000000      2.907562      0.000000
 1575.0      8.451992      0.000000      2.907237      0.000000
 1580.0      8.450170      0.000000      2.906925      0.000000
 1585.0      8.448422      0.000000      2.906625      0.000000
 1590.0      8.446746      0.000000      2.906337      0.000000
 1595.0      8.445140      0.000000      2.906062      0.000000
 1600.0      8.443601      0.000000      2.905798      0.000000
 1605.0      8.442127      0.000000      2.905545      0.000000
 1610.0      8.440715      0.000000      2.905302      0.000000
 1615.0      8.439365      0.000000      2.905070      0.000000
 1620.0      8.438074      0.000000      2.904848      0.000000
 1625.0      8.436839      0.000000      2.904636      0.000000
 1630.0      8.435658      0.000000      2.904433      0.000000
 1635.0      8.434529      0.000000      2.904239      0.000000
 1640.0      8.433451      0.000000      2.904053      0.000000
 1645.0      8.432421      0.000000      2.903876      0.000000
 1650.0      8.431436      0.000000      2.903706      0.000000
 1655.0      8.430495      0.000000      2.903544      0.000000
 1660.0      8.429595      0.000000      2.903389      0.000000
 1665.0      8.428735      0.000000      2.903240      0.000000
 1670.0      8.427911      0.000000      2.903098      0.000000
 1675.0      8.427122      0.000000      2.902962      0.000000
 1680.0      8.426366      0.000000      2.902832      0.000000
 1685.0      8.425641      0.000000      2.902707      0.000000
 1690.0      8.424945      0.000000      2.902586      0.000000
 1695.0      8.424274      0.000000      2.902470      0.000000
 1700.0      8.423628      0.000000      2.902358      0.000000
 1705.0      8.423004      0.000000      2.902250      0.000000
 1710.0      8.422400      0.000000      2.902145      0.000000
 1715.0      8.421813      0.000000      2.902043      0.000000
 1720.0      8.421242      0.000000      2.901944      0.000000
 1725.0      8.420684      0.000000      2.901848      0.000000
 1730.0      8.420137      0.000000      2.901753      0.000000
 1735.0      8.419599      0.000000      2.901659      0.000000
 1740.0      8.419069      0.000000      2.901567      0.000000
 1745.0      8.418543      0.000000      2.901476      0.000000
 1750.0      8.418020      0.000000      2.901385      0.000000
 1755.0      8.417497      0.000000      2.901294      0.000000
 1760.0      8.416972      0.000000      2.901203      0.000000
 1765.0      8.416444      0.000000      2.901112      0.000000
 1770.0      8.415909      0.000000      2.901019      0.000000
 1775.0      8.415366      0.000000      2.900925      0.000000
 1780.0      8.414815      0.000000      2.900829      0.000000
 1785.0      8.414256      0.000000      2.900732      0.000000
 1790.0      8.413688      0.000000      2.900634      0.000000
 1795.0      8.413112      0.000000      2.900534      0.000000
 1800.0      8.412529      0.000000      2.900433      0.000000
 1805.0      8.411938      0.000000      2.900331      0.000000
 1810.0      8.411340      0.000000      2.900227      0.000000
 1815.0      8.410735      0.000000      2.900122      0.000000
 1820.0      8.410122      0.000000      2.900016      0.000000
 1825.0      8.409502      0.000000      2.899909      0.000000
 1830.0      8.408876      0.000000      2.899801      0.000000
 1835.0      8.408244      0.000000      2.899692      0.000000
 1840.0      8.407605      0.000000      2.899581      0.000000
 1845.0      8.406960      0.000000      2.899469      0.000000
 1850.0      8.406309      0.000000      2.899357      0.000000
 1855.0      8.405653      0.000000      2.899243      0.000000
 1860.0      8.404991      0.000000      2.899129      0.000000
 1865.0      8.404324      0.000000      2.899014      0.000000
 1870.0      8.403651      0.000000      2.898898      0.000000
 1875.0      8.402973      0.000000      2.898781      0.000000
 1880.0      8.402291      0.000000      2.898663      0.000000
 1885.0      8.401604      0.000000      2.898544      0.000000
 1890.0      8.400913      0.000000      2.898425      0.000000
 1895.0      8.400217      0.000000      2.898305      0.000000
 1900.0      8.399518      0.000000      2.898185      0.000000
 1905.0      8.398815      0.000000      2.898063      0.000000
 1910.0      8.398108      0.000000      2.897941      0.000000
 1915.0      8.397397      0.000000      2.897818      0.000000
 1920.0      8.396683      0.000000      2.897695      0.000000
 1925.0      8.395966      0.000000      2.897572      0.000000
 1930.0      8.395246      0.000000      2.897448      0.000000
 1935.0      8.394524      0.000000      2.897323      0.000000
 1940.0      8.393799      0.000000      2.897198      0.000000
 1945.0      8.393071      0.000000      2.897073      0.000000
 1950.0      8.392341      0.000000      2.896947      0.000000
 1955.0      8.391609      0.000000      2.896821      0.000000
 1960.0      8.390876      0.000000      2.896694      0.000000
 1965.0      8.390141      0.000000      2.896568      0.000000
 1970.0      8.389404      0.000000      2.896441      0.000000
 1975.0      8.388666      0.000000      2.896314      0.000000
 1980.0      8.387927      0.000000      2.896186      0.000000
 1985.0      8.387187      0.000000      2.896058      0.000000
 1990.0      8.386447      0.000000      2.895931      0.000000
 1995.0      8.385706      0.000000      2.895804      0.000000
 2000.0      8.384964      0.000000      2.895676      0.000000
 2005.0      8.384223      0.000000      2.895548      0.000000
 2010.0      8.383482      0.000000      2.895420      0.000000
 2015.0      8.382740      0.000000      2.895292      0.000000
 2020.0      8.381999      0.000000      2.895165      0.000000
 2025.0      8.381259      0.000000      2.895037      0.000000
 2030.0      8.380520      0.000000      2.894910      0.000000
 2035.0      8.379781      0.000000      2.894783      0.000000
 2040.0      8.379044      0.000000      2.894656      0.000000
 2045.0      8.378308      0.000000      2.894529      0.000000
 2050.0      8.377574      0.000000      2.894403      0.000000
 2055.0      8.376841      0.000000      2.894277      0.000000
 2060.0      8.376110      0.000000      2.894151      0.000000
 2065.0      8.375381      0.000000      2.894025      0.000000
 2070.0      8.374655      0.000000      2.893900      0.000000
 2075.0      8.373931      0.000000      2.893775      0.000000
 2080.0      8.373210      0.000000      2.893651      0.000000
 2085.0      8.372491      0.000000      2.893527      0.000000
 2090.0      8.371776      0.000000      2.893404      0.000000
 2095.0      8.371064      0.000000      2.893281      0.000000
 2100.0      8.370355      0.000000      2.893159      0.000000
 2105.0      8.369650      0.000000      2.893038      0.000000
 2110.0      8.368948      0.000000      2.892917      0.000000
 2115.0      8.368250      0.000000      2.892797      0.000000
 2120.0      8.367557      0.000000      2.892678      0.000000
 2125.0      8.366868      0.000000      2.892559      0.000000
 2130.0      8.366183      0.000000      2.892441      0.000000
 2135.0      8.365503      0.000000      2.892324      0.000000
 2140.0      8.364828      0.000000      2.892208      0.000000
 2145.0      8.364158      0.000000      2.892093      0.000000
 2150.0      8.363493      0.000000      2.891978      0.000000
 2155.0      8.362834      0.000000      2.891864      0.000000
 2160.0      8.362180      0.000000      2.891752      0.000000
 2165.0      8.361532      0.000000      2.891641      0.000000
 2170.0      8.360891      0.000000      2.891530      0.000000
 2175.0      8.360255      0.000000      2.891421      0.000000
 2180.0      8.359626      0.000000      2.891312      0.000000
 2185.0      8.359003      0.000000      2.891204      0.000000
 2190.0      8.358387      0.000000      2.891098      0.000000
 2195.0      8.357778      0.000000      2.890993      0.000000
 2200.0      8.357176      0.000000      2.890889      0.000000
 2205.0      8.356581      0.000000      2.890787      0.000000
 2210.0      8.355994      0.000000      2.890686      0.000000
 2215.0      8.355415      0.000000      2.890586      0.000000
 2220.0      8.354843      0.000000      2.890487      0.000000
 2225.0      8.354279      0.000000      2.890390      0.000000
 2230.0      8.353723      0.000000      2.890294      0.000000
 2235.0      8.353176      0.000000      2.890200      0.000000
 2240.0      8.352638      0.000000      2.890107      0.000000
 2245.0      8.352109      0.000000      2.890016      0.000000
 2250.0      8.351588      0.000000      2.889926      0.000000
 2255.0      8.351076      0.000000      2.889838      0.000000
 2260.0      8.350574      0.000000      2.889751      0.000000
 2265.0      8.350081      0.000000      2.889666      0.000000
 2270.0      8.349598      0.000000      2.889583      0.000000
 2275.0      8.349125      0.000000      2.889501      0.000000
 2280.0      8.348662      0.000000      2.889421      0.000000
 2285.0      8.348209      0.000000      2.889343      0.000000
 2290.0      8.347767      0.000000      2.889266      0.000000
 2295.0      8.347336      0.000000      2.889192      0.000000
 2300.0      8.346915      0.000000      2.889119      0.000000
 2305.0      8.346505      0.000000      2.889048      0.000000
 2310.0      8.346106      0.000000      2.888979      0.000000
 2315.0      8.345719      0.000000      2.888912      0.000000
 2320.0      8.345343      0.000000      2.888847      0.000000
 2325.0      8.344980      0.000000      2.888784      0.000000
 2330.0      8.344628      0.000000      2.888723      0.000000
 2335.0      8.344288      0.000000      2.888665      0.000000
 2340.0      8.343960      0.000000      2.888608      0.000000
 2345.0      8.343645      0.000000      2.888553      0.000000
 2350.0      8.343343      0.000000      2.888500      0.000000
 2355.0      8.343054      0.000000      2.888450      0.000000
 2360.0      8.342777      0.000000      2.888402      0.000000
 2365.0      8.342514      0.000000      2.888356      0.000000
 2370.0      8.342264      0.000000      2.888313      0.000000
 2375.0      8.342028      0.000000      2.888272      0.000000
 2380.0      8.341806      0.000000      2.888233      0.000000
 2385.0      8.341597      0.000000      2.888196      0.000000
 2390.0      8.341403      0.000000      2.888162      0.000000
 2395.0      8.341223      0.000000      2.888131      0.000000
 2400.0      8.341058      0.000000      2.888102      0.000000
 2405.0      8.340907      0.000000      2.888075      0.000000
 2410.0      8.340772      0.000000      2.888051      0.000000
 2415.0      8.340652      0.000000      2.888030      0.000000
 2420.0      8.340547      0.000000      2.888011      0.000000
 2425.0      8.340457      0.000000      2.887995      0.000000
 2430.0      8.340383      0.000000      2.887981      0.000000
 2435.0      8.340324      0.000000      2.887970      0.000000
 2440.0      8.340282      0.000000      2.887962      0.000000
 2445.0      8.340256      0.000000      2.887957      0.000000
 2450.0      8.340247      0.000000      2.887954      0.000000
 2455.0      8.340254      0.000000      2.887955      0.000000
 2460.0      8.340277      0.000000      2.887958      0.000000
 2465.0      8.340318      0.000000      2.887964      0.000000
 2470.0      8.340376      0.000000      2.887973      0.000000
 2475.0      8.340451      0.000000      2.887985      0.000000
 2480.0      8.340544      0.000000      2.888000      0.000000
 2485.0      8.340655      0.000000      2.888018      0.000000
 2490.0      8.340783      0.000000      2.888039      0.000000
 2495.0      8.340929      0.000000      2.888063      0.000000
 2500.0      8.341094      0.000000      2.888090      0.000000
 2505.0      8.341277      0.000000      2.888120      0.000000
 2510.0      8.341479      0.000000      2.888154      0.000000
 2515.0      8.341700      0.000000      2.888191      0.000000
 2520.0      8.341939      0.000000      2.888231      0.000000
 2525.0      8.342198      0.000000      2.888274      0.000000
 2530.0      8.342476      0.000000      2.888321      0.000000
 2535.0      8.342774      0.000000      2.888371      0.000000
 2540.0      8.343091      0.000000      2.888424      0.000000
 2545.0      8.343428      0.000000      2.888481      0.000000
 2550.0      8.343786      0.000000      2.888541      0.000000
 2555.0      8.344164      0.000000      2.888605      0.000000
 2560.0      8.344562      0.000000      2.888672      0.000000
 2565.0      8.344981      0.000000      2.888743      0.000000
 2570.0      8.345421      0.000000      2.888817      0.000000
 2575.0      8.345882      0.000000      2.888895      0.000000
 2580.0      8.346364      0.000000      2.888976      0.000000
 2585.0      8.346867      0.000000      2.889061      0.000000
 2590.0      8.347392      0.000000      2.889150      0.000000
 2595.0      8.347939      0.000000      2.889243      0.000000
 2600.0      8.348508      0.000000      2.889339      0.000000
 2605.0      8.349099      0.000000      2.889439      0.000000
 2610.0      8.349713      0.000000      2.889543      0.000000
 2615.0      8.350349      0.000000      2.889651      0.000000
 2620.0      8.351007      0.000000      2.889762      0.000000
 2625.0      8.351688      0.000000      2.889877      0.000000
 2630.0      8.352393      0.000000      2.889997      0.000000
 2635.0      8.353121      0.000000      2.890121      0.000000
 2640.0      8.353873      0.000000      2.890248      0.000000
 2645.0      8.354648      0.000000      2.890380      0.000000
 2650.0      8.355447      0.000000      2.890515      0.000000
 2655.0      8.356270      0.000000      2.890654      0.000000
 2660.0      8.357117      0.000000      2.890798      0.000000
 2665.0      8.357989      0.000000      2.890946      0.000000
 2670.0      8.358885      0.000000      2.891098      0.000000
 2675.0      8.359805      0.000000      2.891254      0.000000
 2680.0      8.360751      0.000000      2.891415      0.000000
 2685.0      8.361722      0.000000      2.891580      0.000000
 2690.0      8.362719      0.000000      2.891749      0.000000
 2695.0      8.363741      0.000000      2.891923      0.000000
 2700.0      8.364788      0.000000      2.892101      0.000000
 2705.0      8.365861      0.000000      2.892283      0.000000
 2710.0      8.366961      0.000000      2.892470      0.000000
 2715.0      8.368087      0.000000      2.892661      0.000000
 2720.0      8.369239      0.000000      2.892857      0.000000
 2725.0      8.370418      0.000000      2.893057      0.000000
 2730.0      8.371623      0.000000      2.893262      0.000000
 2735.0      8.372855      0.000000      2.893472      0.000000
 2740.0      8.374115      0.000000      2.893686      0.000000
 2745.0      8.375402      0.000000      2.893905      0.000000
 2750.0      8.376717      0.000000      2.894128      0.000000
 2755.0      8.378060      0.000000      2.894356      0.000000
 2760.0      8.379430      0.000000      2.894589      0.000000
 2765.0      8.380828      0.000000      2.894827      0.000000
 2770.0      8.382255      0.000000      2.895070      0.000000
 2775.0      8.383710      0.000000      2.895318      0.000000
 2780.0      8.385194      0.000000      2.895570      0.000000
 2785.0      8.386707      0.000000      2.895827      0.000000
 2790.0      8.388249      0.000000      2.896089      0.000000
 2795.0      8.389820      0.000000      2.896357      0.000000
 2800.0      8.391421      0.000000      2.896629      0.000000
 2805.0      8.393051      0.000000      2.896906      0.000000
 2810.0      8.394710      0.000000      2.897188      0.000000
 2815.0      8.396400      0.000000      2.897476      0.000000
 2820.0      8.398120      0.000000      2.897769      0.000000
 2825.0      8.399870      0.000000      2.898066      0.000000
 2830.0      8.401651      0.000000      2.898369      0.000000
 2835.0      8.403462      0.000000      2.898677      0.000000
 2840.0      8.405305      0.000000      2.898991      0.000000
 2845.0      8.407179      0.000000      2.899310      0.000000
 2850.0      8.409084      0.000000      2.899634      0.000000
 2855.0      8.411020      0.000000      2.899964      0.000000
 2860.0      8.412988      0.000000      2.900299      0.000000
 2865.0      8.414988      0.000000      2.900639      0.000000
 2870.0      8.417020      0.000000      2.900985      0.000000
 2875.0      8.419084      0.000000      2.901336      0.000000
 2880.0      8.421180      0.000000      2.901693      0.000000
 2885.0      8.423308      0.000000      2.902056      0.000000
 2890.0      8.425470      0.000000      2.902424      0.000000
 2895.0      8.427665      0.000000      2.902798      0.000000
 2900.0      8.429893      0.000000      2.903177      0.000000
 2905.0      8.432154      0.000000      2.903562      0.000000
 2910.0      8.434448      0.000000      2.903952      0.000000
 2915.0      8.436776      0.000000      2.904349      0.000000
 2920.0      8.439139      0.000000      2.904751      0.000000
 2925.0      8.441535      0.000000      2.905159      0.000000
 2930.0      8.443966      0.000000      2.905573      0.000000
 2935.0      8.446431      0.000000      2.905993      0.000000
 2940.0      8.448930      0.000000      2.906418      0.000000
 2945.0      8.451464      0.000000      2.906850      0.000000
 2950.0      8.454033      0.000000      2.907287      0.000000
 2955.0      8.456638      0.000000      2.907730      0.000000
 2960.0      8.459278      0.000000      2.908180      0.000000
 2965.0      8.461953      0.000000      2.908636      0.000000
 2970.0      8.464664      0.000000      2.909098      0.000000
 2975.0      8.467411      0.000000      2.909565      0.000000
 2980.0      8.470194      0.000000      2.910039      0.000000
 2985.0      8.473014      0.000000      2.910519      0.000000
 2990.0      8.475870      0.000000      2.911006      0.000000
 2995.0      8.478763      0.000000      2.911499      0.000000
 3000.0      8.481692      0.000000      2.911998      0.000000
