#Lambda        Dielectric Constant          Refractive Index
# [nm]        [Real]        [Imag]        [Real]        [Imag]
  210.0     -4.726293      4.878127      1.016343      2.399843
  215.0     -4.692226      4.740042      0.995907      2.386030
  220.0     -4.915275      5.021311      1.027461      2.443553
  225.0     -5.183343      5.533946      1.094045      2.525096
  230.0     -5.284332      6.089962      1.178698      2.583343
  235.0     -5.105135      6.526168      1.261894      2.588352
  240.0     -4.928612      6.778561      1.313835      2.579685
  245.0     -5.052663      6.849734      1.314726      2.604105
  250.0     -5.439377      6.909486      1.295038      2.667677
  255.0     -5.979577      7.132246      1.290470      2.764952
  260.0     -6.614829      7.543771      1.307352      2.885134
  265.0     -7.320240      8.119628      1.342488      3.019539
  270.0     -8.154326      8.783309      1.383952      3.173271
  275.0     -9.207454      9.575418      1.430843      3.358450
  280.0    -10.613983     11.057101      1.535088      3.601455
  285.0    -12.224319     13.732566      1.752062      3.901711
  290.0    -12.709068     17.357742      2.098093      4.136552
  295.0    -10.945326     21.349490      2.553428      4.190091
  300.0     -7.815934     24.516683      2.993031      4.095628
  305.0     -4.519770     25.886832      3.300595      3.919377
  310.0     -1.514100     25.970000      3.500000      3.710000
  315.0      0.974862     25.536855      3.641542      3.506951
  320.0      2.903496     24.917940      3.740991      3.330393
  325.0      4.320387     24.302463      3.807998      3.190300
  330.0      5.460341     23.754407      3.862269      3.075188
  335.0      6.521381     23.282330      3.918058      2.971672
  340.0      7.368172     22.798324      3.957751      2.880212
  345.0      7.857712     22.226999      3.964238      2.803110
  350.0      8.149677     21.639508      3.954298      2.736201
  355.0      8.421718     21.151729      3.948939      2.678173
  360.0      8.620696     20.911899      3.952202      2.645601
  365.0      8.718759     21.038460      3.968513      2.651078
  370.0      9.019990     21.498319      4.020814      2.673379
  375.0      9.850126     22.156619      4.128252      2.682253
  380.0     11.289579     22.622969      4.276274      2.645173
  385.0     13.220202     22.527079      4.435702      2.541203
  390.0     14.974937     21.834579      4.552543      2.398064
  395.0     15.955861     20.659906      4.585642      2.251412
  400.0     16.390500     19.376800      4.570000      2.120000
  405.0     16.622654     18.376637      4.549846      2.019660
  410.0     16.635765     17.862046      4.530166      1.971456
  415.0     16.418630     17.922485      4.512559      1.986595
  420.0     16.341831     18.383489      4.524309      2.031635
  425.0     16.867571     18.969906      4.596464      2.061398
  430.0     18.442747     19.267775      4.749447      2.028423
  435.0     21.199116     18.891351      4.978623      1.900152
  440.0     24.023186     17.706580      5.189736      1.705923
  445.0     25.749693     15.734404      5.289453      1.486454
  450.0     26.251528     13.364069      5.277735      1.266080
  455.0     25.752285     11.047111      5.184302      1.064591
  460.0     24.840204      9.115930      5.064597      0.899966
  465.0     24.064815      7.783356      4.968041      0.783959
  470.0     23.456173      6.903081      4.894233      0.705226
  475.0     22.927053      6.261214      4.831767      0.647796
  480.0     22.440598      5.732684      4.775032      0.600277
  485.0     21.977237      5.234138      4.720683      0.554400
  490.0     21.536174      4.760292      4.668628      0.509817
  495.0     21.120616      4.322836      4.619465      0.467893
  500.0     20.731014      3.923290      4.573292      0.428935
  505.0     20.366823      3.563097      4.530072      0.393268
  510.0     20.026271      3.253572      4.489717      0.362336
  515.0     19.707701      3.004891      4.452141      0.337465
  520.0     19.411134      2.812810      4.417296      0.318386
  525.0     19.137616      2.661955      4.385171      0.303533
  530.0     18.890624      2.506870      4.355850      0.287759
  535.0     18.673595      2.298956      4.329434      0.265494
  540.0     18.487369      2.007141      4.306006      0.233063
  545.0     18.327722      1.615304      4.285227      0.188497
  550.0     18.172770      1.149602      4.265083      0.134769
  555.0     18.000725      0.666268      4.243529      0.078440
  560.0     17.807832      0.299567      4.220082      0.035493
  565.0     17.592031      0.152692      4.194277      0.018280
  570.0     17.340013      0.126506      4.164155      0.015211
  575.0     17.043917      0.100303      4.128445      0.012119
  580.0     16.728918      0.069415      4.090109      0.008475
  585.0     16.425632      0.052451      4.052854      0.006480
  590.0     16.153407      0.045077      4.019133      0.005613
  595.0     15.925451      0.039185      3.990675      0.004908
  600.0     15.741674      0.034502      3.967580      0.004346
  605.0     15.595812      0.032207      3.949161      0.004077
  610.0     15.470214      0.031453      3.933223      0.003999
  615.0     15.349415      0.031049      3.917831      0.003963
  620.0     15.238078      0.030448      3.903600      0.003900
  625.0     15.141389      0.029373      3.891202      0.003774
  630.0     15.046499      0.027969      3.878985      0.003605
  635.0     14.940941      0.026458      3.865348      0.003422
  640.0     14.831818      0.024952      3.851210      0.003239
  645.0     14.727552      0.023498      3.837656      0.003061
  650.0     14.622257      0.021987      3.823909      0.002875
  655.0     14.511256      0.020359      3.809360      0.002672
  660.0     14.409010      0.018896      3.795921      0.002489
  665.0     14.327786      0.017858      3.785214      0.002359
  670.0     14.251941      0.017067      3.775177      0.002260
  675.0     14.165278      0.016193      3.763676      0.002151
  680.0     14.077298      0.014745      3.751973      0.001965
  685.0     13.999925      0.012441      3.741650      0.001662
  690.0     13.929076      0.010010      3.732168      0.001341
  695.0     13.858364      0.008221      3.722681      0.001104
  700.0     13.788180      0.007003      3.713244      0.000943
  705.0     13.720171      0.006120      3.704076      0.000826
  710.0     13.654236      0.005506      3.695164      0.000745
  715.0     13.589950      0.005129      3.686455      0.000696
  720.0     13.527360      0.004906      3.677956      0.000667
  725.0     13.466595      0.004749      3.669686      0.000647
  730.0     13.407658      0.004592      3.661647      0.000627
  735.0     13.350513      0.004385      3.653835      0.000600
  740.0     13.295095      0.004128      3.646244      0.000566
  745.0     13.241331      0.003835      3.638864      0.000527
  750.0     13.189143      0.003523      3.631686      0.000485
  755.0     13.138455      0.003210      3.624701      0.000443
  760.0     13.089193      0.002909      3.617899      0.000402
  765.0     13.041281      0.002632      3.611271      0.000364
  770.0     12.994641      0.002401      3.604808      0.000333
  775.0     12.949198      0.002233      3.598499      0.000310
  780.0     12.904899      0.002127      3.592339      0.000296
  785.0     12.861699      0.002078      3.586321      0.000290
  790.0     12.819565      0.002077      3.580442      0.000290
  795.0     12.778467      0.002112      3.574698      0.000295
  800.0     12.738375      0.002170      3.569086      0.000304
  805.0     12.699260      0.002236      3.563602      0.000314
  810.0     12.661093      0.002299      3.558243      0.000323
  815.0     12.623843      0.002348      3.553005      0.000330
  820.0     12.587481      0.002370      3.547884      0.000334
  825.0     12.551979      0.002352      3.542877      0.000332
  830.0     12.517309      0.002286      3.537981      0.000323
  835.0     12.483444      0.002170      3.533192      0.000307
  840.0     12.450362      0.002011      3.528507      0.000285
  845.0     12.418045      0.001818      3.523925      0.000258
  850.0     12.386472      0.001598      3.519442      0.000227
  855.0     12.355624      0.001361      3.515057      0.000194
  860.0     12.325478      0.001116      3.510766      0.000159
  865.0     12.296009      0.000872      3.506567      0.000124
  870.0     12.267198      0.000630      3.502456      0.000090
  875.0     12.239026      0.000394      3.498432      0.000056
  880.0     12.211474      0.000196      3.494492      0.000028
  885.0     12.184522      0.000065      3.490634      0.000009
  890.0     12.158151      0.000000      3.486854      0.000000
  895.0     12.132341      0.000000      3.483151      0.000000
  900.0     12.107080      0.000000      3.479523      0.000000
  905.0     12.082354      0.000003      3.475968      0.000000
  910.0     12.058145      0.000000      3.472484      0.000000
  915.0     12.034436      0.000000      3.469068      0.000000
  920.0     12.011215      0.000000      3.465720      0.000000
  925.0     11.988471      0.000000      3.462437      0.000000
  930.0     11.966189      0.000000      3.459218      0.000000
  935.0     11.944350      0.000000      3.456060      0.000000
  940.0     11.922940      0.000000      3.452961      0.000000
  945.0     11.901943      0.000000      3.449919      0.000000
  950.0     11.881347      0.000000      3.446933      0.000000
  955.0     11.861141      0.000000      3.444001      0.000000
  960.0     11.841314      0.000000      3.441121      0.000000
  965.0     11.821853      0.000000      3.438292      0.000000
  970.0     11.802750      0.000000      3.435513      0.000000
  975.0     11.783998      0.000000      3.432783      0.000000
  980.0     11.765593      0.000000      3.430101      0.000000
  985.0     11.747529      0.000000      3.427467      0.000000
  990.0     11.729796      0.000000      3.424879      0.000000
  995.0     11.712385      0.000000      3.422336      0.000000
 1000.0     11.695292      0.000000      3.419838      0.000000
 1005.0     11.678511      0.000000      3.417384      0.000000
 1010.0     11.662034      0.000000      3.414972      0.000000
 1015.0     11.645850      0.000000      3.412602      0.000000
 1020.0     11.629955      0.000000      3.410272      0.000000
 1025.0     11.614344      0.000000      3.407982      0.000000
 1030.0     11.599010      0.000000      3.405732      0.000000
 1035.0     11.583945      0.000000      3.403519      0.000000
 1040.0     11.569141      0.000000      3.401344      0.000000
 1045.0     11.554593      0.000000      3.399205      0.000000
 1050.0     11.540295      0.000000      3.397101      0.000000
 1055.0     11.526244      0.000000      3.395032      0.000000
 1060.0     11.512435      0.000000      3.392998      0.000000
 1065.0     11.498863      0.000000      3.390997      0.000000
 1070.0     11.485524      0.000000      3.389030      0.000000
 1075.0     11.472411      0.000000      3.387095      0.000000
 1080.0     11.459518      0.000000      3.385191      0.000000
 1085.0     11.446837      0.000000      3.383318      0.000000
 1090.0     11.434366      0.000000      3.381474      0.000000
 1095.0     11.422102      0.000000      3.379660      0.000000
 1100.0     11.410040      0.000000      3.377875      0.000000
 1105.0     11.398172      0.000000      3.376118      0.000000
 1110.0     11.386494      0.000000      3.374388      0.000000
 1115.0     11.375001      0.000000      3.372685      0.000000
 1120.0     11.363688      0.000000      3.371007      0.000000
 1125.0     11.352548      0.000000      3.369354      0.000000
 1130.0     11.341578      0.000000      3.367726      0.000000
 1135.0     11.330775      0.000000      3.366122      0.000000
 1140.0     11.320136      0.000000      3.364541      0.000000
 1145.0     11.309658      0.000000      3.362984      0.000000
 1150.0     11.299339      0.000000      3.361449      0.000000
 1155.0     11.289176      0.000000      3.359937      0.000000
 1160.0     11.279166      0.000000      3.358447      0.000000
 1165.0     11.269307      0.000000      3.356979      0.000000
 1170.0     11.259595      0.000000      3.355532      0.000000
 1175.0     11.250025      0.000000      3.354106      0.000000
 1180.0     11.240597      0.000000      3.352700      0.000000
 1185.0     11.231309      0.000000      3.351315      0.000000
 1190.0     11.222158      0.000000      3.349949      0.000000
 1195.0     11.213138      0.000000      3.348602      0.000000
 1200.0     11.204250      0.000000      3.347275      0.000000
 1205.0     11.195494      0.000000      3.345967      0.000000
 1210.0     11.186864      0.000000      3.344677      0.000000
 1215.0     11.178356      0.000000      3.343405      0.000000
 1220.0     11.169967      0.000000      3.342150      0.000000
 1225.0     11.161697      0.000000      3.340913      0.000000
 1230.0     11.153543      0.000000      3.339692      0.000000
 1235.0     11.145502      0.000000      3.338488      0.000000
 1240.0     11.137571      0.000000      3.337300      0.000000
 1245.0     11.129749      0.000000      3.336128      0.000000
 1250.0     11.122032      0.000000      3.334971      0.000000
 1255.0     11.114419      0.000000      3.333829      0.000000
 1260.0     11.106909      0.000000      3.332703      0.000000
 1265.0     11.099500      0.000000      3.331591      0.000000
 1270.0     11.092190      0.000000      3.330494      0.000000
 1275.0     11.084977      0.000000      3.329411      0.000000
 1280.0     11.077860      0.000000      3.328342      0.000000
 1285.0     11.070839      0.000000      3.327287      0.000000
 1290.0     11.063912      0.000000      3.326246      0.000000
 1295.0     11.057074      0.000000      3.325218      0.000000
 1300.0     11.050326      0.000000      3.324203      0.000000
 1305.0     11.043666      0.000000      3.323201      0.000000
 1310.0     11.037093      0.000000      3.322212      0.000000
 1315.0     11.030605      0.000000      3.321235      0.000000
 1320.0     11.024200      0.000000      3.320271      0.000000
 1325.0     11.017877      0.000000      3.319319      0.000000
 1330.0     11.011633      0.000000      3.318378      0.000000
 1335.0     11.005467      0.000000      3.317449      0.000000
 1340.0     10.999378      0.000000      3.316531      0.000000
 1345.0     10.993363      0.000000      3.315624      0.000000
 1350.0     10.987422      0.000000      3.314728      0.000000
 1355.0     10.981554      0.000000      3.313843      0.000000
 1360.0     10.975757      0.000000      3.312968      0.000000
 1365.0     10.970027      0.000000      3.312103      0.000000
 1370.0     10.964363      0.000000      3.311248      0.000000
 1375.0     10.958766      0.000000      3.310403      0.000000
 1380.0     10.953234      0.000000      3.309567      0.000000
 1385.0     10.947764      0.000000      3.308740      0.000000
 1390.0     10.942355      0.000000      3.307923      0.000000
 1395.0     10.937007      0.000000      3.307115      0.000000
 1400.0     10.931719      0.000000      3.306315      0.000000
 1405.0     10.926492      0.000000      3.305525      0.000000
 1410.0     10.921326      0.000000      3.304743      0.000000
 1415.0     10.916220      0.000000      3.303970      0.000000
 1420.0     10.911170      0.000000      3.303206      0.000000
 1425.0     10.906175      0.000000      3.302450      0.000000
 1430.0     10.901236      0.000000      3.301702      0.000000
 1435.0     10.896356      0.000000      3.300963      0.000000
 1440.0     10.891531      0.000000      3.300232      0.000000
 1445.0     10.886757      0.000000      3.299509      0.000000
 1450.0     10.882035      0.000000      3.298793      0.000000
 1455.0     10.877368      0.000000      3.298086      0.000000
 1460.0     10.872754      0.000000      3.297386      0.000000
 1465.0     10.868189      0.000000      3.296694      0.000000
 1470.0     10.863675      0.000000      3.296009      0.000000
 1475.0     10.859215      0.000000      3.295332      0.000000
 1480.0     10.854804      0.000000      3.294663      0.000000
 1485.0     10.850439      0.000000      3.294001      0.000000
 1490.0     10.846121      0.000000      3.293345      0.000000
 1495.0     10.841850      0.000000      3.292696      0.000000
 1500.0     10.837626      0.000000      3.292055      0.000000
 1505.0     10.833450      0.000000      3.291421      0.000000
 1510.0     10.829319      0.000000      3.290793      0.000000
 1515.0     10.825230      0.000000      3.290172      0.000000
 1520.0     10.821185      0.000000      3.289557      0.000000
 1525.0     10.817185      0.000000      3.288949      0.000000
 1530.0     10.813226      0.000000      3.288347      0.000000
 1535.0     10.809306      0.000000      3.287751      0.000000
 1540.0     10.805427      0.000000      3.287161      0.000000
 1545.0     10.801591      0.000000      3.286577      0.000000
 1550.0     10.797796      0.000000      3.286000      0.000000
 1555.0     10.794038      0.000000      3.285428      0.000000
 1560.0     10.790318      0.000000      3.284862      0.000000
 1565.0     10.786637      0.000000      3.284302      0.000000
 1570.0     10.782994      0.000000      3.283747      0.000000
 1575.0     10.779388      0.000000      3.283198      0.000000
 1580.0     10.775817      0.000000      3.282654      0.000000
 1585.0     10.772280      0.000000      3.282115      0.000000
 1590.0     10.768780      0.000000      3.281582      0.000000
 1595.0     10.765321      0.000000      3.281055      0.000000
 1600.0     10.761897      0.000000      3.280533      0.000000
 1605.0     10.758502      0.000000      3.280015      0.000000
 1610.0     10.755140      0.000000      3.279503      0.000000
 1615.0     10.751817      0.000000      3.278996      0.000000
 1620.0     10.748529      0.000000      3.278495      0.000000
 1625.0     10.745272      0.000000      3.277998      0.000000
 1630.0     10.742046      0.000000      3.277506      0.000000
 1635.0     10.738850      0.000000      3.277018      0.000000
 1640.0     10.735688      0.000000      3.276536      0.000000
 1645.0     10.732561      0.000000      3.276059      0.000000
 1650.0     10.729464      0.000000      3.275586      0.000000
 1655.0     10.726393      0.000000      3.275117      0.000000
 1660.0     10.723352      0.000000      3.274653      0.000000
 1665.0     10.720344      0.000000      3.274194      0.000000
 1670.0     10.717367      0.000000      3.273739      0.000000
 1675.0     10.714417      0.000000      3.273288      0.000000
 1680.0     10.711495      0.000000      3.272842      0.000000
 1685.0     10.708601      0.000000      3.272400      0.000000
 1690.0     10.705735      0.000000      3.271962      0.000000
 1695.0     10.702899      0.000000      3.271529      0.000000
 1700.0     10.700089      0.000000      3.271099      0.000000
 1705.0     10.697303      0.000000      3.270673      0.000000
 1710.0     10.694542      0.000000      3.270251      0.000000
 1715.0     10.691809      0.000000      3.269833      0.000000
 1720.0     10.689101      0.000000      3.269419      0.000000
 1725.0     10.686418      0.000000      3.269009      0.000000
 1730.0     10.683759      0.000000      3.268602      0.000000
 1735.0     10.681126      0.000000      3.268199      0.000000
 1740.0     10.678517      0.000000      3.267800      0.000000
 1745.0     10.675931      0.000000      3.267404      0.000000
 1750.0     10.673367      0.000000      3.267012      0.000000
 1755.0     10.670825      0.000000      3.266623      0.000000
 1760.0     10.668304      0.000000      3.266237      0.000000
 1765.0     10.665805      0.000000      3.265854      0.000000
 1770.0     10.663327      0.000000      3.265475      0.000000
 1775.0     10.660870      0.000000      3.265099      0.000000
 1780.0     10.658436      0.000000      3.264726      0.000000
 1785.0     10.656024      0.000000      3.264357      0.000000
 1790.0     10.653631      0.000000      3.263990      0.000000
 1795.0     10.651255      0.000000      3.263626      0.000000
 1800.0     10.648898      0.000000      3.263265      0.000000
 1805.0     10.646565      0.000000      3.262907      0.000000
 1810.0     10.644252      0.000000      3.262553      0.000000
 1815.0     10.641956      0.000000      3.262201      0.000000
 1820.0     10.639678      0.000000      3.261852      0.000000
 1825.0     10.637421      0.000000      3.261506      0.000000
 1830.0     10.635184      0.000000      3.261163      0.000000
 1835.0     10.632968      0.000000      3.260823      0.000000
 1840.0     10.630769      0.000000      3.260486      0.000000
 1845.0     10.628586      0.000000      3.260151      0.000000
 1850.0     10.626420      0.000000      3.259819      0.000000
 1855.0     10.624272      0.000000      3.259490      0.000000
 1860.0     10.622143      0.000000      3.259163      0.000000
 1865.0     10.620032      0.000000      3.258839      0.000000
 1870.0     10.617940      0.000000      3.258518      0.000000
 1875.0     10.615865      0.000000      3.258200      0.000000
 1880.0     10.613808      0.000000      3.257884      0.000000
 1885.0     10.611767      0.000000      3.257571      0.000000
 1890.0     10.609743      0.000000      3.257260      0.000000
 1895.0     10.607735      0.000000      3.256952      0.000000
 1900.0     10.605743      0.000000      3.256646      0.000000
 1905.0     10.603768      0.000000      3.256343      0.000000
 1910.0     10.601810      0.000000      3.256042      0.000000
 1915.0     10.599868      0.000000      3.255744      0.000000
 1920.0     10.597942      0.000000      3.255448      0.000000
 1925.0     10.596030      0.000000      3.255154      0.000000
 1930.0     10.594133      0.000000      3.254863      0.000000
 1935.0     10.592250      0.000000      3.254574      0.000000
 1940.0     10.590384      0.000000      3.254287      0.000000
 1945.0     10.588535      0.000000      3.254003      0.000000
 1950.0     10.586700      0.000000      3.253721      0.000000
 1955.0     10.584877      0.000000      3.253441      0.000000
 1960.0     10.583070      0.000000      3.253163      0.000000
 1965.0     10.581280      0.000000      3.252888      0.000000
 1970.0     10.579504      0.000000      3.252615      0.000000
 1975.0     10.577738      0.000000      3.252344      0.000000
 1980.0     10.575985      0.000000      3.252074      0.000000
 1985.0     10.574248      0.000000      3.251807      0.000000
 1990.0     10.572525      0.000000      3.251542      0.000000
 1995.0     10.570815      0.000000      3.251279      0.000000
 2000.0     10.569118      0.000000      3.251018      0.000000
 2005.0     10.567434      0.000000      3.250759      0.000000
 2010.0     10.565763      0.000000      3.250502      0.000000
 2015.0     10.564103      0.000000      3.250247      0.000000
 2020.0     10.562455      0.000000      3.249993      0.000000
 2025.0     10.560820      0.000000      3.249741      0.000000
 2030.0     10.559198      0.000000      3.249492      0.000000
 2035.0     10.557591      0.000000      3.249245      0.000000
 2040.0     10.555995      0.000000      3.248999      0.000000
 2045.0     10.554407      0.000000      3.248755      0.000000
 2050.0     10.552830      0.000000      3.248512      0.000000
 2055.0     10.551265      0.000000      3.248271      0.000000
 2060.0     10.549712      0.000000      3.248032      0.000000
 2065.0     10.548170      0.000000      3.247795      0.000000
 2070.0     10.546639      0.000000      3.247559      0.000000
 2075.0     10.545118      0.000000      3.247325      0.000000
 2080.0     10.543606      0.000000      3.247092      0.000000
 2085.0     10.542104      0.000000      3.246861      0.000000
 2090.0     10.540613      0.000000      3.246631      0.000000
 2095.0     10.539134      0.000000      3.246403      0.000000
 2100.0     10.537665      0.000000      3.246177      0.000000
 2105.0     10.536206      0.000000      3.245952      0.000000
 2110.0     10.534757      0.000000      3.245729      0.000000
 2115.0     10.533317      0.000000      3.245507      0.000000
 2120.0     10.531888      0.000000      3.245287      0.000000
 2125.0     10.530472      0.000000      3.245069      0.000000
 2130.0     10.529065      0.000000      3.244852      0.000000
 2135.0     10.527665      0.000000      3.244636      0.000000
 2140.0     10.526274      0.000000      3.244422      0.000000
 2145.0     10.524894      0.000000      3.244209      0.000000
 2150.0     10.523523      0.000000      3.243998      0.000000
 2155.0     10.522159      0.000000      3.243788      0.000000
 2160.0     10.520805      0.000000      3.243579      0.000000
 2165.0     10.519463      0.000000      3.243372      0.000000
 2170.0     10.518132      0.000000      3.243167      0.000000
 2175.0     10.516808      0.000000      3.242963      0.000000
 2180.0     10.515492      0.000000      3.242760      0.000000
 2185.0     10.514184      0.000000      3.242558      0.000000
 2190.0     10.512885      0.000000      3.242358      0.000000
 2195.0     10.511597      0.000000      3.242159      0.000000
 2200.0     10.510318      0.000000      3.241962      0.000000
 2205.0     10.509047      0.000000      3.241766      0.000000
 2210.0     10.507783      0.000000      3.241571      0.000000
 2215.0     10.506527      0.000000      3.241377      0.000000
 2220.0     10.505280      0.000000      3.241185      0.000000
 2225.0     10.504045      0.000000      3.240994      0.000000
 2230.0     10.502817      0.000000      3.240805      0.000000
 2235.0     10.501594      0.000000      3.240616      0.000000
 2240.0     10.500380      0.000000      3.240429      0.000000
 2245.0     10.499177      0.000000      3.240243      0.000000
 2250.0     10.497982      0.000000      3.240059      0.000000
 2255.0     10.496793      0.000000      3.239875      0.000000
 2260.0     10.495611      0.000000      3.239693      0.000000
 2265.0     10.494437      0.000000      3.239512      0.000000
 2270.0     10.493272      0.000000      3.239332      0.000000
 2275.0     10.492116      0.000000      3.239153      0.000000
 2280.0     10.490966      0.000000      3.238976      0.000000
 2285.0     10.489822      0.000000      3.238799      0.000000
 2290.0     10.488685      0.000000      3.238624      0.000000
 2295.0     10.487558      0.000000      3.238450      0.000000
 2300.0     10.486438      0.000000      3.238277      0.000000
 2305.0     10.485324      0.000000      3.238105      0.000000
 2310.0     10.484217      0.000000      3.237934      0.000000
 2315.0     10.483119      0.000000      3.237764      0.000000
 2320.0     10.482028      0.000000      3.237596      0.000000
 2325.0     10.480943      0.000000      3.237429      0.000000
 2330.0     10.479865      0.000000      3.237262      0.000000
 2335.0     10.478794      0.000000      3.237096      0.000000
 2340.0     10.477729      0.000000      3.236932      0.000000
 2345.0     10.476670      0.000000      3.236769      0.000000
 2350.0     10.475618      0.000000      3.236606      0.000000
 2355.0     10.474573      0.000000      3.236444      0.000000
 2360.0     10.473534      0.000000      3.236284      0.000000
 2365.0     10.472502      0.000000      3.236125      0.000000
 2370.0     10.471476      0.000000      3.235966      0.000000
 2375.0     10.470457      0.000000      3.235808      0.000000
 2380.0     10.469444      0.000000      3.235652      0.000000
 2385.0     10.468438      0.000000      3.235497      0.000000
 2390.0     10.467438      0.000000      3.235342      0.000000
 2395.0     10.466442      0.000000      3.235188      0.000000
 2400.0     10.465451      0.000000      3.235035      0.000000
 2405.0     10.464468      0.000000      3.234883      0.000000
 2410.0     10.463491      0.000000      3.234732      0.000000
 2415.0     10.462518      0.000000      3.234582      0.000000
 2420.0     10.461550      0.000000      3.234432      0.000000
 2425.0     10.460586      0.000000      3.234283      0.000000
 2430.0     10.459629      0.000000      3.234135      0.000000
 2435.0     10.458679      0.000000      3.233988      0.000000
 2440.0     10.457734      0.000000      3.233842      0.000000
 2445.0     10.456794      0.000000      3.233697      0.000000
 2450.0     10.455859      0.000000      3.233552      0.000000
 2455.0     10.454929      0.000000      3.233408      0.000000
 2460.0     10.454003      0.000000      3.233265      0.000000
 2465.0     10.453082      0.000000      3.233123      0.000000
 2470.0     10.452166      0.000000      3.232981      0.000000
 2475.0     10.451255      0.000000      3.232840      0.000000
 2480.0     10.450349      0.000000      3.232700      0.000000
 2485.0     10.449449      0.000000      3.232561      0.000000
 2490.0     10.448552      0.000000      3.232422      0.000000
 2495.0     10.447657      0.000000      3.232284      0.000000
 2500.0     10.446768      0.000000      3.232146      0.000000
 2505.0     10.445887      0.000000      3.232010      0.000000
 2510.0     10.445010      0.000000      3.231874      0.000000
 2515.0     10.444135      0.000000      3.231739      0.000000
 2520.0     10.443264      0.000000      3.231604      0.000000
 2525.0     10.442399      0.000000      3.231470      0.000000
 2530.0     10.441539      0.000000      3.231337      0.000000
 2535.0     10.440684      0.000000      3.231205      0.000000
 2540.0     10.439833      0.000000      3.231073      0.000000
 2545.0     10.438985      0.000000      3.230942      0.000000
 2550.0     10.438140      0.000000      3.230811      0.000000
 2555.0     10.437300      0.000000      3.230681      0.000000
 2560.0     10.436466      0.000000      3.230552      0.000000
 2565.0     10.435637      0.000000      3.230424      0.000000
 2570.0     10.434812      0.000000      3.230296      0.000000
 2575.0     10.433989      0.000000      3.230169      0.000000
 2580.0     10.433171      0.000000      3.230042      0.000000
 2585.0     10.432358      0.000000      3.229916      0.000000
 2590.0     10.431550      0.000000      3.229791      0.000000
 2595.0     10.430744      0.000000      3.229666      0.000000
 2600.0     10.429942      0.000000      3.229542      0.000000
 2605.0     10.429145      0.000000      3.229419      0.000000
 2610.0     10.428353      0.000000      3.229296      0.000000
 2615.0     10.427566      0.000000      3.229174      0.000000
 2620.0     10.426783      0.000000      3.229053      0.000000
 2625.0     10.426003      0.000000      3.228932      0.000000
 2630.0     10.425227      0.000000      3.228812      0.000000
 2635.0     10.424454      0.000000      3.228692      0.000000
 2640.0     10.423684      0.000000      3.228573      0.000000
 2645.0     10.422919      0.000000      3.228455      0.000000
 2650.0     10.422160      0.000000      3.228337      0.000000
 2655.0     10.421405      0.000000      3.228220      0.000000
 2660.0     10.420655      0.000000      3.228104      0.000000
 2665.0     10.419908      0.000000      3.227988      0.000000
 2670.0     10.419164      0.000000      3.227873      0.000000
 2675.0     10.418423      0.000000      3.227758      0.000000
 2680.0     10.417686      0.000000      3.227644      0.000000
 2685.0     10.416954      0.000000      3.227531      0.000000
 2690.0     10.416227      0.000000      3.227418      0.000000
 2695.0     10.415502      0.000000      3.227306      0.000000
 2700.0     10.414781      0.000000      3.227194      0.000000
 2705.0     10.414063      0.000000      3.227083      0.000000
 2710.0     10.413348      0.000000      3.226972      0.000000
 2715.0     10.412636      0.000000      3.226862      0.000000
 2720.0     10.411928      0.000000      3.226752      0.000000
 2725.0     10.411225      0.000000      3.226643      0.000000
 2730.0     10.410528      0.000000      3.226535      0.000000
 2735.0     10.409836      0.000000      3.226428      0.000000
 2740.0     10.409147      0.000000      3.226321      0.000000
 2745.0     10.408458      0.000000      3.226214      0.000000
 2750.0     10.407773      0.000000      3.226108      0.000000
 2755.0     10.407094      0.000000      3.226003      0.000000
 2760.0     10.406418      0.000000      3.225898      0.000000
 2765.0     10.405742      0.000000      3.225793      0.000000
 2770.0     10.405070      0.000000      3.225689      0.000000
 2775.0     10.404403      0.000000      3.225586      0.000000
 2780.0     10.403741      0.000000      3.225483      0.000000
 2785.0     10.403081      0.000000      3.225381      0.000000
 2790.0     10.402425      0.000000      3.225279      0.000000
 2795.0     10.401775      0.000000      3.225178      0.000000
 2800.0     10.401128      0.000000      3.225078      0.000000
 2805.0     10.400481      0.000000      3.224978      0.000000
 2810.0     10.399838      0.000000      3.224878      0.000000
 2815.0     10.399201      0.000000      3.224779      0.000000
 2820.0     10.398568      0.000000      3.224681      0.000000
 2825.0     10.397934      0.000000      3.224583      0.000000
 2830.0     10.397304      0.000000      3.224485      0.000000
 2835.0     10.396680      0.000000      3.224388      0.000000
 2840.0     10.396059      0.000000      3.224292      0.000000
 2845.0     10.395438      0.000000      3.224196      0.000000
 2850.0     10.394821      0.000000      3.224100      0.000000
 2855.0     10.394210      0.000000      3.224005      0.000000
 2860.0     10.393602      0.000000      3.223911      0.000000
 2865.0     10.392994      0.000000      3.223817      0.000000
 2870.0     10.392390      0.000000      3.223723      0.000000
 2875.0     10.391792      0.000000      3.223630      0.000000
 2880.0     10.391197      0.000000      3.223538      0.000000
 2885.0     10.390603      0.000000      3.223446      0.000000
 2890.0     10.390011      0.000000      3.223354      0.000000
 2895.0     10.389423      0.000000      3.223263      0.000000
 2900.0     10.388838      0.000000      3.223172      0.000000
 2905.0     10.388256      0.000000      3.223082      0.000000
 2910.0     10.387677      0.000000      3.222992      0.000000
 2915.0     10.387102      0.000000      3.222903      0.000000
 2920.0     10.386530      0.000000      3.222814      0.000000
 2925.0     10.385961      0.000000      3.222726      0.000000
 2930.0     10.385396      0.000000      3.222638      0.000000
 2935.0     10.384834      0.000000      3.222551      0.000000
 2940.0     10.384274      0.000000      3.222464      0.000000
 2945.0     10.383715      0.000000      3.222377      0.000000
 2950.0     10.383159      0.000000      3.222291      0.000000
 2955.0     10.382606      0.000000      3.222205      0.000000
 2960.0     10.382057      0.000000      3.222120      0.000000
 2965.0     10.381511      0.000000      3.222035      0.000000
 2970.0     10.380968      0.000000      3.221951      0.000000
 2975.0     10.380429      0.000000      3.221867      0.000000
 2980.0     10.379892      0.000000      3.221784      0.000000
 2985.0     10.379356      0.000000      3.221701      0.000000
 2990.0     10.378823      0.000000      3.221618      0.000000
 2995.0     10.378293      0.000000      3.221536      0.000000
 3000.0     10.377766      0.000000      3.221454      0.000000
 3050.0     10.372638      0.000000      3.220658      0.000000
 3100.0     10.367756      0.000000      3.219900      0.000000
 3150.0     10.363105      0.000000      3.219178      0.000000
 3200.0     10.358665      0.000000      3.218488      0.000000
 3250.0     10.354418      0.000000      3.217828      0.000000
 3300.0     10.350344      0.000000      3.217195      0.000000
 3350.0     10.346425      0.000000      3.216586      0.000000
 3400.0     10.342643      0.000000      3.215998      0.000000
 3450.0     10.338982      0.000000      3.215429      0.000000
 3500.0     10.335421      0.000000      3.214875      0.000000
 3550.0     10.331940      0.000000      3.214334      0.000000
 3600.0     10.328523      0.000000      3.213802      0.000000
 3650.0     10.325152      0.000000      3.213277      0.000000
 3700.0     10.321808      0.000000      3.212757      0.000000
 3750.0     10.318472      0.000000      3.212238      0.000000
 3800.0     10.315126      0.000000      3.211717      0.000000
 3850.0     10.311755      0.000000      3.211192      0.000000
 3900.0     10.308338      0.000000      3.210660      0.000000
 3950.0     10.304856      0.000000      3.210118      0.000000
 4000.0     10.301288      0.000000      3.209562      0.000000
 4050.0     10.297614      0.000000      3.208990      0.000000
 4100.0     10.293814      0.000000      3.208398      0.000000
