#Lambda        Dielectric Constant          Refractive Index
# [nm]        [Real]        [Imag]        [Real]        [Imag]
  188.0      0.229482      3.044468      1.281140      1.188206
  189.0      0.252334      3.078574      1.292581      1.190978
  190.0      0.272070      3.115480      1.303773      1.194893
  191.0      0.287898      3.153410      1.314251      1.199737
  192.0      0.299029      3.190587      1.323547      1.205295
  193.0      0.304672      3.225237      1.331196      1.211351
  194.0      0.304037      3.255583      1.336731      1.217690
  195.0      0.296332      3.279851      1.339686      1.224097
  196.0      0.280994      3.296568      1.339696      1.230376
  197.0      0.259799      3.307412      1.337442      1.236537
  198.0      0.235901      3.315917      1.334222      1.242706
  199.0      0.212473      3.325640      1.331343      1.249013
  200.0      0.192689      3.340140      1.330110      1.255588
  201.0      0.177885      3.360326      1.330961      1.262368
  202.0      0.163087      3.379069      1.331557      1.268841
  203.0      0.144545      3.393777      1.330676      1.275208
  204.0      0.117152      3.396531      1.325840      1.280898
  205.0      0.082465      3.392717      1.318367      1.286712
  206.0      0.043796      3.388705      1.310111      1.293289
  207.0      0.003798      3.388650      1.302392      1.300933
  208.0     -0.030374      3.400159      1.298060      1.309708
  209.0     -0.059658      3.421784      1.296658      1.319462
  210.0     -0.086578      3.449064      1.296837      1.329799
  211.0     -0.111085      3.479583      1.298128      1.340231
  212.0     -0.133236      3.510725      1.300003      1.350275
  213.0     -0.156674      3.534158      1.300184      1.359100
  214.0     -0.178818      3.556356      1.300391      1.367418
  215.0     -0.200851      3.577587      1.300456      1.375513
  216.0     -0.223959      3.598121      1.300216      1.383662
  217.0     -0.247814      3.618419      1.299823      1.391889
  218.0     -0.272409      3.638673      1.299316      1.400226
  219.0     -0.297011      3.658999      1.298850      1.408553
  220.0     -0.319914      3.679643      1.298770      1.416587
  221.0     -0.339415      3.700848      1.299416      1.424043
  222.0     -0.355819      3.724483      1.301081      1.431304
  223.0     -0.369348      3.749779      1.303568      1.438276
  224.0     -0.381142      3.774648      1.306273      1.444816
  225.0     -0.393817      3.798236      1.308583      1.451278
  226.0     -0.409989      3.819691      1.309894      1.458016
  227.0     -0.431798      3.835339      1.309155      1.464815
  228.0     -0.458529      3.847678      1.306976      1.471977
  229.0     -0.487699      3.859325      1.304285      1.479479
  230.0     -0.516747      3.871753      1.301794      1.487083
  231.0     -0.543112      3.886434      1.300209      1.494542
  232.0     -0.562743      3.907945      1.301059      1.501832
  233.0     -0.576537      3.934567      1.303849      1.508827
  234.0     -0.587038      3.963494      1.307611      1.515548
  235.0     -0.595944      3.993569      1.311839      1.522126
  236.0     -0.604957      4.023635      1.316036      1.528695
  237.0     -0.615776      4.052536      1.319711      1.535387
  238.0     -0.633926      4.074145      1.320841      1.542254
  239.0     -0.655363      4.093553      1.321045      1.549362
  240.0     -0.678817      4.112086      1.320780      1.556688
  241.0     -0.703430      4.130558      1.320340      1.564202
  242.0     -0.728341      4.149784      1.320014      1.571871
  243.0     -0.752305      4.171549      1.320329      1.579739
  244.0     -0.774627      4.197111      1.321622      1.587864
  245.0     -0.796554      4.224173      1.323266      1.596116
  246.0     -0.818633      4.252289      1.325092      1.604526
  247.0     -0.841413      4.281007      1.326932      1.613122
  248.0     -0.865440      4.309881      1.328622      1.621936
  249.0     -0.891261      4.338460      1.330000      1.631000
  250.0     -0.919377      4.361630      1.330056      1.639642
  251.0     -0.949291      4.384618      1.329833      1.648559
  252.0     -0.980461      4.407987      1.329521      1.657735
  253.0     -1.012343      4.432295      1.329303      1.667150
  254.0     -1.044394      4.458107      1.329363      1.676783
  255.0     -1.076070      4.485981      1.329881      1.686610
  256.0     -1.103860      4.517276      1.331603      1.696180
  257.0     -1.130128      4.551012      1.333999      1.705778
  258.0     -1.155324      4.586568      1.336884      1.715395
  259.0     -1.179406      4.623470      1.340172      1.724954
  260.0     -1.202332      4.661241      1.343778      1.734379
  261.0     -1.224058      4.699408      1.347618      1.743598
  262.0     -1.244338      4.735566      1.351293      1.752236
  263.0     -1.263033      4.768592      1.354620      1.760122
  264.0     -1.280417      4.801645      1.358127      1.767746
  265.0     -1.296460      4.835001      1.361863      1.775142
  266.0     -1.311131      4.868941      1.365880      1.782346
  267.0     -1.324399      4.903742      1.370227      1.789391
  268.0     -1.336233      4.939683      1.374953      1.796310
  269.0     -1.346584      4.977129      1.380125      1.803144
  270.0     -1.354583      5.020375      1.386601      1.810317
  271.0     -1.361013      5.064602      1.393426      1.817319
  272.0     -1.365803      5.109117      1.400486      1.824051
  273.0     -1.368881      5.153223      1.407667      1.830412
  274.0     -1.370176      5.196226      1.414861      1.836303
  275.0     -1.369615      5.237429      1.421959      1.841625
  276.0     -1.367128      5.276137      1.428855      1.846281
  277.0     -1.365401      5.312985      1.435310      1.850815
  278.0     -1.362561      5.346873      1.441387      1.854766
  279.0     -1.358467      5.377654      1.447086      1.858097
  280.0     -1.353529      5.405437      1.452376      1.860894
  281.0     -1.348163      5.430333      1.457227      1.863242
  282.0     -1.342780      5.452451      1.461605      1.865227
  283.0     -1.337792      5.471902      1.465481      1.866930
  284.0     -1.333614      5.488795      1.468821      1.868435
  285.0     -1.330308      5.504552      1.471855      1.869937
  286.0     -1.327886      5.519078      1.474566      1.871425
  287.0     -1.326093      5.532008      1.476929      1.872808
  288.0     -1.324459      5.543846      1.479088      1.874076
  289.0     -1.322511      5.555097      1.481189      1.875215
  290.0     -1.319775      5.566264      1.483376      1.876214
  291.0     -1.315780      5.577854      1.485794      1.877062
  292.0     -1.310052      5.590371      1.488584      1.877747
  293.0     -1.303025      5.608592      1.492471      1.878961
  294.0     -1.294639      5.631652      1.497315      1.880583
  295.0     -1.284755      5.655454      1.502463      1.882060
  296.0     -1.273969      5.679408      1.507742      1.883415
  297.0     -1.262872      5.702922      1.512978      1.884668
  298.0     -1.252060      5.725406      1.518000      1.885838
  299.0     -1.242126      5.746270      1.522639      1.886944
  300.0     -1.233663      5.764921      1.526725      1.888002
  301.0     -1.227293      5.780673      1.530070      1.889023
  302.0     -1.224312      5.790084      1.531959      1.889765
  303.0     -1.223515      5.796549      1.533094      1.890474
  304.0     -1.224459      5.800483      1.533599      1.891134
  305.0     -1.226700      5.802305      1.533600      1.891727
  306.0     -1.229795      5.802429      1.533220      1.892236
  307.0     -1.233302      5.801271      1.532582      1.892646
  308.0     -1.236775      5.799251      1.531811      1.892939
  309.0     -1.239773      5.796782      1.531030      1.893099
  310.0     -1.241851      5.794283      1.530362      1.893108
  311.0     -1.242542      5.794857      1.530365      1.893293
  312.0     -1.241597      5.805484      1.532183      1.894514
  313.0     -1.239486      5.816177      1.534161      1.895557
  314.0     -1.236650      5.826407      1.536156      1.896424
  315.0     -1.233534      5.835648      1.538028      1.897120
  316.0     -1.230580      5.843369      1.539636      1.897646
  317.0     -1.228233      5.849044      1.540840      1.898005
  318.0     -1.226936      5.852143      1.541499      1.898198
  319.0     -1.227133      5.852139      1.541473      1.898229
  320.0     -1.229266      5.848504      1.540621      1.898099
  321.0     -1.233903      5.837022      1.538199      1.897356
  322.0     -1.240979      5.818977      1.534414      1.896156
  323.0     -1.250033      5.797605      1.529837      1.894844
  324.0     -1.260695      5.773563      1.524616      1.893449
  325.0     -1.272598      5.747513      1.518900      1.891998
  326.0     -1.285373      5.720113      1.512842      1.890519
  327.0     -1.298652      5.692022      1.506592      1.889039
  328.0     -1.312068      5.663902      1.500304      1.887585
  329.0     -1.325251      5.636410      1.494132      1.886182
  330.0     -1.337833      5.610207      1.488234      1.884854
  331.0     -1.349447      5.585951      1.482766      1.883625
  332.0     -1.356803      5.566753      1.478667      1.882355
  333.0     -1.359066      5.553436      1.476186      1.881008
  334.0     -1.359836      5.542838      1.474342      1.879766
  335.0     -1.359147      5.534782      1.473104      1.878612
  336.0     -1.357029      5.529098      1.472441      1.877528
  337.0     -1.353516      5.525609      1.472320      1.876497
  338.0     -1.348640      5.524144      1.472710      1.875504
  339.0     -1.342432      5.524526      1.473577      1.874529
  340.0     -1.334926      5.526585      1.474889      1.873559
  341.0     -1.326154      5.530144      1.476614      1.872576
  342.0     -1.316147      5.535030      1.478718      1.871564
  343.0     -1.307571      5.539176      1.480514      1.870693
  344.0     -1.301021      5.542099      1.481847      1.869997
  345.0     -1.293656      5.545884      1.483427      1.869281
  346.0     -1.285732      5.550395      1.485199      1.868569
  347.0     -1.277500      5.555501      1.487110      1.867885
  348.0     -1.269215      5.561063      1.489102      1.867254
  349.0     -1.261130      5.566949      1.491120      1.866700
  350.0     -1.253500      5.573022      1.493110      1.866247
  351.0     -1.246578      5.579148      1.495015      1.865917
  352.0     -1.240617      5.585194      1.496781      1.865736
  353.0     -1.235872      5.591021      1.498351      1.865725
  354.0     -1.232595      5.596497      1.499672      1.865907
  355.0     -1.233805      5.599821      1.500054      1.866539
  356.0     -1.237903      5.601973      1.499869      1.867488
  357.0     -1.243693      5.603690      1.499392      1.868654
  358.0     -1.251115      5.605027      1.498641      1.870037
  359.0     -1.260107      5.606036      1.497632      1.871633
  360.0     -1.270608      5.606772      1.496385      1.873439
  361.0     -1.282559      5.607287      1.494914      1.875454
  362.0     -1.295897      5.607636      1.493240      1.877675
  363.0     -1.310563      5.607872      1.491377      1.880098
  364.0     -1.326494      5.608048      1.489345      1.882722
  365.0     -1.343631      5.608219      1.487161      1.885545
  366.0     -1.361913      5.608436      1.484842      1.888563
  367.0     -1.381279      5.608755      1.482406      1.891774
  368.0     -1.401324      5.609244      1.479918      1.895120
  369.0     -1.415776      5.610246      1.478234      1.897618
  370.0     -1.431007      5.611464      1.476490      1.900271
  371.0     -1.446838      5.612907      1.474711      1.903053
  372.0     -1.463091      5.614586      1.472922      1.905935
  373.0     -1.479586      5.616510      1.471146      1.908889
  374.0     -1.496148      5.618690      1.469409      1.911887
  375.0     -1.512597      5.621135      1.467735      1.914901
  376.0     -1.528755      5.623855      1.466148      1.917901
  377.0     -1.544444      5.626860      1.464671      1.920861
  378.0     -1.559486      5.630161      1.463329      1.923751
  379.0     -1.573702      5.633765      1.462144      1.926543
  380.0     -1.586915      5.637686      1.461140      1.929208
  381.0     -1.598946      5.641930      1.460339      1.931719
  382.0     -1.609082      5.647157      1.459939      1.934038
  383.0     -1.617187      5.653453      1.459969      1.936155
  384.0     -1.624008      5.659994      1.460199      1.938089
  385.0     -1.629661      5.666714      1.460605      1.939852
  386.0     -1.634262      5.673546      1.461159      1.941455
  387.0     -1.637929      5.680427      1.461836      1.942908
  388.0     -1.640779      5.687289      1.462611      1.944225
  389.0     -1.642929      5.694068      1.463458      1.945415
  390.0     -1.644496      5.700699      1.464353      1.946491
  391.0     -1.645597      5.707115      1.465269      1.947463
  392.0     -1.646348      5.713250      1.466182      1.948342
  393.0     -1.646868      5.719041      1.467067      1.949142
  394.0     -1.647272      5.724420      1.467897      1.949871
  395.0     -1.647678      5.729324      1.468650      1.950541
  396.0     -1.648203      5.733685      1.469299      1.951164
  397.0     -1.648964      5.737438      1.469818      1.951751
  398.0     -1.651135      5.740428      1.470040      1.952473
  399.0     -1.654503      5.742663      1.469991      1.953299
  400.0     -1.658170      5.744242      1.469798      1.954092
  401.0     -1.662066      5.745197      1.469475      1.954846
  402.0     -1.666123      5.745556      1.469036      1.955553
  403.0     -1.670274      5.745349      1.468492      1.956207
  404.0     -1.674449      5.744608      1.467859      1.956798
  405.0     -1.678580      5.743362      1.467149      1.957321
  406.0     -1.682600      5.741641      1.466374      1.957768
  407.0     -1.686440      5.739474      1.465549      1.958130
  408.0     -1.690030      5.736892      1.464687      1.958402
  409.0     -1.693305      5.733925      1.463800      1.958575
  410.0     -1.696194      5.730602      1.462902      1.958642
  411.0     -1.698630      5.726954      1.462006      1.958594
  412.0     -1.700544      5.723010      1.461125      1.958426
  413.0     -1.701868      5.718802      1.460273      1.958128
  414.0     -1.702968      5.717694      1.459956      1.958173
  415.0     -1.703651      5.717972      1.459918      1.958319
  416.0     -1.703783      5.717936      1.459896      1.958336
  417.0     -1.703443      5.717535      1.459872      1.958231
  418.0     -1.702709      5.716715      1.459827      1.958011
  419.0     -1.701659      5.715426      1.459744      1.957680
  420.0     -1.700371      5.713614      1.459605      1.957247
  421.0     -1.698923      5.711228      1.459390      1.956717
  422.0     -1.697393      5.708214      1.459083      1.956097
  423.0     -1.695860      5.704520      1.458664      1.955392
  424.0     -1.694401      5.700095      1.458115      1.954610
  425.0     -1.693095      5.694884      1.457419      1.953757
  426.0     -1.692019      5.688837      1.456556      1.952838
  427.0     -1.691252      5.681900      1.455509      1.951860
  428.0     -1.690873      5.674022      1.454258      1.950830
  429.0     -1.690958      5.665150      1.452785      1.949755
  430.0     -1.691586      5.655231      1.451072      1.948639
  431.0     -1.692794      5.644862      1.449211      1.947564
  432.0     -1.694582      5.634211      1.447230      1.946550
  433.0     -1.696938      5.622495      1.445001      1.945499
  434.0     -1.699793      5.609761      1.442539      1.944405
  435.0     -1.703080      5.596051      1.439859      1.943264
  436.0     -1.706731      5.581411      1.436976      1.942069
  437.0     -1.710678      5.565886      1.433905      1.940814
  438.0     -1.714853      5.549520      1.430661      1.939496
  439.0     -1.719189      5.532359      1.427259      1.938106
  440.0     -1.723617      5.514444      1.423714      1.936641
  441.0     -1.728070      5.495823      1.420041      1.935093
  442.0     -1.732481      5.476540      1.416255      1.933458
  443.0     -1.736780      5.456639      1.412372      1.931729
  444.0     -1.740901      5.436164      1.408406      1.929899
  445.0     -1.744776      5.415161      1.404374      1.927963
  446.0     -1.748337      5.393674      1.400289      1.925914
  447.0     -1.751516      5.371747      1.396168      1.923747
  448.0     -1.754245      5.349426      1.392026      1.921453
  449.0     -1.756456      5.326754      1.387879      1.919027
  450.0     -1.758082      5.303777      1.383742      1.916461
  451.0     -1.759021      5.281287      1.379764      1.913837
  452.0     -1.758919      5.266119      1.377167      1.911939
  453.0     -1.758170      5.250669      1.374598      1.909893
  454.0     -1.756833      5.234879      1.372039      1.907701
  455.0     -1.754970      5.218694      1.369472      1.905367
  456.0     -1.752642      5.202055      1.366880      1.902893
  457.0     -1.749910      5.184906      1.364246      1.900283
  458.0     -1.746835      5.167191      1.361551      1.897539
  459.0     -1.743479      5.148851      1.358777      1.894664
  460.0     -1.739902      5.129830      1.355906      1.891661
  461.0     -1.736166      5.110072      1.352920      1.888534
  462.0     -1.732331      5.089519      1.349802      1.885284
  463.0     -1.728459      5.068114      1.346531      1.881915
  464.0     -1.724611      5.045801      1.343090      1.878430
  465.0     -1.720847      5.022522      1.339459      1.874833
  466.0     -1.717230      4.998221      1.335619      1.871125
  467.0     -1.713819      4.972841      1.331552      1.867311
  468.0     -1.710677      4.946325      1.327236      1.863393
  469.0     -1.707864      4.918615      1.322653      1.859375
  470.0     -1.705441      4.889656      1.317782      1.855260
  471.0     -1.703469      4.859389      1.312602      1.851052
  472.0     -1.707284      4.829101      1.306662      1.847877
  473.0     -1.716552      4.798683      1.299982      1.845672
  474.0     -1.726485      4.766933      1.292955      1.843426
  475.0     -1.737165      4.733893      1.285574      1.841159
  476.0     -1.748674      4.699603      1.277834      1.838895
  477.0     -1.761093      4.664101      1.269727      1.836655
  478.0     -1.774503      4.627429      1.261249      1.834463
  479.0     -1.788986      4.589626      1.252394      1.832342
  480.0     -1.804624      4.550732      1.243155      1.830316
  481.0     -1.821497      4.510787      1.233527      1.828411
  482.0     -1.839688      4.469831      1.223505      1.826650
  483.0     -1.859277      4.427904      1.213084      1.825061
  484.0     -1.880347      4.385045      1.202258      1.823670
  485.0     -1.902978      4.341295      1.191025      1.822503
  486.0     -1.927253      4.296694      1.179380      1.821590
  487.0     -1.953252      4.251281      1.167320      1.820958
  488.0     -1.981057      4.205097      1.154842      1.820637
  489.0     -2.010749      4.158182      1.141946      1.820656
  490.0     -2.042411      4.110574      1.128629      1.821048
  491.0     -2.076123      4.062315      1.114892      1.821842
  492.0     -2.111966      4.013444      1.100737      1.823071
  493.0     -2.150023      3.964001      1.086166      1.824768
  494.0     -2.190375      3.914026      1.071182      1.826966
  495.0     -2.233103      3.863559      1.055791      1.829699
  496.0     -2.278289      3.812640      1.040000      1.833000
  497.0     -2.324490      3.758822      1.023477      1.836300
  498.0     -2.373133      3.704684      1.006594      1.840208
  499.0     -2.424124      3.650316      0.989392      1.844728
  500.0     -2.477365      3.595809      0.971914      1.849860
  501.0     -2.532762      3.541255      0.954205      1.855605
  502.0     -2.590217      3.486745      0.936310      1.861960
  503.0     -2.649636      3.432371      0.918276      1.868921
  504.0     -2.710922      3.378223      0.900148      1.876483
  505.0     -2.773979      3.324393      0.881972      1.884636
  506.0     -2.838710      3.270972      0.863796      1.893371
  507.0     -2.905020      3.218051      0.845665      1.902674
  508.0     -2.972814      3.165722      0.827626      1.912532
  509.0     -3.041994      3.114076      0.809723      1.922926
  510.0     -3.112465      3.063204      0.792001      1.933838
  511.0     -3.184131      3.013196      0.774502      1.945247
  512.0     -3.256895      2.964146      0.757269      1.957128
  513.0     -3.330663      2.916143      0.740341      1.969459
  514.0     -3.405337      2.869280      0.723757      1.982211
  515.0     -3.480821      2.823647      0.707554      1.995358
  516.0     -3.557021      2.779335      0.691766      2.008870
  517.0     -3.633839      2.736436      0.676425      2.022719
  518.0     -3.711179      2.695042      0.661564      2.036872
  519.0     -3.788946      2.655242      0.647210      2.051299
  520.0     -3.867044      2.617129      0.633390      2.065969
  521.0     -3.945376      2.580794      0.620130      2.080850
  522.0     -4.013687      2.546898      0.608226      2.093711
  523.0     -4.082022      2.514816      0.596856      2.106718
  524.0     -4.150471      2.484478      0.585997      2.119873
  525.0     -4.219022      2.455822      0.575630      2.133160
  526.0     -4.287663      2.428785      0.565739      2.146561
  527.0     -4.356383      2.403303      0.556305      2.160060
  528.0     -4.425171      2.379315      0.547311      2.173642
  529.0     -4.494014      2.356756      0.538738      2.187293
  530.0     -4.562901      2.335565      0.530569      2.201001
  531.0     -4.631819      2.315678      0.522785      2.214751
  532.0     -4.700757      2.297031      0.515368      2.228533
  533.0     -4.769703      2.279563      0.508301      2.242336
  534.0     -4.838646      2.263211      0.501565      2.256150
  535.0     -4.907575      2.247910      0.495142      2.269965
  536.0     -4.976475      2.233599      0.489015      2.283771
  537.0     -5.045337      2.220215      0.483168      2.297561
  538.0     -5.114148      2.207694      0.477582      2.311327
  539.0     -5.182898      2.195973      0.472240      2.325061
  540.0     -5.251572      2.184990      0.467127      2.338756
  541.0     -5.320161      2.174681      0.462225      2.352406
  542.0     -5.388653      2.164984      0.457519      2.366004
  543.0     -5.457035      2.155837      0.452993      2.379546
  544.0     -5.525296      2.147174      0.448632      2.393025
  545.0     -5.593424      2.138935      0.444420      2.406436
  546.0     -5.661408      2.131055      0.440342      2.419775
  547.0     -5.729236      2.123472      0.436383      2.433036
  548.0     -5.796895      2.116124      0.432530      2.446217
  549.0     -5.864609      2.105968      0.428172      2.459256
  550.0     -5.932621      2.089900      0.422697      2.472103
  551.0     -6.000463      2.073964      0.417317      2.484878
  552.0     -6.068154      2.058164      0.412031      2.497584
  553.0     -6.135705      2.042503      0.406837      2.510223
  554.0     -6.203134      2.026983      0.401733      2.522801
  555.0     -6.270453      2.011609      0.396717      2.535318
  556.0     -6.337680      1.996382      0.391789      2.547779
  557.0     -6.404828      1.981306      0.386946      2.560186
  558.0     -6.471910      1.966384      0.382187      2.572543
  559.0     -6.538945      1.951618      0.377511      2.584852
  560.0     -6.605946      1.937013      0.372916      2.597116
  561.0     -6.672927      1.922570      0.368402      2.609338
  562.0     -6.739904      1.908293      0.363967      2.621522
  563.0     -6.806891      1.894185      0.359610      2.633669
  564.0     -6.873904      1.880248      0.355329      2.645782
  565.0     -6.940957      1.866486      0.351125      2.657865
  566.0     -7.008066      1.852902      0.346996      2.669920
  567.0     -7.075244      1.839499      0.342941      2.681949
  568.0     -7.142507      1.826280      0.338959      2.693956
  569.0     -7.209870      1.813247      0.335049      2.705943
  570.0     -7.277348      1.800404      0.331211      2.717913
  571.0     -7.344954      1.787753      0.327443      2.729867
  572.0     -7.412706      1.775298      0.323746      2.741809
  573.0     -7.480618      1.763042      0.320118      2.753742
  574.0     -7.548703      1.750988      0.316558      2.765667
  575.0     -7.616977      1.739138      0.313066      2.777587
  576.0     -7.685455      1.727496      0.309642      2.789504
  577.0     -7.754152      1.716065      0.306285      2.801421
  578.0     -7.823082      1.704847      0.302993      2.813341
  579.0     -7.892262      1.693846      0.299768      2.825265
  580.0     -7.961705      1.683064      0.296607      2.837196
  581.0     -8.031425      1.672505      0.293511      2.849136
  582.0     -8.101441      1.662172      0.290479      2.861087
  583.0     -8.171998      1.651446      0.287400      2.873081
  584.0     -8.242900      1.640827      0.284363      2.885093
  585.0     -8.314089      1.630424      0.281388      2.897114
  586.0     -8.385553      1.620232      0.278473      2.909141
  587.0     -8.457278      1.610245      0.275616      2.921171
  588.0     -8.529253      1.600456      0.272817      2.933203
  589.0     -8.601464      1.590858      0.270073      2.945234
  590.0     -8.673898      1.581445      0.267383      2.957261
  591.0     -8.746543      1.572210      0.264746      2.969282
  592.0     -8.819386      1.563148      0.262159      2.981294
  593.0     -8.892415      1.554251      0.259622      2.993296
  594.0     -8.965617      1.545514      0.257133      3.005284
  595.0     -9.038980      1.536929      0.254690      3.017258
  596.0     -9.112490      1.528491      0.252292      3.029215
  597.0     -9.186134      1.520193      0.249937      3.041152
  598.0     -9.259900      1.512028      0.247624      3.053067
  599.0     -9.333776      1.503991      0.245353      3.064959
  600.0     -9.407749      1.496074      0.243120      3.076826
  601.0     -9.481806      1.488271      0.240925      3.088665
  602.0     -9.555934      1.480575      0.238766      3.100475
  603.0     -9.630120      1.472981      0.236642      3.112253
  604.0     -9.704352      1.465482      0.234552      3.123999
  605.0     -9.778617      1.458071      0.232495      3.135709
  606.0     -9.852904      1.450743      0.230468      3.147383
  607.0     -9.927197      1.443489      0.228471      3.159018
  608.0    -10.001490      1.436305      0.226503      3.170614
  609.0    -10.075760      1.429184      0.224561      3.182167
  610.0    -10.150000      1.422118      0.222646      3.193677
  611.0    -10.224200      1.415102      0.220755      3.205142
  612.0    -10.298340      1.408130      0.218888      3.216559
  613.0    -10.372410      1.401195      0.217042      3.227928
  614.0    -10.446410      1.394289      0.215218      3.239248
  615.0    -10.520300      1.387408      0.213414      3.250515
  616.0    -10.594100      1.380545      0.211628      3.261731
  617.0    -10.667640      1.373427      0.209820      3.272868
  618.0    -10.739530      1.363272      0.207582      3.283690
  619.0    -10.811300      1.353130      0.205364      3.294461
  620.0    -10.882940      1.343007      0.203167      3.305180
  621.0    -10.954460      1.332911      0.200991      3.315849
  622.0    -11.025850      1.322848      0.198837      3.326467
  623.0    -11.097140      1.312826      0.196705      3.337040
  624.0    -11.168300      1.302851      0.194597      3.347561
  625.0    -11.239360      1.292930      0.192513      3.358038
  626.0    -11.310310      1.283070      0.190453      3.368469
  627.0    -11.381150      1.273278      0.188419      3.378854
  628.0    -11.451890      1.263561      0.186410      3.389194
  629.0    -11.522530      1.253926      0.184428      3.399492
  630.0    -11.593070      1.244379      0.182474      3.409746
  631.0    -11.663520      1.234929      0.180547      3.419959
  632.0    -11.733880      1.225581      0.178649      3.430131
  633.0    -11.804140      1.216342      0.176781      3.440260
  634.0    -11.874320      1.207220      0.174942      3.450351
  635.0    -11.944420      1.198222      0.173133      3.460404
  636.0    -12.014440      1.189354      0.171356      3.470418
  637.0    -12.084380      1.180623      0.169610      3.480395
  638.0    -12.154240      1.172036      0.167897      3.490334
  639.0    -12.224030      1.163601      0.166217      3.500237
  640.0    -12.293750      1.155323      0.164571      3.510105
  641.0    -12.363410      1.147211      0.162959      3.519938
  642.0    -12.433000      1.139270      0.161382      3.529737
  643.0    -12.502530      1.131508      0.159840      3.539503
  644.0    -12.572000      1.123932      0.158334      3.549235
  645.0    -12.641410      1.116548      0.156865      3.558935
  646.0    -12.710770      1.109364      0.155434      3.568603
  647.0    -12.780090      1.102387      0.154040      3.578242
  648.0    -12.849350      1.095623      0.152685      3.587849
  649.0    -12.918570      1.089079      0.151369      3.597427
  650.0    -12.987750      1.082763      0.150093      3.606976
  651.0    -13.056890      1.076681      0.148857      3.616497
  652.0    -13.125990      1.070839      0.147662      3.625989
  653.0    -13.195060      1.065246      0.146508      3.635454
  654.0    -13.264100      1.059908      0.145396      3.644892
  655.0    -13.333110      1.054832      0.144327      3.654304
  656.0    -13.402090      1.050025      0.143302      3.663690
  657.0    -13.471060      1.045493      0.142319      3.673053
  658.0    -13.540000      1.041244      0.141382      3.682389
  659.0    -13.608930      1.037285      0.140489      3.691702
  660.0    -13.678370      1.033249      0.139588      3.701061
  661.0    -13.748510      1.029019      0.138663      3.710490
  662.0    -13.818630      1.025083      0.137784      3.719894
  663.0    -13.888750      1.021436      0.136948      3.729277
  664.0    -13.958860      1.018074      0.136156      3.738636
  665.0    -14.028960      1.014992      0.135405      3.747972
  666.0    -14.099070      1.012185      0.134696      3.757288
  667.0    -14.169170      1.009649      0.134027      3.766581
  668.0    -14.239270      1.007380      0.133398      3.775853
  669.0    -14.309380      1.005373      0.132806      3.785105
  670.0    -14.379490      1.003622      0.132253      3.794335
  671.0    -14.449600      1.002125      0.131736      3.803545
  672.0    -14.519730      1.000875      0.131254      3.812736
  673.0    -14.589860      0.999869      0.130808      3.821907
  674.0    -14.660000      0.999101      0.130395      3.831058
  675.0    -14.730160      0.998568      0.130015      3.840191
  676.0    -14.800330      0.998265      0.129668      3.849304
  677.0    -14.870520      0.998187      0.129352      3.858400
  678.0    -14.940730      0.998329      0.129067      3.867478
  679.0    -15.010960      0.998687      0.128812      3.876539
  680.0    -15.081210      0.999256      0.128585      3.885582
  681.0    -15.151480      1.000032      0.128387      3.894607
  682.0    -15.221780      1.001011      0.128216      3.903616
  683.0    -15.292110      1.002186      0.128071      3.912609
  684.0    -15.362470      1.003555      0.127953      3.921587
  685.0    -15.432850      1.005112      0.127859      3.930547
  686.0    -15.503270      1.006853      0.127790      3.939492
  687.0    -15.573730      1.008774      0.127744      3.948424
  688.0    -15.644220      1.010869      0.127721      3.957339
  689.0    -15.714750      1.013133      0.127720      3.966240
  690.0    -15.785320      1.015564      0.127740      3.975127
  691.0    -15.855930      1.018155      0.127780      3.984000
  692.0    -15.926580      1.020903      0.127841      3.992859
  693.0    -15.997280      1.023802      0.127921      4.001705
  694.0    -16.068030      1.026848      0.128019      4.010538
  695.0    -16.138820      1.030037      0.128135      4.019358
  696.0    -16.209670      1.033364      0.128267      4.028166
  697.0    -16.280560      1.036824      0.128416      4.036961
  698.0    -16.351510      1.040413      0.128581      4.045744
  699.0    -16.422520      1.044126      0.128761      4.054516
  700.0    -16.493590      1.047958      0.128955      4.063277
  701.0    -16.564710      1.051906      0.129162      4.072026
  702.0    -16.635900      1.055964      0.129383      4.080765
  703.0    -16.707150      1.060128      0.129616      4.089493
  704.0    -16.778460      1.064393      0.129861      4.098210
  705.0    -16.850060      1.067714      0.129989      4.106940
  706.0    -16.922000      1.069857      0.129973      4.115689
  707.0    -16.994000      1.072092      0.129969      4.124426
  708.0    -17.066070      1.074418      0.129976      4.133154
  709.0    -17.138210      1.076835      0.129994      4.141873
  710.0    -17.210420      1.079341      0.130023      4.150581
  711.0    -17.282690      1.081935      0.130063      4.159280
  712.0    -17.355030      1.084615      0.130113      4.167968
  713.0    -17.427440      1.087381      0.130174      4.176648
  714.0    -17.499910      1.090232      0.130245      4.185316
  715.0    -17.572450      1.093166      0.130326      4.193976
  716.0    -17.645060      1.096183      0.130416      4.202626
  717.0    -17.717730      1.099280      0.130517      4.211266
  718.0    -17.790470      1.102457      0.130626      4.219897
  719.0    -17.863270      1.105714      0.130745      4.228518
  720.0    -17.936140      1.109048      0.130873      4.237130
  721.0    -18.009080      1.112458      0.131009      4.245732
  722.0    -18.082080      1.115944      0.131154      4.254325
  723.0    -18.155150      1.119504      0.131308      4.262909
  724.0    -18.228290      1.123138      0.131469      4.271484
  725.0    -18.301490      1.126843      0.131639      4.280049
  726.0    -18.374750      1.130619      0.131817      4.288604
  727.0    -18.448080      1.134465      0.132002      4.297151
  728.0    -18.521480      1.138380      0.132195      4.305689
  729.0    -18.594940      1.142362      0.132395      4.314217
  730.0    -18.668460      1.146410      0.132602      4.322736
  731.0    -18.742060      1.150524      0.132817      4.331247
  732.0    -18.815710      1.154701      0.133038      4.339748
  733.0    -18.889430      1.158942      0.133266      4.348240
  734.0    -18.963220      1.163244      0.133500      4.356724
  735.0    -19.037070      1.167607      0.133740      4.365198
  736.0    -19.110980      1.172029      0.133987      4.373664
  737.0    -19.184960      1.176510      0.134240      4.382121
  738.0    -19.259000      1.181048      0.134498      4.390568
  739.0    -19.333110      1.185642      0.134762      4.399008
  740.0    -19.407280      1.190291      0.135032      4.407438
  741.0    -19.481520      1.194994      0.135307      4.415861
  742.0    -19.555810      1.199749      0.135587      4.424273
  743.0    -19.630180      1.204556      0.135872      4.432679
  744.0    -19.704610      1.209414      0.136162      4.441075
  745.0    -19.779090      1.214321      0.136457      4.449462
  746.0    -19.853650      1.219275      0.136756      4.457842
  747.0    -19.928260      1.224277      0.137060      4.466212
  748.0    -20.002940      1.229325      0.137368      4.474574
  749.0    -20.077680      1.234417      0.137680      4.482927
  750.0    -20.152490      1.239553      0.137996      4.491273
  751.0    -20.227360      1.244732      0.138316      4.499610
  752.0    -20.302290      1.249952      0.138639      4.507939
  753.0    -20.377290      1.255211      0.138966      4.516260
  754.0    -20.452340      1.260510      0.139296      4.524571
  755.0    -20.527460      1.265847      0.139630      4.532875
  756.0    -20.602640      1.271221      0.139966      4.541171
  757.0    -20.678830      1.276271      0.140263      4.549561
  758.0    -20.755200      1.281316      0.140558      4.557955
  759.0    -20.831620      1.286394      0.140856      4.566340
  760.0    -20.908120      1.291505      0.141157      4.574718
  761.0    -20.984690      1.296647      0.141460      4.583089
  762.0    -21.061330      1.301821      0.141766      4.591452
  763.0    -21.138050      1.307024      0.142074      4.599808
  764.0    -21.214840      1.312255      0.142384      4.608157
  765.0    -21.291720      1.317514      0.142696      4.616501
  766.0    -21.368680      1.322800      0.143010      4.624839
  767.0    -21.445720      1.328112      0.143327      4.633170
  768.0    -21.522850      1.333448      0.143644      4.641496
  769.0    -21.600070      1.338808      0.143964      4.649817
  770.0    -21.677380      1.344191      0.144284      4.658132
  771.0    -21.754790      1.349595      0.144606      4.666444
  772.0    -21.832290      1.355020      0.144930      4.674751
  773.0    -21.909890      1.360465      0.145254      4.683053
  774.0    -21.987590      1.365929      0.145579      4.691352
  775.0    -22.065400      1.371410      0.145906      4.699648
  776.0    -22.143310      1.376908      0.146233      4.707939
  777.0    -22.221320      1.382422      0.146560      4.716227
  778.0    -22.299450      1.387951      0.146888      4.724513
  779.0    -22.377690      1.393493      0.147217      4.732797
  780.0    -22.456040      1.399048      0.147545      4.741077
  781.0    -22.534510      1.404615      0.147874      4.749355
  782.0    -22.613100      1.410193      0.148203      4.757632
  783.0    -22.691810      1.415780      0.148532      4.765907
  784.0    -22.770640      1.421377      0.148861      4.774181
  785.0    -22.849600      1.426981      0.149189      4.782453
  786.0    -22.928690      1.432592      0.149517      4.790725
  787.0    -23.007910      1.438209      0.149845      4.798996
  788.0    -23.087260      1.443831      0.150172      4.807267
  789.0    -23.166740      1.449456      0.150498      4.815536
  790.0    -23.246360      1.455085      0.150823      4.823806
  791.0    -23.326130      1.460715      0.151148      4.832078
  792.0    -23.406030      1.466346      0.151471      4.840348
  793.0    -23.486080      1.471977      0.151793      4.848621
  794.0    -23.566270      1.477607      0.152114      4.856893
  795.0    -23.646610      1.483235      0.152434      4.865167
  796.0    -23.727110      1.488860      0.152752      4.873443
  797.0    -23.807750      1.494480      0.153069      4.881719
  798.0    -23.888560      1.500096      0.153384      4.889999
  799.0    -23.969510      1.505705      0.153697      4.898279
  800.0    -24.050630      1.511308      0.154009      4.906562
  810.0    -24.874356      1.567731      0.157074      4.989902
  820.0    -25.717565      1.621112      0.159748      5.073768
  830.0    -26.575446      1.666907      0.161677      5.157606
  840.0    -27.444700      1.706230      0.162970      5.241130
  850.0    -28.322548      1.742156      0.163900      5.324149
  860.0    -29.206212      1.777765      0.164740      5.406471
  870.0    -30.092914      1.816132      0.165762      5.487906
  880.0    -30.979878      1.860336      0.167241      5.568263
  890.0    -31.864326      1.913456      0.169447      5.647351
  900.0    -32.743963      1.978155      0.172618      5.725017
  910.0    -33.620065      2.054059      0.176714      5.801381
  920.0    -34.495512      2.139425      0.181574      5.876691
  930.0    -35.373186      2.232507      0.187036      5.951191
  940.0    -36.255974      2.331558      0.192936      6.025128
  950.0    -37.146759      2.434829      0.199113      6.098749
  960.0    -38.048428      2.540574      0.205405      6.172298
  970.0    -38.963865      2.647046      0.211648      6.246023
  980.0    -39.895955      2.752497      0.217682      6.320169
  990.0    -40.847446      2.855279      0.223351      6.394970
 1000.0    -41.819034      2.955221      0.228632      6.470485
 1010.0    -42.809838      3.053292      0.233599      6.546633
 1020.0    -43.818936      3.150490      0.238330      6.623334
 1030.0    -44.845405      3.247810      0.242900      6.700504
 1040.0    -45.888322      3.346252      0.247388      6.778062
 1050.0    -46.946765      3.446811      0.251870      6.855924
 1060.0    -48.019811      3.550485      0.256424      6.934009
 1070.0    -49.106539      3.658271      0.261127      7.012234
 1080.0    -50.206025      3.771168      0.266056      7.090517
 1090.0    -51.317350      3.890167      0.271287      7.168776
 1100.0    -52.439882      4.015720      0.276859      7.246955
 1110.0    -53.573573      4.147197      0.282730      7.325052
 1120.0    -54.718440      4.283836      0.288849      7.403071
 1130.0    -55.874502      4.424879      0.295166      7.481016
 1140.0    -57.041777      4.569566      0.301631      7.558891
 1150.0    -58.220284      4.717136      0.308192      7.636701
 1160.0    -59.410041      4.866831      0.314800      7.714448
 1170.0    -60.611067      5.017891      0.321403      7.792137
 1180.0    -61.823380      5.169556      0.327952      7.869772
 1190.0    -63.046999      5.321066      0.334395      7.947357
 1200.0    -64.281941      5.471661      0.340682      8.024896
 1210.0    -65.528227      5.620582      0.346762      8.102393
 1220.0    -66.785874      5.767087      0.352587      8.179852
 1230.0    -68.054927      5.910932      0.358139      8.257277
 1240.0    -69.335457      6.052445      0.363439      8.334673
 1250.0    -70.627540      6.191986      0.368512      8.412043
 1260.0    -71.931247      6.329912      0.373381      8.489392
 1270.0    -73.246653      6.466583      0.378068      8.566725
 1280.0    -74.573831      6.602358      0.382597      8.644045
 1290.0    -75.912856      6.737594      0.386991      8.721357
 1300.0    -77.263800      6.872651      0.391273      8.798665
 1310.0    -78.626737      7.007888      0.395467      8.875974
 1320.0    -80.001741      7.143663      0.399597      8.953287
 1330.0    -81.388885      7.280335      0.403684      9.030610
 1340.0    -82.788243      7.418263      0.407753      9.107946
 1350.0    -84.199889      7.557805      0.411827      9.185300
 1360.0    -85.623896      7.699321      0.415929      9.262675
 1370.0    -87.060337      7.843168      0.420082      9.340077
 1380.0    -88.509288      7.989706      0.424310      9.417510
 1390.0    -89.970820      8.139293      0.428636      9.494977
 1400.0    -91.445003      8.292276      0.433081      9.572484
 1410.0    -92.931858      8.448871      0.437657      9.650030
 1420.0    -94.431375      8.609217      0.442364      9.727616
 1430.0    -95.943546      8.773449      0.447206      9.805241
 1440.0    -97.468360      8.941705      0.452185      9.882904
 1450.0    -99.005809      9.114121      0.457302      9.960605
 1460.0   -100.555883      9.290833      0.462560     10.038343
 1470.0   -102.118573      9.471978      0.467961     10.116117
 1480.0   -103.693868      9.657693      0.473508     10.193927
 1490.0   -105.281761      9.848114      0.479202     10.271772
 1500.0   -106.882241     10.043378      0.485046     10.349652
 1510.0   -108.495299     10.243622      0.491042     10.427565
 1520.0   -110.120926     10.448982      0.497192     10.505512
 1530.0   -111.759112     10.659594      0.503498     10.583492
 1540.0   -113.409848     10.875596      0.509964     10.661504
 1550.0   -115.073124     11.097124      0.516589     10.739547
 1560.0   -116.748931     11.324314      0.523378     10.817622
 1570.0   -118.437261     11.557303      0.530332     10.895726
 1580.0   -120.138102     11.796228      0.537454     10.973861
 1590.0   -121.851446     12.041225      0.544745     11.052024
 1600.0   -123.577284     12.292432      0.552208     11.130216
 1610.0   -125.315606     12.549983      0.559845     11.208435
 1620.0   -127.066403     12.814017      0.567659     11.286682
 1630.0   -128.829665     13.084670      0.575651     11.364956
 1640.0   -130.605383     13.362077      0.583823     11.443255
 1650.0   -132.393548     13.646377      0.592179     11.521580
 1660.0   -134.194150     13.937705      0.600719     11.599929
 1670.0   -136.007179     14.236198      0.609447     11.678303
 1680.0   -137.832627     14.541993      0.618365     11.756700
 1690.0   -139.670484     14.855226      0.627474     11.835120
 1700.0   -141.520741     15.176034      0.636777     11.913562
 1710.0   -143.383387     15.504554      0.646276     11.992027
 1720.0   -145.258415     15.840921      0.655973     12.070512
 1730.0   -147.145814     16.185274      0.665872     12.149017
 1740.0   -149.045575     16.537747      0.675972     12.227543
 1750.0   -150.957689     16.898478      0.686278     12.306087
 1760.0   -152.882145     17.267604      0.696791     12.384651
 1770.0   -154.818936     17.645261      0.707514     12.463232
 1780.0   -156.768051     18.031586      0.718448     12.541831
 1790.0   -158.729482     18.426715      0.729596     12.620446
 1800.0   -160.703218     18.830784      0.740959     12.699078
 1810.0   -162.689250     19.243931      0.752542     12.777725
 1820.0   -164.687569     19.666293      0.764344     12.856387
 1830.0   -166.698166     20.098005      0.776369     12.935064
 1840.0   -168.721030     20.539204      0.788619     13.013754
 1850.0   -170.756154     20.990027      0.801096     13.092457
 1860.0   -172.803527     21.450610      0.813803     13.171173
 1870.0   -174.863139     21.921090      0.826740     13.249901
 1880.0   -176.934982     22.401605      0.839912     13.328640
 1890.0   -179.019047     22.892289      0.853319     13.407389
 1900.0   -181.115323     23.393280      0.866965     13.486149
 1910.0   -183.223801     23.904715      0.880851     13.564918
 1920.0   -185.344473     24.426729      0.894979     13.643695
 1930.0   -187.477328     24.959461      0.909352     13.722481
 1940.0   -189.622357     25.503045      0.923972     13.801275
