#Lambda        Dielectric Constant          Refractive Index
# [nm]        [Real]        [Imag]        [Real]        [Imag]
   10.0     77.188538      0.000000    -25.709779      0.000000
   15.0     66.490922      0.000045    -21.848985      0.000000
   20.0     56.846764      0.000000    -18.376256      0.000000
   25.0     48.200738      0.000000    -15.271309      0.000011
   30.0     40.497520      0.000000    -12.513861      0.000000
   35.0     33.681785      0.000135    -10.083631      0.000000
   40.0     27.698210      0.000000     -7.960336      0.000000
   45.0     22.491470      0.000000     -6.123693      0.000122
   50.0     18.006240      0.000000     -4.553421      0.000000
   55.0     14.187196      0.001843     -3.229236      0.000000
   60.0     10.979013      0.000000     -2.130857      0.000000
   65.0      8.326368      0.000000     -1.238001      0.001696
   70.0      6.173935      0.000000     -0.530385      0.000000
   75.0      4.466391      0.025669      0.012273      0.000000
   80.0      3.148410      0.000000      0.410255      0.000000
   85.0      2.164669      0.000000      0.683844      0.043406
   90.0      1.459843      0.000000      0.853322      0.158260
   95.0      0.978608      0.484300      0.938971      0.355927
  100.0      0.665639      1.014225      0.961075      0.545783
  105.0      0.465612      1.229270      0.939915      0.642856
  110.0      0.323202      1.238218      0.895774      0.686780
  115.0      0.183085      1.243256      0.848934      0.739992
  120.0     -0.010063      1.350914      0.819678      0.831542
  125.0     -0.268280      1.608402      0.825564      0.966261
  130.0     -0.430458      1.921322      0.873258      1.085495
  135.0     -0.370784      2.189144      0.958152      1.138338
  140.0     -0.277780      2.428421      1.041451      1.168373
  145.0     -0.336535      2.681099      1.091849      1.226131
  150.0     -0.404067      2.973610      1.142203      1.295454
  155.0     -0.321292      3.309023      1.225184      1.349655
  160.0     -0.192779      3.612457      1.308572      1.386624
  165.0     -0.136436      3.822620      1.359422      1.410287
  170.0     -0.059874      4.010507      1.406795      1.424154
  175.0      0.139388      4.243385      1.481171      1.430132
  180.0      0.393893      4.441305      1.556696      1.424149
  185.0      0.591884      4.514868      1.599762      1.406147
  190.0      0.614348      4.484085      1.602079      1.398114
  195.0      0.427257      4.438342      1.576749      1.420881
  200.0      0.343783      4.635110      1.597115      1.468596
  205.0      0.627714      5.276931      1.721930      1.532486
  210.0      0.998118      6.178545      1.891348      1.618760
  215.0      1.130904      7.076085      2.028918      1.730226
  220.0      1.074078      7.779063      2.110376      1.841100
  225.0      1.026104      8.123081      2.138834      1.909298
  230.0      1.415169      7.974735      2.174730      1.856122
  235.0      2.493197      7.389918      2.272505      1.650551
  240.0      3.577334      7.150728      2.405287      1.488884
  245.0      4.054876      7.902807      2.539920      1.543966
  250.0      4.528513      9.019778      2.699425      1.667509
  255.0      5.612555      9.699990      2.896335      1.679266
  260.0      6.752410      9.712712      3.045061      1.592292
  265.0      7.308336      9.063839      3.068691      1.462342
  270.0      7.468904      8.134841      3.023144      1.322682
  275.0      7.552480      7.304513      2.979612      1.195432
  280.0      7.568309      6.565380      2.937556      1.080615
  285.0      7.469060      5.839269      2.883308      0.974213
  290.0      7.290226      5.151503      2.822420      0.878124
  295.0      7.082464      4.546352      2.763963      0.795333
  300.0      6.874255      4.040385      2.711861      0.727242
  305.0      6.690006      3.645075      2.669092      0.674958
  310.0      6.560000      3.379200      2.640000      0.640000
  315.0      6.506075      3.251696      2.627483      0.622655
  320.0      6.510415      3.224819      2.627293      0.617885
  325.0      6.545152      3.248856      2.633364      0.619273
  330.0      6.581873      3.272895      2.639519      0.620203
  335.0      6.597948      3.256102      2.640846      0.615371
  340.0      6.594422      3.199141      2.637616      0.604907
  345.0      6.578866      3.113988      2.631529      0.590419
  350.0      6.561274      3.016354      2.624811      0.573993
  355.0      6.550729      2.920853      2.619493      0.557579
  360.0      6.550247      2.833981      2.616294      0.542104
  365.0      6.560367      2.758931      2.615400      0.528080
  370.0      6.577787      2.693800      2.616164      0.515375
  375.0      6.598392      2.635670      2.617765      0.503731
  380.0      6.618655      2.582673      2.619516      0.493033
  385.0      6.635921      2.533423      2.620902      0.483202
  390.0      6.650439      2.487422      2.621957      0.474148
  395.0      6.663313      2.444463      2.622876      0.465787
  400.0      6.676177      2.404618      2.623957      0.458053
  405.0      6.690779      2.368000      2.625521      0.450880
  410.0      6.708809      2.334624      2.627880      0.444184
  415.0      6.731826      2.304527      2.631316      0.437899
  420.0      6.760923      2.277949      2.636014      0.432042
  425.0      6.797021      2.255203      2.642122      0.426664
  430.0      6.840816      2.236695      2.649740      0.421858
  435.0      6.892945      2.222838      2.658956      0.417722
  440.0      6.954045      2.213976      2.669860      0.414336
  445.0      7.024803      2.210484      2.682549      0.411784
  450.0      7.106120      2.212925      2.697163      0.410184
  455.0      7.198025      2.221167      2.713679      0.409536
  460.0      7.296834      2.232117      2.731393      0.409333
  465.0      7.397845      2.241868      2.749414      0.408926
  470.0      7.495990      2.246213      2.766782      0.407616
  475.0      7.586176      2.240932      2.782536      0.404704
  480.0      7.663585      2.222060      2.795763      0.399531
  485.0      7.723285      2.185514      2.805531      0.391420
  490.0      7.759613      2.126501      2.810767      0.379573
  495.0      7.767495      2.040807      2.810511      0.363290
  500.0      7.744951      1.927261      2.804398      0.342387
  505.0      7.691917      1.786645      2.792431      0.317006
  510.0      7.612913      1.624508      2.775495      0.288073
  515.0      7.513381      1.447195      2.754652      0.256660
  520.0      7.397860      1.259455      2.730790      0.223635
  525.0      7.270749      1.066369      2.704771      0.189878
  530.0      7.136785      0.875951      2.677523      0.156520
  535.0      7.000676      0.694413      2.649966      0.124557
  540.0      6.866684      0.517846      2.622934      0.094178
  545.0      6.739320      0.349199      2.597309      0.066113
  550.0      6.624551      0.228989      2.574263      0.044054
  555.0      6.527053      0.197216      2.554714      0.031202
  560.0      6.444839      0.189626      2.538256      0.025832
  565.0      6.374974      0.177426      2.524295      0.025019
  570.0      6.317420      0.170206      2.512821      0.025981
  575.0      6.272400      0.159522      2.503873      0.026464
  580.0      6.238081      0.150915      2.497080      0.026172
  585.0      6.212294      0.142137      2.492003      0.025314
  590.0      6.193597      0.133804      2.488350      0.024155
  595.0      6.180675      0.126948      2.485853      0.022968
  600.0      6.171998      0.121417      2.484201      0.022015
  605.0      6.166010      0.116730      2.483078      0.021463
  610.0      6.161278      0.112290      2.482193      0.021128
  615.0      6.156384      0.107170      2.481257      0.020734
  620.0      6.149843      0.099249      2.479969      0.020000
  625.0      6.140501      0.087088      2.478095      0.018625
  630.0      6.128586      0.073167      2.475683      0.016248
  635.0      6.114665      0.059454      2.472853      0.012631
  640.0      6.099290      0.041948      2.469719      0.008089
  645.0      6.083007      0.018458      2.466396      0.003318
  650.0      6.066369      0.000000      2.463000      0.000000
  655.0      6.049841      0.000000      2.459627      0.000000
  660.0      6.033538      0.000000      2.456300      0.000000
  665.0      6.017489      0.000000      2.453025      0.000000
  670.0      6.001722      0.000000      2.449808      0.000000
  675.0      5.986265      0.000000      2.446653      0.000000
  680.0      5.971146      0.000000      2.443566      0.000000
  685.0      5.956394      0.000000      2.440552      0.000000
  690.0      5.942038      0.000000      2.437616      0.000000
  695.0      5.928105      0.000000      2.434764      0.000000
  700.0      5.914624      0.000000      2.432000      0.000000
  705.0      5.901615      0.000000      2.429329      0.000000
  710.0      5.889069      0.000000      2.426748      0.000000
  715.0      5.876968      0.000000      2.424255      0.000000
  720.0      5.865296      0.000000      2.421847      0.000000
  725.0      5.854034      0.000000      2.419520      0.000000
  730.0      5.843166      0.000000      2.417272      0.000000
  735.0      5.832674      0.000000      2.415099      0.000000
  740.0      5.822541      0.000000      2.412998      0.000000
  745.0      5.812749      0.000000      2.410966      0.000000
  750.0      5.803281      0.000000      2.409000      0.000000
  755.0      5.794119      0.000000      2.407096      0.000000
  760.0      5.785241      0.000000      2.405251      0.000000
  765.0      5.776624      0.000000      2.403459      0.000000
  770.0      5.768244      0.000000      2.401715      0.000000
  775.0      5.760079      0.000000      2.400015      0.000000
  780.0      5.752105      0.000000      2.398353      0.000000
  785.0      5.744300      0.000000      2.396726      0.000000
  790.0      5.736640      0.000000      2.395128      0.000000
  795.0      5.729102      0.000000      2.393554      0.000000
  800.0      5.721664      0.000000      2.392000      0.000000
  805.0      5.714309      0.000000      2.390462      0.000000
  810.0      5.707051      0.000000      2.388943      0.000000
  815.0      5.699909      0.000000      2.387448      0.000000
  820.0      5.692905      0.000000      2.385981      0.000000
  825.0      5.686058      0.000000      2.384545      0.000000
  830.0      5.679388      0.000000      2.383146      0.000000
  835.0      5.672915      0.000000      2.381787      0.000000
  840.0      5.666660      0.000000      2.380474      0.000000
  845.0      5.660643      0.000000      2.379210      0.000000
  850.0      5.654884      0.000000      2.378000      0.000000
  855.0      5.649395      0.000000      2.376846      0.000000
  860.0      5.644153      0.000000      2.375743      0.000000
  865.0      5.639128      0.000000      2.374686      0.000000
  870.0      5.634289      0.000000      2.373667      0.000000
  875.0      5.629605      0.000000      2.372680      0.000000
  880.0      5.625044      0.000000      2.371718      0.000000
  885.0      5.620576      0.000000      2.370776      0.000000
  890.0      5.616171      0.000000      2.369847      0.000000
  895.0      5.611797      0.000000      2.368924      0.000000
  900.0      5.607424      0.000000      2.368000      0.000000
  905.0      5.603028      0.000000      2.367072      0.000000
  910.0      5.598619      0.000000      2.366140      0.000000
  915.0      5.594213      0.000000      2.365209      0.000000
  920.0      5.589827      0.000000      2.364281      0.000000
  925.0      5.585478      0.000000      2.363361      0.000000
  930.0      5.581183      0.000000      2.362452      0.000000
  935.0      5.576959      0.000000      2.361558      0.000000
  940.0      5.572823      0.000000      2.360682      0.000000
  945.0      5.568791      0.000000      2.359828      0.000000
  950.0      5.564881      0.000000      2.359000      0.000000
  955.0      5.561105      0.000000      2.358200      0.000000
  960.0      5.557459      0.000000      2.357427      0.000000
  965.0      5.553934      0.000000      2.356679      0.000000
  970.0      5.550520      0.000000      2.355954      0.000000
  975.0      5.547210      0.000000      2.355251      0.000000
  980.0      5.543994      0.000000      2.354569      0.000000
  985.0      5.540865      0.000000      2.353904      0.000000
  990.0      5.537813      0.000000      2.353256      0.000000
  995.0      5.534829      0.000000      2.352622      0.000000
 1000.0      5.531904      0.000000      2.352000      0.000000
 1005.0      5.529030      0.000000      2.351389      0.000000
 1010.0      5.526196      0.000000      2.350786      0.000000
 1015.0      5.523392      0.000000      2.350190      0.000000
 1020.0      5.520608      0.000000      2.349598      0.000000
 1025.0      5.517832      0.000000      2.349007      0.000000
 1030.0      5.515055      0.000000      2.348416      0.000000
 1035.0      5.512265      0.000000      2.347821      0.000000
 1040.0      5.509452      0.000000      2.347222      0.000000
 1045.0      5.506606      0.000000      2.346616      0.000000
 1050.0      5.503716      0.000000      2.346000      0.000000
 1055.0      5.500777      0.000000      2.345374      0.000000
 1060.0      5.497806      0.000000      2.344740      0.000000
 1065.0      5.494826      0.000000      2.344104      0.000000
 1070.0      5.491860      0.000000      2.343471      0.000000
 1075.0      5.488929      0.000000      2.342846      0.000000
 1080.0      5.486056      0.000000      2.342233      0.000000
 1085.0      5.483264      0.000000      2.341637      0.000000
 1090.0      5.480576      0.000000      2.341063      0.000000
 1095.0      5.478014      0.000000      2.340516      0.000000
 1100.0      5.475600      0.000000      2.340000      0.000000
 1105.0      5.473350      0.000000      2.339519      0.000000
 1110.0      5.471247      0.000000      2.339070      0.000000
 1115.0      5.469268      0.000000      2.338647      0.000000
 1120.0      5.467389      0.000000      2.338245      0.000000
 1125.0      5.465586      0.000000      2.337860      0.000000
 1130.0      5.463837      0.000000      2.337486      0.000000
 1135.0      5.462117      0.000000      2.337118      0.000000
 1140.0      5.460403      0.000000      2.336751      0.000000
 1145.0      5.458670      0.000000      2.336380      0.000000
 1150.0      5.456896      0.000000      2.336000      0.000000
 1155.0      5.455063      0.000000      2.335607      0.000000
 1160.0      5.453181      0.000000      2.335204      0.000000
 1165.0      5.451265      0.000000      2.334794      0.000000
 1170.0      5.449330      0.000000      2.334380      0.000000
 1175.0      5.447393      0.000000      2.333965      0.000000
 1180.0      5.445470      0.000000      2.333553      0.000000
 1185.0      5.443576      0.000000      2.333147      0.000000
 1190.0      5.441726      0.000000      2.332751      0.000000
 1195.0      5.439937      0.000000      2.332367      0.000000
 1200.0      5.438224      0.000000      2.332000      0.000000
 1205.0      5.436599      0.000000      2.331651      0.000000
 1210.0      5.435054      0.000000      2.331320      0.000000
 1215.0      5.433578      0.000000      2.331004      0.000000
 1220.0      5.432161      0.000000      2.330700      0.000000
 1225.0      5.430790      0.000000      2.330406      0.000000
 1230.0      5.429455      0.000000      2.330119      0.000000
 1235.0      5.428144      0.000000      2.329838      0.000000
 1240.0      5.426845      0.000000      2.329559      0.000000
 1245.0      5.425548      0.000000      2.329281      0.000000
 1250.0      5.424241      0.000000      2.329000      0.000000
 1255.0      5.422915      0.000000      2.328715      0.000000
 1260.0      5.421569      0.000000      2.328426      0.000000
 1265.0      5.420205      0.000000      2.328133      0.000000
 1270.0      5.418825      0.000000      2.327837      0.000000
 1275.0      5.417429      0.000000      2.327537      0.000000
 1280.0      5.416020      0.000000      2.327234      0.000000
 1285.0      5.414598      0.000000      2.326929      0.000000
 1290.0      5.413166      0.000000      2.326621      0.000000
 1295.0      5.411725      0.000000      2.326311      0.000000
 1300.0      5.410276      0.000000      2.326000      0.000000
 1305.0      5.408822      0.000000      2.325688      0.000000
 1310.0      5.407367      0.000000      2.325375      0.000000
 1315.0      5.405916      0.000000      2.325063      0.000000
 1320.0      5.404475      0.000000      2.324753      0.000000
 1325.0      5.403049      0.000000      2.324446      0.000000
 1330.0      5.401644      0.000000      2.324144      0.000000
 1335.0      5.400264      0.000000      2.323847      0.000000
 1340.0      5.398914      0.000000      2.323556      0.000000
 1345.0      5.397601      0.000000      2.323273      0.000000
 1350.0      5.396329      0.000000      2.323000      0.000000
 1355.0      5.395104      0.000000      2.322737      0.000000
 1360.0      5.393930      0.000000      2.322484      0.000000
 1365.0      5.392814      0.000000      2.322243      0.000000
 1370.0      5.391760      0.000000      2.322016      0.000000
 1375.0      5.390774      0.000000      2.321804      0.000000
 1380.0      5.389860      0.000000      2.321607      0.000000
 1385.0      5.389025      0.000000      2.321427      0.000000
 1390.0      5.388273      0.000000      2.321265      0.000000
 1395.0      5.387610      0.000000      2.321122      0.000000
 1400.0      5.387041      0.000000      2.321000      0.000000
