#Lambda        Dielectric Constant          Refractive Index
# [nm]        [Real]        [Imag]        [Real]        [Imag]
  230.0      1.573387      5.796380      1.946766      1.488936
  235.0      1.610255      5.835952      1.957586      1.490601
  240.0      1.674527      5.831377      1.967433      1.481976
  245.0      1.696101      5.897841      1.979054      1.490127
  250.0      1.577904      6.453874      2.027638      1.591652
  255.0      1.939818      7.219788      2.169878      1.663956
  260.0      2.863473      7.407583      2.324350      1.593480
  265.0      3.643994      7.300236      2.429334      1.502546
  270.0      3.925047      6.981476      2.442776      1.429021
  275.0      3.903410      6.766744      2.420276      1.397947
  280.0      4.037040      7.225993      2.481294      1.456138
  285.0      4.890164      7.253640      2.611386      1.388884
  290.0      5.114974      6.873227      2.615634      1.313899
  295.0      4.988572      6.946324      2.602023      1.334763
  300.0      5.800710      7.452717      2.761008      1.349725
  305.0      6.684235      6.885334      2.853125      1.206627
  310.0      7.033340      6.318813      2.871260      1.100344
  315.0      7.208598      5.804539      2.869121      1.011554
  320.0      7.239981      5.459889      2.855518      0.956023
  325.0      7.233624      5.156782      2.838772      0.908276
  330.0      7.216854      4.897600      2.822995      0.867445
  335.0      7.167957      4.730078      2.806767      0.842625
  340.0      7.137729      4.540501      2.792605      0.812945
  345.0      7.119758      4.403188      2.783071      0.791086
  350.0      7.087300      4.282559      2.772007      0.772450
  355.0      7.051663      4.164973      2.760565      0.754385
  360.0      7.033526      4.086296      2.753894      0.741928
  365.0      7.014611      3.992017      2.746420      0.726756
  370.0      6.991618      3.884312      2.737677      0.709424
  375.0      6.972299      3.797106      2.730515      0.695323
  380.0      6.956710      3.723897      2.724647      0.683374
  385.0      6.944063      3.655218      2.719509      0.672031
  390.0      6.933605      3.589735      2.714906      0.661112
  395.0      6.924593      3.529014      2.710775      0.650923
  400.0      6.916780      3.474384      2.707130      0.641709
  405.0      6.913576      3.425365      2.704549      0.633259
  410.0      6.919301      3.380599      2.703730      0.625176
  415.0      6.927351      3.337683      2.703411      0.617311
  420.0      6.924545      3.293466      2.701146      0.609640
  425.0      6.916471      3.245355      2.697823      0.601477
  430.0      6.915972      3.193106      2.695696      0.592260
  435.0      6.922838      3.143206      2.694981      0.583159
  440.0      6.933959      3.102370      2.695391      0.575498
  445.0      6.944892      3.066761      2.695992      0.568765
  450.0      6.950912      3.027515      2.695604      0.561560
  455.0      6.953585      2.984139      2.694484      0.553741
  460.0      6.959329      2.942617      2.693994      0.546144
  465.0      6.973045      2.907715      2.695181      0.539441
  470.0      6.992680      2.878301      2.697638      0.533503
  475.0      7.014332      2.851680      2.700569      0.527990
  480.0      7.034101      2.825156      2.703178      0.522561
  485.0      7.049276      2.796750      2.704911      0.516960
  490.0      7.060899      2.766736      2.705964      0.511203
  495.0      7.070747      2.735833      2.706683      0.505360
  500.0      7.080597      2.704761      2.707413      0.499498
  505.0      7.092212      2.674258      2.708497      0.493690
  510.0      7.106750      2.645811      2.710189      0.488161
  515.0      7.124582      2.621881      2.712621      0.483334
  520.0      7.146030      2.604994      2.715920      0.479645
  525.0      7.171414      2.597677      2.720212      0.477529
  530.0      7.201054      2.602455      2.725624      0.477423
  535.0      7.235177      2.621275      2.732247      0.479663
  540.0      7.272713      2.648045      2.739707      0.483209
  545.0      7.311648      2.670805      2.747286      0.486019
  550.0      7.349945      2.677461      2.754260      0.486025
  555.0      7.385568      2.655921      2.759906      0.481161
  560.0      7.415831      2.600719      2.763583      0.470544
  565.0      7.435295      2.534538      2.765020      0.458321
  570.0      7.440271      2.479469      2.764243      0.448479
  575.0      7.435367      2.430633      2.761967      0.440009
  580.0      7.426922      2.377522      2.759045      0.430857
  585.0      7.420948      2.310271      2.756292      0.419094
  590.0      7.419286      2.227253      2.753983      0.404377
  595.0      7.420880      2.132548      2.752024      0.387461
  600.0      7.424621      2.030349      2.750310      0.369125
  605.0      7.429396      1.924851      2.748737      0.350145
  610.0      7.434094      1.820247      2.747203      0.331299
  615.0      7.437604      1.720732      2.745604      0.313365
  620.0      7.438814      1.630499      2.743836      0.297121
  625.0      7.436613      1.553742      2.741796      0.283343
  630.0      7.429899      1.494615      2.739381      0.272802
  635.0      7.418816      1.451930      2.736594      0.265282
  640.0      7.406001      1.413831      2.733647      0.258598
  645.0      7.394844      1.369966      2.730911      0.250826
  650.0      7.392374      1.331804      2.729831      0.243940
  655.0      7.407341      1.321161      2.732361      0.241763
  660.0      7.438884      1.349573      2.738539      0.246403
  665.0      7.448545      1.371917      2.740653      0.250289
  670.0      7.467655      1.344602      2.743679      0.245052
  675.0      7.506237      1.292937      2.749832      0.235113
  680.0      7.547735      1.273614      2.757005      0.230972
  685.0      7.595939      1.288881      2.765904      0.232996
  690.0      7.676797      1.282954      2.780291      0.230721
  695.0      7.765871      1.286459      2.796208      0.230035
  700.0      7.831366      1.289187      2.807873      0.229575
  705.0      7.941060      1.300275      2.827331      0.229936
  710.0      8.078156      1.194287      2.849689      0.209503
  715.0      8.158653      0.672512      2.859264      0.117680
  720.0      8.194747      0.011518      2.862336      0.001976
  725.0      8.114610      0.003422      2.848691      0.000605
  730.0      7.976091      0.000000      2.824189      0.000000
  735.0      7.841500      0.000000      2.800259      0.000000
  740.0      7.713264      0.000000      2.777280      0.000000
  745.0      7.621180      0.000000      2.760648      0.000000
  750.0      7.529297      0.000000      2.743958      0.000000
  755.0      7.461846      0.000000      2.731636      0.000000
  760.0      7.399524      0.000000      2.720206      0.000000
  765.0      7.340139      0.000000      2.709268      0.000000
  770.0      7.279585      0.000000      2.698067      0.000000
  775.0      7.228843      0.000000      2.688653      0.000000
  780.0      7.192300      0.000000      2.681854      0.000000
  785.0      7.163010      0.000000      2.676384      0.000000
  790.0      7.132957      0.000000      2.670758      0.000000
  795.0      7.098902      0.000000      2.664374      0.000000
  800.0      7.064138      0.000000      2.657845      0.000000
  805.0      7.031700      0.000000      2.651737      0.000000
  810.0      7.002905      0.000000      2.646300      0.000000
  815.0      6.978677      0.000000      2.641716      0.000000
  820.0      6.959263      0.000000      2.638036      0.000000
  825.0      6.944705      0.000000      2.635276      0.000000
  830.0      6.934922      0.000000      2.633428      0.000000
  835.0      6.923676      0.000000      2.631301      0.000000
  840.0      6.895833      0.000000      2.625994      0.000000
  845.0      6.843220      0.000000      2.615942      0.000000
  850.0      6.801664      0.000000      2.608000      0.000000
  855.0      6.805865      0.000000      2.608808      0.000000
  860.0      6.823263      0.000000      2.612137      0.000000
  865.0      6.817722      0.000000      2.611073      0.000000
  870.0      6.794859      0.000000      2.606690      0.000000
  875.0      6.768490      0.000000      2.601633      0.000000
  880.0      6.748966      0.000000      2.597884      0.000000
  885.0      6.735717      0.000000      2.595333      0.000000
  890.0      6.726026      0.000000      2.593462      0.000000
  895.0      6.717175      0.000000      2.591751      0.000000
  900.0      6.707231      0.000000      2.589830      0.000000
  905.0      6.696321      0.000000      2.587722      0.000000
  910.0      6.684911      0.000000      2.585518      0.000000
  915.0      6.673467      0.000000      2.583305      0.000000
  920.0      6.662424      0.000000      2.581168      0.000000
  925.0      6.652020      0.000000      2.579151      0.000000
  930.0      6.642425      0.000000      2.577290      0.000000
  935.0      6.633802      0.000000      2.575617      0.000000
  940.0      6.625882      0.000000      2.574079      0.000000
  945.0      6.617545      0.000000      2.572458      0.000000
  950.0      6.608076      0.000000      2.570615      0.000000
  955.0      6.597585      0.000000      2.568570      0.000000
  960.0      6.586253      0.000000      2.566359      0.000000
  965.0      6.574263      0.000000      2.564019      0.000000
  970.0      6.561796      0.000000      2.561584      0.000000
  975.0      6.549036      0.000000      2.559091      0.000000
  980.0      6.536165      0.000000      2.556575      0.000000
  985.0      6.523364      0.000000      2.554072      0.000000
  990.0      6.510816      0.000000      2.551618      0.000000
  995.0      6.498704      0.000000      2.549249      0.000000
 1000.0      6.487209      0.000000      2.547000      0.000000
 1005.0      6.476479      0.000000      2.544900      0.000000
 1010.0      6.466517      0.000000      2.542950      0.000000
 1015.0      6.457293      0.000000      2.541144      0.000000
 1020.0      6.448776      0.000000      2.539476      0.000000
 1025.0      6.440933      0.000000      2.537940      0.000000
 1030.0      6.433735      0.000000      2.536529      0.000000
 1035.0      6.427150      0.000000      2.535238      0.000000
 1040.0      6.421147      0.000000      2.534060      0.000000
 1045.0      6.415694      0.000000      2.532989      0.000000
 1050.0      6.410761      0.000000      2.532020      0.000000
 1055.0      6.406316      0.000000      2.531146      0.000000
 1060.0      6.402328      0.000000      2.530361      0.000000
 1065.0      6.398766      0.000000      2.529659      0.000000
 1070.0      6.395599      0.000000      2.529035      0.000000
 1075.0      6.392796      0.000000      2.528480      0.000000
 1080.0      6.390325      0.000000      2.527991      0.000000
 1085.0      6.388155      0.000000      2.527561      0.000000
 1090.0      6.386256      0.000000      2.527182      0.000000
 1095.0      6.384595      0.000000      2.526851      0.000000
 1100.0      6.383142      0.000000      2.526560      0.000000
 1105.0      6.381866      0.000000      2.526303      0.000000
 1110.0      6.380736      0.000000      2.526074      0.000000
 1115.0      6.379720      0.000000      2.525868      0.000000
 1120.0      6.378787      0.000000      2.525677      0.000000
 1125.0      6.377905      0.000000      2.525497      0.000000
 1130.0      6.377045      0.000000      2.525320      0.000000
 1135.0      6.376175      0.000000      2.525141      0.000000
 1140.0      6.375263      0.000000      2.524954      0.000000
 1145.0      6.374278      0.000000      2.524752      0.000000
 1150.0      6.373189      0.000000      2.524530      0.000000
 1155.0      6.371966      0.000000      2.524281      0.000000
 1160.0      6.370576      0.000000      2.524000      0.000000
 1165.0      6.368995      0.000000      2.523681      0.000000
 1170.0      6.367226      0.000000      2.523325      0.000000
 1175.0      6.365274      0.000000      2.522934      0.000000
 1180.0      6.363150      0.000000      2.522508      0.000000
 1185.0      6.360860      0.000000      2.522050      0.000000
 1190.0      6.358412      0.000000      2.521561      0.000000
 1195.0      6.355816      0.000000      2.521042      0.000000
 1200.0      6.353077      0.000000      2.520496      0.000000
 1205.0      6.350205      0.000000      2.519923      0.000000
 1210.0      6.347208      0.000000      2.519326      0.000000
 1215.0      6.344093      0.000000      2.518706      0.000000
 1220.0      6.340869      0.000000      2.518064      0.000000
 1225.0      6.337543      0.000000      2.517402      0.000000
 1230.0      6.334123      0.000000      2.516722      0.000000
 1235.0      6.330618      0.000000      2.516025      0.000000
 1240.0      6.327035      0.000000      2.515313      0.000000
 1245.0      6.323382      0.000000      2.514587      0.000000
 1250.0      6.319668      0.000000      2.513849      0.000000
 1255.0      6.315900      0.000000      2.513100      0.000000
 1260.0      6.312087      0.000000      2.512342      0.000000
 1265.0      6.308235      0.000000      2.511577      0.000000
 1270.0      6.304354      0.000000      2.510806      0.000000
 1275.0      6.300451      0.000000      2.510031      0.000000
 1280.0      6.296534      0.000000      2.509253      0.000000
 1285.0      6.292612      0.000000      2.508473      0.000000
 1290.0      6.288691      0.000000      2.507694      0.000000
 1295.0      6.284781      0.000000      2.506917      0.000000
 1300.0      6.280889      0.000000      2.506144      0.000000
 1305.0      6.277022      0.000000      2.505376      0.000000
 1310.0      6.273190      0.000000      2.504614      0.000000
 1315.0      6.269400      0.000000      2.503860      0.000000
 1320.0      6.265660      0.000000      2.503117      0.000000
 1325.0      6.261978      0.000000      2.502384      0.000000
 1330.0      6.258362      0.000000      2.501665      0.000000
 1335.0      6.254820      0.000000      2.500960      0.000000
 1340.0      6.251359      0.000000      2.500271      0.000000
 1345.0      6.247989      0.000000      2.499599      0.000000
 1350.0      6.244709      0.000000      2.498946      0.000000
 1355.0      6.241516      0.000000      2.498309      0.000000
 1360.0      6.238406      0.000000      2.497689      0.000000
 1365.0      6.235377      0.000000      2.497084      0.000000
 1370.0      6.232424      0.000000      2.496494      0.000000
 1375.0      6.229543      0.000000      2.495919      0.000000
 1380.0      6.226730      0.000000      2.495356      0.000000
 1385.0      6.223983      0.000000      2.494807      0.000000
 1390.0      6.221297      0.000000      2.494269      0.000000
 1395.0      6.218669      0.000000      2.493743      0.000000
 1400.0      6.216095      0.000000      2.493227      0.000000
 1405.0      6.213571      0.000000      2.492721      0.000000
 1410.0      6.211093      0.000000      2.492224      0.000000
 1415.0      6.208659      0.000000      2.491736      0.000000
 1420.0      6.206264      0.000000      2.491255      0.000000
 1425.0      6.203904      0.000000      2.490781      0.000000
 1430.0      6.201576      0.000000      2.490313      0.000000
 1435.0      6.199276      0.000000      2.489850      0.000000
 1440.0      6.197000      0.000000      2.489392      0.000000
 1445.0      6.194746      0.000000      2.488938      0.000000
 1450.0      6.192508      0.000000      2.488488      0.000000
 1455.0      6.190284      0.000000      2.488040      0.000000
 1460.0      6.188069      0.000000      2.487593      0.000000
 1465.0      6.185860      0.000000      2.487148      0.000000
 1470.0      6.183654      0.000000      2.486703      0.000000
 1475.0      6.181446      0.000000      2.486258      0.000000
 1480.0      6.179233      0.000000      2.485811      0.000000
 1485.0      6.177011      0.000000      2.485363      0.000000
 1490.0      6.174777      0.000000      2.484912      0.000000
 1495.0      6.172526      0.000000      2.484458      0.000000
 1500.0      6.170256      0.000000      2.484000      0.000000
 1505.0      6.167963      0.000000      2.483537      0.000000
 1510.0      6.165649      0.000000      2.483070      0.000000
 1515.0      6.163317      0.000000      2.482600      0.000000
 1520.0      6.160969      0.000000      2.482126      0.000000
 1525.0      6.158609      0.000000      2.481649      0.000000
 1530.0      6.156237      0.000000      2.481171      0.000000
 1535.0      6.153858      0.000000      2.480691      0.000000
 1540.0      6.151474      0.000000      2.480209      0.000000
 1545.0      6.149087      0.000000      2.479728      0.000000
 1550.0      6.146700      0.000000      2.479246      0.000000
 1555.0      6.144316      0.000000      2.478765      0.000000
 1560.0      6.141937      0.000000      2.478285      0.000000
 1565.0      6.139567      0.000000      2.477806      0.000000
 1570.0      6.137207      0.000000      2.477330      0.000000
 1575.0      6.134860      0.000000      2.476856      0.000000
 1580.0      6.132528      0.000000      2.476385      0.000000
 1585.0      6.130216      0.000000      2.475919      0.000000
 1590.0      6.127924      0.000000      2.475456      0.000000
 1595.0      6.125656      0.000000      2.474998      0.000000
 1600.0      6.123415      0.000000      2.474546      0.000000
 1605.0      6.121202      0.000000      2.474099      0.000000
 1610.0      6.119022      0.000000      2.473659      0.000000
 1615.0      6.116875      0.000000      2.473225      0.000000
 1620.0      6.114765      0.000000      2.472799      0.000000
 1625.0      6.112695      0.000000      2.472381      0.000000
 1630.0      6.110667      0.000000      2.471971      0.000000
 1635.0      6.108683      0.000000      2.471571      0.000000
 1640.0      6.106747      0.000000      2.471180      0.000000
 1645.0      6.104861      0.000000      2.470799      0.000000
 1650.0      6.103028      0.000000      2.470428      0.000000
 1655.0      6.101249      0.000000      2.470069      0.000000
 1660.0      6.099529      0.000000      2.469721      0.000000
 1665.0      6.097869      0.000000      2.469386      0.000000
 1670.0      6.096273      0.000000      2.469063      0.000000
 1675.0      6.094741      0.000000      2.468753      0.000000
 1680.0      6.093276      0.000000      2.468457      0.000000
 1685.0      6.091875      0.000000      2.468174      0.000000
 1690.0      6.090539      0.000000      2.467904      0.000000
 1695.0      6.089267      0.000000      2.467646      0.000000
 1700.0      6.088057      0.000000      2.467401      0.000000
 1705.0      6.086910      0.000000      2.467169      0.000000
 1710.0      6.085824      0.000000      2.466949      0.000000
 1715.0      6.084798      0.000000      2.466742      0.000000
 1720.0      6.083833      0.000000      2.466546      0.000000
 1725.0      6.082928      0.000000      2.466363      0.000000
 1730.0      6.082081      0.000000      2.466191      0.000000
 1735.0      6.081291      0.000000      2.466031      0.000000
 1740.0      6.080560      0.000000      2.465883      0.000000
 1745.0      6.079884      0.000000      2.465746      0.000000
 1750.0      6.079265      0.000000      2.465620      0.000000
 1755.0      6.078700      0.000000      2.465505      0.000000
 1760.0      6.078190      0.000000      2.465402      0.000000
 1765.0      6.077734      0.000000      2.465309      0.000000
 1770.0      6.077331      0.000000      2.465227      0.000000
 1775.0      6.076980      0.000000      2.465156      0.000000
 1780.0      6.076681      0.000000      2.465095      0.000000
 1785.0      6.076433      0.000000      2.465044      0.000000
 1790.0      6.076234      0.000000      2.465004      0.000000
 1795.0      6.076086      0.000000      2.464973      0.000000
 1800.0      6.075986      0.000000      2.464953      0.000000
 1805.0      6.075934      0.000000      2.464942      0.000000
 1810.0      6.075929      0.000000      2.464941      0.000000
 1815.0      6.075971      0.000000      2.464949      0.000000
 1820.0      6.076060      0.000000      2.464967      0.000000
 1825.0      6.076193      0.000000      2.464994      0.000000
 1830.0      6.076371      0.000000      2.465029      0.000000
 1835.0      6.076591      0.000000      2.465074      0.000000
 1840.0      6.076851      0.000000      2.465126      0.000000
 1845.0      6.077148      0.000000      2.465186      0.000000
 1850.0      6.077480      0.000000      2.465254      0.000000
 1855.0      6.077844      0.000000      2.465327      0.000000
 1860.0      6.078238      0.000000      2.465407      0.000000
 1865.0      6.078659      0.000000      2.465492      0.000000
 1870.0      6.079105      0.000000      2.465583      0.000000
 1875.0      6.079573      0.000000      2.465677      0.000000
 1880.0      6.080060      0.000000      2.465776      0.000000
 1885.0      6.080564      0.000000      2.465878      0.000000
 1890.0      6.081083      0.000000      2.465984      0.000000
 1895.0      6.081614      0.000000      2.466091      0.000000
 1900.0      6.082154      0.000000      2.466201      0.000000
 1905.0      6.082701      0.000000      2.466312      0.000000
 1910.0      6.083252      0.000000      2.466423      0.000000
 1915.0      6.083805      0.000000      2.466536      0.000000
 1920.0      6.084358      0.000000      2.466648      0.000000
 1925.0      6.084907      0.000000      2.466759      0.000000
 1930.0      6.085450      0.000000      2.466869      0.000000
 1935.0      6.085985      0.000000      2.466978      0.000000
 1940.0      6.086509      0.000000      2.467084      0.000000
 1945.0      6.087019      0.000000      2.467187      0.000000
 1950.0      6.087514      0.000000      2.467288      0.000000
 1955.0      6.087990      0.000000      2.467384      0.000000
 1960.0      6.088445      0.000000      2.467477      0.000000
 1965.0      6.088877      0.000000      2.467564      0.000000
 1970.0      6.089282      0.000000      2.467646      0.000000
 1975.0      6.089659      0.000000      2.467723      0.000000
 1980.0      6.090004      0.000000      2.467793      0.000000
 1985.0      6.090316      0.000000      2.467856      0.000000
 1990.0      6.090592      0.000000      2.467912      0.000000
 1995.0      6.090829      0.000000      2.467960      0.000000
 2000.0      6.091024      0.000000      2.468000      0.000000
 2005.0      6.091176      0.000000      2.468031      0.000000
 2010.0      6.091285      0.000000      2.468053      0.000000
 2015.0      6.091352      0.000000      2.468067      0.000000
 2020.0      6.091378      0.000000      2.468072      0.000000
 2025.0      6.091363      0.000000      2.468069      0.000000
 2030.0      6.091309      0.000000      2.468058      0.000000
 2035.0      6.091216      0.000000      2.468039      0.000000
 2040.0      6.091086      0.000000      2.468013      0.000000
 2045.0      6.090918      0.000000      2.467979      0.000000
 2050.0      6.090714      0.000000      2.467937      0.000000
 2055.0      6.090475      0.000000      2.467889      0.000000
 2060.0      6.090202      0.000000      2.467833      0.000000
 2065.0      6.089895      0.000000      2.467771      0.000000
 2070.0      6.089556      0.000000      2.467702      0.000000
 2075.0      6.089184      0.000000      2.467627      0.000000
 2080.0      6.088782      0.000000      2.467545      0.000000
 2085.0      6.088350      0.000000      2.467458      0.000000
 2090.0      6.087888      0.000000      2.467364      0.000000
 2095.0      6.087399      0.000000      2.467265      0.000000
 2100.0      6.086881      0.000000      2.467160      0.000000
 2105.0      6.086338      0.000000      2.467050      0.000000
 2110.0      6.085768      0.000000      2.466934      0.000000
 2115.0      6.085174      0.000000      2.466813      0.000000
 2120.0      6.084555      0.000000      2.466688      0.000000
 2125.0      6.083914      0.000000      2.466558      0.000000
 2130.0      6.083250      0.000000      2.466423      0.000000
 2135.0      6.082564      0.000000      2.466284      0.000000
 2140.0      6.081859      0.000000      2.466141      0.000000
 2145.0      6.081133      0.000000      2.465994      0.000000
 2150.0      6.080389      0.000000      2.465843      0.000000
 2155.0      6.079626      0.000000      2.465688      0.000000
 2160.0      6.078847      0.000000      2.465530      0.000000
 2165.0      6.078051      0.000000      2.465368      0.000000
 2170.0      6.077240      0.000000      2.465204      0.000000
 2175.0      6.076415      0.000000      2.465036      0.000000
 2180.0      6.075576      0.000000      2.464866      0.000000
 2185.0      6.074724      0.000000      2.464693      0.000000
 2190.0      6.073860      0.000000      2.464518      0.000000
 2195.0      6.072985      0.000000      2.464340      0.000000
 2200.0      6.072100      0.000000      2.464161      0.000000
 2205.0      6.071205      0.000000      2.463979      0.000000
 2210.0      6.070302      0.000000      2.463796      0.000000
 2215.0      6.069392      0.000000      2.463611      0.000000
 2220.0      6.068474      0.000000      2.463425      0.000000
 2225.0      6.067551      0.000000      2.463237      0.000000
 2230.0      6.066623      0.000000      2.463049      0.000000
 2235.0      6.065691      0.000000      2.462860      0.000000
 2240.0      6.064755      0.000000      2.462670      0.000000
 2245.0      6.063817      0.000000      2.462479      0.000000
 2250.0      6.062877      0.000000      2.462289      0.000000
 2255.0      6.061937      0.000000      2.462098      0.000000
 2260.0      6.060997      0.000000      2.461907      0.000000
 2265.0      6.060058      0.000000      2.461716      0.000000
 2270.0      6.059120      0.000000      2.461526      0.000000
 2275.0      6.058186      0.000000      2.461336      0.000000
 2280.0      6.057255      0.000000      2.461147      0.000000
 2285.0      6.056329      0.000000      2.460959      0.000000
 2290.0      6.055408      0.000000      2.460772      0.000000
 2295.0      6.054493      0.000000      2.460587      0.000000
 2300.0      6.053585      0.000000      2.460402      0.000000
 2305.0      6.052685      0.000000      2.460219      0.000000
 2310.0      6.051794      0.000000      2.460039      0.000000
 2315.0      6.050913      0.000000      2.459860      0.000000
 2320.0      6.050042      0.000000      2.459683      0.000000
 2325.0      6.049182      0.000000      2.459508      0.000000
 2330.0      6.048335      0.000000      2.459336      0.000000
 2335.0      6.047501      0.000000      2.459167      0.000000
 2340.0      6.046681      0.000000      2.459000      0.000000
 2345.0      6.045876      0.000000      2.458836      0.000000
 2350.0      6.045085      0.000000      2.458676      0.000000
 2355.0      6.044309      0.000000      2.458518      0.000000
 2360.0      6.043547      0.000000      2.458363      0.000000
 2365.0      6.042799      0.000000      2.458211      0.000000
 2370.0      6.042065      0.000000      2.458062      0.000000
 2375.0      6.041345      0.000000      2.457916      0.000000
 2380.0      6.040639      0.000000      2.457772      0.000000
 2385.0      6.039947      0.000000      2.457632      0.000000
 2390.0      6.039268      0.000000      2.457494      0.000000
 2395.0      6.038602      0.000000      2.457358      0.000000
 2400.0      6.037949      0.000000      2.457225      0.000000
 2405.0      6.037309      0.000000      2.457095      0.000000
 2410.0      6.036682      0.000000      2.456968      0.000000
 2415.0      6.036067      0.000000      2.456843      0.000000
 2420.0      6.035465      0.000000      2.456720      0.000000
 2425.0      6.034875      0.000000      2.456600      0.000000
 2430.0      6.034297      0.000000      2.456483      0.000000
 2435.0      6.033731      0.000000      2.456368      0.000000
 2440.0      6.033177      0.000000      2.456255      0.000000
 2445.0      6.032635      0.000000      2.456145      0.000000
 2450.0      6.032104      0.000000      2.456036      0.000000
 2455.0      6.031584      0.000000      2.455931      0.000000
 2460.0      6.031076      0.000000      2.455827      0.000000
 2465.0      6.030578      0.000000      2.455726      0.000000
 2470.0      6.030091      0.000000      2.455627      0.000000
 2475.0      6.029615      0.000000      2.455530      0.000000
 2480.0      6.029149      0.000000      2.455435      0.000000
 2485.0      6.028694      0.000000      2.455342      0.000000
 2490.0      6.028249      0.000000      2.455252      0.000000
 2495.0      6.027814      0.000000      2.455163      0.000000
 2500.0      6.027389      0.000000      2.455077      0.000000
 2505.0      6.026973      0.000000      2.454992      0.000000
 2510.0      6.026567      0.000000      2.454909      0.000000
 2515.0      6.026170      0.000000      2.454828      0.000000
 2520.0      6.025783      0.000000      2.454749      0.000000
 2525.0      6.025404      0.000000      2.454672      0.000000
 2530.0      6.025035      0.000000      2.454597      0.000000
 2535.0      6.024674      0.000000      2.454523      0.000000
 2540.0      6.024322      0.000000      2.454452      0.000000
 2545.0      6.023978      0.000000      2.454381      0.000000
 2550.0      6.023642      0.000000      2.454313      0.000000
 2555.0      6.023315      0.000000      2.454246      0.000000
 2560.0      6.022995      0.000000      2.454181      0.000000
 2565.0      6.022683      0.000000      2.454117      0.000000
 2570.0      6.022379      0.000000      2.454055      0.000000
 2575.0      6.022082      0.000000      2.453995      0.000000
 2580.0      6.021792      0.000000      2.453936      0.000000
 2585.0      6.021510      0.000000      2.453878      0.000000
 2590.0      6.021234      0.000000      2.453822      0.000000
 2595.0      6.020965      0.000000      2.453767      0.000000
 2600.0      6.020703      0.000000      2.453713      0.000000
 2605.0      6.020448      0.000000      2.453661      0.000000
 2610.0      6.020198      0.000000      2.453610      0.000000
 2615.0      6.019955      0.000000      2.453561      0.000000
 2620.0      6.019718      0.000000      2.453512      0.000000
 2625.0      6.019486      0.000000      2.453465      0.000000
 2630.0      6.019261      0.000000      2.453419      0.000000
 2635.0      6.019040      0.000000      2.453374      0.000000
 2640.0      6.018825      0.000000      2.453330      0.000000
 2645.0      6.018616      0.000000      2.453287      0.000000
 2650.0      6.018411      0.000000      2.453245      0.000000
 2655.0      6.018211      0.000000      2.453205      0.000000
 2660.0      6.018016      0.000000      2.453165      0.000000
 2665.0      6.017825      0.000000      2.453126      0.000000
 2670.0      6.017639      0.000000      2.453088      0.000000
 2675.0      6.017457      0.000000      2.453051      0.000000
 2680.0      6.017279      0.000000      2.453014      0.000000
 2685.0      6.017105      0.000000      2.452979      0.000000
 2690.0      6.016935      0.000000      2.452944      0.000000
 2695.0      6.016768      0.000000      2.452910      0.000000
 2700.0      6.016605      0.000000      2.452877      0.000000
 2705.0      6.016445      0.000000      2.452844      0.000000
 2710.0      6.016289      0.000000      2.452812      0.000000
 2715.0      6.016137      0.000000      2.452781      0.000000
 2720.0      6.015987      0.000000      2.452751      0.000000
 2725.0      6.015841      0.000000      2.452721      0.000000
 2730.0      6.015697      0.000000      2.452691      0.000000
 2735.0      6.015557      0.000000      2.452663      0.000000
 2740.0      6.015420      0.000000      2.452635      0.000000
 2745.0      6.015285      0.000000      2.452607      0.000000
 2750.0      6.015153      0.000000      2.452580      0.000000
 2755.0      6.015024      0.000000      2.452554      0.000000
 2760.0      6.014897      0.000000      2.452528      0.000000
 2765.0      6.014773      0.000000      2.452503      0.000000
 2770.0      6.014651      0.000000      2.452478      0.000000
 2775.0      6.014532      0.000000      2.452454      0.000000
 2780.0      6.014414      0.000000      2.452430      0.000000
 2785.0      6.014299      0.000000      2.452406      0.000000
 2790.0      6.014186      0.000000      2.452383      0.000000
 2795.0      6.014074      0.000000      2.452360      0.000000
 2800.0      6.013965      0.000000      2.452338      0.000000
 2805.0      6.013857      0.000000      2.452316      0.000000
 2810.0      6.013751      0.000000      2.452294      0.000000
 2815.0      6.013647      0.000000      2.452273      0.000000
 2820.0      6.013544      0.000000      2.452252      0.000000
 2825.0      6.013442      0.000000      2.452231      0.000000
 2830.0      6.013342      0.000000      2.452211      0.000000
 2835.0      6.013243      0.000000      2.452191      0.000000
 2840.0      6.013145      0.000000      2.452171      0.000000
 2845.0      6.013048      0.000000      2.452151      0.000000
 2850.0      6.012953      0.000000      2.452132      0.000000
 2855.0      6.012858      0.000000      2.452112      0.000000
 2860.0      6.012764      0.000000      2.452093      0.000000
 2865.0      6.012670      0.000000      2.452074      0.000000
 2870.0      6.012577      0.000000      2.452055      0.000000
 2875.0      6.012485      0.000000      2.452036      0.000000
 2880.0      6.012393      0.000000      2.452018      0.000000
 2885.0      6.012302      0.000000      2.451999      0.000000
 2890.0      6.012211      0.000000      2.451980      0.000000
 2895.0      6.012120      0.000000      2.451962      0.000000
 2900.0      6.012029      0.000000      2.451943      0.000000
 2905.0      6.011938      0.000000      2.451925      0.000000
 2910.0      6.011847      0.000000      2.451906      0.000000
 2915.0      6.011756      0.000000      2.451888      0.000000
 2920.0      6.011664      0.000000      2.451869      0.000000
 2925.0      6.011572      0.000000      2.451850      0.000000
 2930.0      6.011480      0.000000      2.451832      0.000000
 2935.0      6.011388      0.000000      2.451813      0.000000
 2940.0      6.011294      0.000000      2.451794      0.000000
 2945.0      6.011200      0.000000      2.451775      0.000000
 2950.0      6.011106      0.000000      2.451755      0.000000
 2955.0      6.011010      0.000000      2.451736      0.000000
 2960.0      6.010913      0.000000      2.451716      0.000000
 2965.0      6.010816      0.000000      2.451696      0.000000
 2970.0      6.010717      0.000000      2.451676      0.000000
 2975.0      6.010617      0.000000      2.451656      0.000000
 2980.0      6.010516      0.000000      2.451635      0.000000
 2985.0      6.010413      0.000000      2.451614      0.000000
 2990.0      6.010309      0.000000      2.451593      0.000000
 2995.0      6.010203      0.000000      2.451571      0.000000
 3000.0      6.010096      0.000000      2.451549      0.000000
 3050.0      6.008912      0.000000      2.451308      0.000000
 3100.0      6.007466      0.000000      2.451013      0.000000
 3150.0      6.005700      0.000000      2.450653      0.000000
 3200.0      6.003692      0.000000      2.450243      0.000000
 3250.0      6.001557      0.000000      2.449807      0.000000
 3300.0      5.999410      0.000000      2.449369      0.000000
 3350.0      5.997366      0.000000      2.448952      0.000000
 3400.0      5.995539      0.000000      2.448579      0.000000
 3450.0      5.994047      0.000000      2.448274      0.000000
 3500.0      5.993002      0.000000      2.448061      0.000000
 3550.0      5.992515      0.000000      2.447961      0.000000
 3600.0      5.992572      0.000000      2.447973      0.000000
 3650.0      5.993051      0.000000      2.448071      0.000000
 3700.0      5.993825      0.000000      2.448229      0.000000
 3750.0      5.994769      0.000000      2.448422      0.000000
 3800.0      5.995755      0.000000      2.448623      0.000000
 3850.0      5.996658      0.000000      2.448808      0.000000
 3900.0      5.997351      0.000000      2.448949      0.000000
 3950.0      5.997707      0.000000      2.449022      0.000000
 4000.0      5.997601      0.000000      2.449000      0.000000
 4050.0      5.996938      0.000000      2.448864      0.000000
 4100.0      5.995751      0.000000      2.448622      0.000000
 4150.0      5.994108      0.000000      2.448286      0.000000
 4200.0      5.992074      0.000000      2.447870      0.000000
 4250.0      5.989715      0.000000      2.447388      0.000000
 4300.0      5.987098      0.000000      2.446853      0.000000
 4350.0      5.984289      0.000000      2.446279      0.000000
 4400.0      5.981353      0.000000      2.445679      0.000000
 4450.0      5.978357      0.000000      2.445066      0.000000
 4500.0      5.975367      0.000000      2.444455      0.000000
 4550.0      5.972449      0.000000      2.443859      0.000000
 4600.0      5.969669      0.000000      2.443290      0.000000
 4650.0      5.967093      0.000000      2.442764      0.000000
 4700.0      5.964755      0.000000      2.442286      0.000000
 4750.0      5.962660      0.000000      2.441857      0.000000
 4800.0      5.960809      0.000000      2.441478      0.000000
 4850.0      5.959204      0.000000      2.441150      0.000000
 4900.0      5.957846      0.000000      2.440872      0.000000
 4950.0      5.956736      0.000000      2.440645      0.000000
 5000.0      5.955877      0.000000      2.440469      0.000000
 5050.0      5.955270      0.000000      2.440344      0.000000
 5100.0      5.954916      0.000000      2.440272      0.000000
 5150.0      5.954818      0.000000      2.440251      0.000000
 5200.0      5.954976      0.000000      2.440284      0.000000
 5250.0      5.955393      0.000000      2.440369      0.000000
 5300.0      5.956069      0.000000      2.440507      0.000000
 5350.0      5.957008      0.000000      2.440699      0.000000
 5400.0      5.958209      0.000000      2.440944      0.000000
 5450.0      5.959670      0.000000      2.441243      0.000000
 5500.0      5.961352      0.000000      2.441587      0.000000
 5550.0      5.963198      0.000000      2.441965      0.000000
 5600.0      5.965154      0.000000      2.442365      0.000000
 5650.0      5.967162      0.000000      2.442776      0.000000
 5700.0      5.969168      0.000000      2.443187      0.000000
 5750.0      5.971116      0.000000      2.443586      0.000000
 5800.0      5.972949      0.000000      2.443961      0.000000
 5850.0      5.974612      0.000000      2.444301      0.000000
 5900.0      5.976050      0.000000      2.444596      0.000000
 5950.0      5.977206      0.000000      2.444832      0.000000
 6000.0      5.978025      0.000000      2.445000      0.000000
 6050.0      5.978464      0.000000      2.445090      0.000000
 6100.0      5.978535      0.000000      2.445104      0.000000
 6150.0      5.978263      0.000000      2.445049      0.000000
 6200.0      5.977672      0.000000      2.444928      0.000000
 6250.0      5.976787      0.000000      2.444747      0.000000
 6300.0      5.975634      0.000000      2.444511      0.000000
 6350.0      5.974237      0.000000      2.444225      0.000000
 6400.0      5.972621      0.000000      2.443894      0.000000
 6450.0      5.970810      0.000000      2.443523      0.000000
 6500.0      5.968830      0.000000      2.443118      0.000000
 6550.0      5.966705      0.000000      2.442683      0.000000
 6600.0      5.964461      0.000000      2.442223      0.000000
 6650.0      5.962122      0.000000      2.441744      0.000000
 6700.0      5.959713      0.000000      2.441251      0.000000
 6750.0      5.957259      0.000000      2.440748      0.000000
 6800.0      5.954784      0.000000      2.440241      0.000000
 6850.0      5.952314      0.000000      2.439735      0.000000
 6900.0      5.949873      0.000000      2.439235      0.000000
 6950.0      5.947487      0.000000      2.438746      0.000000
 7000.0      5.945180      0.000000      2.438274      0.000000
 7050.0      5.942976      0.000000      2.437822      0.000000
 7100.0      5.940888      0.000000      2.437394      0.000000
 7150.0      5.938909      0.000000      2.436988      0.000000
 7200.0      5.937032      0.000000      2.436604      0.000000
 7250.0      5.935251      0.000000      2.436238      0.000000
 7300.0      5.933559      0.000000      2.435891      0.000000
 7350.0      5.931949      0.000000      2.435561      0.000000
 7400.0      5.930415      0.000000      2.435246      0.000000
 7450.0      5.928949      0.000000      2.434945      0.000000
 7500.0      5.927544      0.000000      2.434657      0.000000
 7550.0      5.926195      0.000000      2.434380      0.000000
 7600.0      5.924894      0.000000      2.434112      0.000000
 7650.0      5.923633      0.000000      2.433853      0.000000
 7700.0      5.922408      0.000000      2.433601      0.000000
 7750.0      5.921210      0.000000      2.433355      0.000000
 7800.0      5.920033      0.000000      2.433113      0.000000
 7850.0      5.918870      0.000000      2.432874      0.000000
 7900.0      5.917714      0.000000      2.432636      0.000000
 7950.0      5.916559      0.000000      2.432398      0.000000
 8000.0      5.915397      0.000000      2.432159      0.000000
 8050.0      5.914223      0.000000      2.431917      0.000000
 8100.0      5.913034      0.000000      2.431673      0.000000
 8150.0      5.911839      0.000000      2.431427      0.000000
 8200.0      5.910647      0.000000      2.431181      0.000000
 8250.0      5.909466      0.000000      2.430938      0.000000
 8300.0      5.908304      0.000000      2.430699      0.000000
 8350.0      5.907170      0.000000      2.430466      0.000000
 8400.0      5.906073      0.000000      2.430240      0.000000
 8450.0      5.905022      0.000000      2.430024      0.000000
 8500.0      5.904025      0.000000      2.429818      0.000000
 8550.0      5.903090      0.000000      2.429626      0.000000
 8600.0      5.902226      0.000000      2.429448      0.000000
 8650.0      5.901442      0.000000      2.429287      0.000000
 8700.0      5.900746      0.000000      2.429144      0.000000
 8750.0      5.900147      0.000000      2.429020      0.000000
 8800.0      5.899654      0.000000      2.428919      0.000000
 8850.0      5.899274      0.000000      2.428841      0.000000
 8900.0      5.899018      0.000000      2.428788      0.000000
 8950.0      5.898892      0.000000      2.428763      0.000000
 9000.0      5.898907      0.000000      2.428766      0.000000
 9050.0      5.899069      0.000000      2.428799      0.000000
 9100.0      5.899389      0.000000      2.428865      0.000000
 9150.0      5.899874      0.000000      2.428966      0.000000
 9200.0      5.900531      0.000000      2.429101      0.000000
 9250.0      5.901341      0.000000      2.429268      0.000000
 9300.0      5.902272      0.000000      2.429460      0.000000
 9350.0      5.903290      0.000000      2.429670      0.000000
 9400.0      5.904365      0.000000      2.429892      0.000000
 9450.0      5.905462      0.000000      2.430118      0.000000
 9500.0      5.906550      0.000000      2.430342      0.000000
 9550.0      5.907596      0.000000      2.430558      0.000000
 9600.0      5.908568      0.000000      2.430758      0.000000
 9650.0      5.909432      0.000000      2.430936      0.000000
 9700.0      5.910158      0.000000      2.431085      0.000000
 9750.0      5.910711      0.000000      2.431199      0.000000
 9800.0      5.911060      0.000000      2.431270      0.000000
 9850.0      5.911172      0.000000      2.431293      0.000000
 9900.0      5.911015      0.000000      2.431260      0.000000
 9950.0      5.910555      0.000000      2.431164      0.000000
10000.0      5.909761      0.000000      2.431000      0.000000
10050.0      5.908609      0.000000      2.430762      0.000000
10100.0      5.907115      0.000000      2.430453      0.000000
10150.0      5.905302      0.000000      2.430078      0.000000
10200.0      5.903193      0.000000      2.429642      0.000000
10250.0      5.900815      0.000000      2.429151      0.000000
10300.0      5.898189      0.000000      2.428609      0.000000
10350.0      5.895341      0.000000      2.428020      0.000000
10400.0      5.892295      0.000000      2.427391      0.000000
10450.0      5.889074      0.000000      2.426726      0.000000
10500.0      5.885703      0.000000      2.426030      0.000000
10550.0      5.882206      0.000000      2.425308      0.000000
10600.0      5.878607      0.000000      2.424564      0.000000
10650.0      5.874930      0.000000      2.423805      0.000000
10700.0      5.871199      0.000000      2.423035      0.000000
10750.0      5.867437      0.000000      2.422258      0.000000
10800.0      5.863671      0.000000      2.421480      0.000000
10850.0      5.859922      0.000000      2.420707      0.000000
10900.0      5.856216      0.000000      2.419941      0.000000
10950.0      5.852576      0.000000      2.419190      0.000000
11000.0      5.849027      0.000000      2.418458      0.000000
11050.0      5.845592      0.000000      2.417749      0.000000
11100.0      5.842297      0.000000      2.417068      0.000000
11150.0      5.839164      0.000000      2.416422      0.000000
11200.0      5.836217      0.000000      2.415814      0.000000
11250.0      5.833482      0.000000      2.415250      0.000000
11300.0      5.830982      0.000000      2.414734      0.000000
11350.0      5.828741      0.000000      2.414272      0.000000
11400.0      5.826783      0.000000      2.413868      0.000000
11450.0      5.825133      0.000000      2.413528      0.000000
11500.0      5.823813      0.000000      2.413256      0.000000
11550.0      5.822850      0.000000      2.413058      0.000000
11600.0      5.822263      0.000000      2.412937      0.000000
11650.0      5.822048      0.000000      2.412894      0.000000
11700.0      5.822175      0.000000      2.412921      0.000000
11750.0      5.822614      0.000000      2.413012      0.000000
11800.0      5.823336      0.000000      2.413162      0.000000
11850.0      5.824312      0.000000      2.413364      0.000000
11900.0      5.825512      0.000000      2.413613      0.000000
11950.0      5.826907      0.000000      2.413902      0.000000
12000.0      5.828467      0.000000      2.414225      0.000000
12050.0      5.830162      0.000000      2.414576      0.000000
12100.0      5.831964      0.000000      2.414948      0.000000
12150.0      5.833842      0.000000      2.415337      0.000000
12200.0      5.835768      0.000000      2.415735      0.000000
12250.0      5.837711      0.000000      2.416137      0.000000
12300.0      5.839643      0.000000      2.416537      0.000000
12350.0      5.841533      0.000000      2.416928      0.000000
12400.0      5.843353      0.000000      2.417304      0.000000
12450.0      5.845073      0.000000      2.417659      0.000000
12500.0      5.846663      0.000000      2.417988      0.000000
12550.0      5.848094      0.000000      2.418284      0.000000
12600.0      5.849336      0.000000      2.418541      0.000000
12650.0      5.850361      0.000000      2.418752      0.000000
12700.0      5.851137      0.000000      2.418913      0.000000
12750.0      5.851637      0.000000      2.419016      0.000000
12800.0      5.851844      0.000000      2.419058      0.000000
12850.0      5.851768      0.000000      2.419042      0.000000
12900.0      5.851427      0.000000      2.418971      0.000000
12950.0      5.850834      0.000000      2.418848      0.000000
13000.0      5.850007      0.000000      2.418677      0.000000
13050.0      5.848960      0.000000      2.418460      0.000000
13100.0      5.847709      0.000000      2.418201      0.000000
13150.0      5.846270      0.000000      2.417903      0.000000
13200.0      5.844658      0.000000      2.417569      0.000000
13250.0      5.842889      0.000000      2.417203      0.000000
13300.0      5.840978      0.000000      2.416807      0.000000
13350.0      5.838942      0.000000      2.416385      0.000000
13400.0      5.836795      0.000000      2.415941      0.000000
13450.0      5.834553      0.000000      2.415477      0.000000
13500.0      5.832233      0.000000      2.414996      0.000000
13550.0      5.829848      0.000000      2.414503      0.000000
13600.0      5.827416      0.000000      2.413999      0.000000
13650.0      5.824951      0.000000      2.413489      0.000000
13700.0      5.822469      0.000000      2.412975      0.000000
13750.0      5.819987      0.000000      2.412461      0.000000
13800.0      5.817518      0.000000      2.411950      0.000000
13850.0      5.815080      0.000000      2.411445      0.000000
13900.0      5.812687      0.000000      2.410950      0.000000
13950.0      5.810355      0.000000      2.410467      0.000000
14000.0      5.808100      0.000000      2.410000      0.000000
14050.0      5.805934      0.000000      2.409551      0.000000
14100.0      5.803857      0.000000      2.409121      0.000000
14150.0      5.801865      0.000000      2.408709      0.000000
14200.0      5.799954      0.000000      2.408313      0.000000
14250.0      5.798122      0.000000      2.407933      0.000000
14300.0      5.796364      0.000000      2.407569      0.000000
14350.0      5.794676      0.000000      2.407219      0.000000
14400.0      5.793056      0.000000      2.406883      0.000000
14450.0      5.791500      0.000000      2.406561      0.000000
14500.0      5.790003      0.000000      2.406250      0.000000
14550.0      5.788563      0.000000      2.405952      0.000000
14600.0      5.787175      0.000000      2.405664      0.000000
14650.0      5.785837      0.000000      2.405386      0.000000
14700.0      5.784545      0.000000      2.405118      0.000000
14750.0      5.783294      0.000000      2.404858      0.000000
14800.0      5.782083      0.000001      2.404607      0.000000
14850.0      5.780906      0.000001      2.404362      0.000000
14900.0      5.779760      0.000001      2.404124      0.000000
14950.0      5.778642      0.000001      2.403892      0.000000
