#Lambda        Dielectric Constant          Refractive Index
# [nm]        [Real]        [Imag]        [Real]        [Imag]
  300.0      2.502400      6.540000      2.180000      1.500000
  305.0      2.701089      6.246340      2.183261      1.430471
  310.0      2.885875      5.978784      2.187218      1.366751
  315.0      3.057533      5.735968      2.191839      1.308539
  320.0      3.216838      5.516528      2.197091      1.255535
  325.0      3.364566      5.319100      2.202941      1.207436
  330.0      3.501493      5.142320      2.209355      1.163943
  335.0      3.628394      4.984824      2.216301      1.124754
  340.0      3.746045      4.845248      2.223746      1.089568
  345.0      3.855222      4.722228      2.231657      1.058084
  350.0      3.956700      4.614400      2.240000      1.030000
  355.0      4.051255      4.520400      2.248743      1.005016
  360.0      4.139663      4.438864      2.257854      0.982832
  365.0      4.222699      4.368428      2.267299      0.963146
  370.0      4.301139      4.307728      2.277045      0.945657
  375.0      4.375759      4.255400      2.287059      0.930064
  380.0      4.447334      4.210080      2.297309      0.916065
  385.0      4.516640      4.170404      2.307761      0.903361
  390.0      4.584453      4.135008      2.318382      0.891649
  395.0      4.651548      4.102528      2.329139      0.880629
  400.0      4.718700      4.071600      2.340000      0.870000
  405.0      4.786532      4.041085      2.350934      0.859512
  410.0      4.855046      4.010747      2.361924      0.849119
  415.0      4.924092      3.980573      2.372954      0.838826
  420.0      4.993518      3.950553      2.384008      0.828638
  425.0      5.063173      3.920674      2.395072      0.818560
  430.0      5.132906      3.890926      2.406130      0.808598
  435.0      5.202566      3.861296      2.417167      0.798755
  440.0      5.272003      3.831773      2.428168      0.789038
  445.0      5.341065      3.802345      2.439117      0.779451
  450.0      5.409600      3.773000      2.450000      0.770000
  455.0      5.477414      3.743700      2.460789      0.760685
  460.0      5.544139      3.714298      2.471410      0.751491
  465.0      5.609361      3.684618      2.481777      0.742400
  470.0      5.672669      3.654485      2.491804      0.733391
  475.0      5.733649      3.623725      2.501405      0.724445
  480.0      5.791889      3.592164      2.510493      0.715544
  485.0      5.846977      3.559625      2.518983      0.706668
  490.0      5.898500      3.525935      2.526788      0.697799
  495.0      5.946045      3.490918      2.533822      0.688916
  500.0      5.989200      3.454400      2.540000      0.680000
  505.0      6.027772      3.416282      2.545280      0.671038
  510.0      6.062448      3.376770      2.549796      0.662036
  515.0      6.094133      3.336147      2.553729      0.653006
  520.0      6.123734      3.294696      2.557257      0.643960
  525.0      6.152156      3.252698      2.560561      0.634909
  530.0      6.180306      3.210436      2.563820      0.625865
  535.0      6.209089      3.168193      2.567214      0.616840
  540.0      6.239412      3.126251      2.570922      0.607847
  545.0      6.272180      3.084893      2.575124      0.598896
  550.0      6.308300      3.044400      2.580000      0.590000
  555.0      6.348397      3.004957      2.585674      0.581163
  560.0      6.391974      2.966349      2.592048      0.572365
  565.0      6.438253      2.928264      2.598970      0.563577
  570.0      6.486455      2.890388      2.606289      0.554771
  575.0      6.535803      2.852408      2.613852      0.545920
  580.0      6.585518      2.814012      2.621507      0.536995
  585.0      6.634823      2.774886      2.629102      0.527968
  590.0      6.682941      2.734718      2.636484      0.518812
  595.0      6.729093      2.693194      2.643501      0.509499
  600.0      6.772500      2.650000      2.650000      0.500000
  605.0      6.812739      2.604943      2.655897      0.490299
  610.0      6.850802      2.558303      2.661374      0.480425
  615.0      6.888033      2.510478      2.666681      0.470417
  620.0      6.925779      2.461867      2.672066      0.460316
  625.0      6.965384      2.412868      2.677779      0.450162
  630.0      7.008195      2.363879      2.684070      0.439995
  635.0      7.055556      2.315300      2.691188      0.429855
  640.0      7.108814      2.267528      2.699383      0.419783
  645.0      7.169313      2.220962      2.708904      0.409818
  650.0      7.238400      2.176000      2.720000      0.400000
  655.0      7.316920      2.132925      2.732828      0.390361
  660.0      7.403722      2.091551      2.747176      0.380897
  665.0      7.497157      2.051577      2.762738      0.371595
  670.0      7.595575      2.012700      2.779208      0.362444
  675.0      7.697325      1.974620      2.796281      0.353431
  680.0      7.800756      1.937034      2.813652      0.344543
  685.0      7.904219      1.899641      2.831015      0.335769
  690.0      8.006064      1.862138      2.848064      0.327095
  695.0      8.104641      1.824225      2.864494      0.318510
  700.0      8.198300      1.785600      2.880000      0.310000
  705.0      8.285661      1.745974      2.894329      0.301547
  710.0      8.366431      1.705110      2.907440      0.293108
  715.0      8.440586      1.662784      2.919347      0.284632
  720.0      8.508102      1.618773      2.930061      0.276067
  725.0      8.568957      1.572854      2.939595      0.267364
  730.0      8.623128      1.524803      2.947961      0.258471
  735.0      8.670591      1.474395      2.955172      0.249339
  740.0      8.711323      1.421408      2.961241      0.239917
  745.0      8.745300      1.365617      2.966179      0.230154
  750.0      8.772500      1.306800      2.970000      0.220000
  755.0      8.792864      1.244876      2.972706      0.209429
  760.0      8.806194      1.180341      2.974262      0.198510
  765.0      8.812254      1.113834      2.974624      0.187339
  770.0      8.810812      1.045995      2.973748      0.176009
  775.0      8.801633      0.977463      2.971588      0.164616
  780.0      8.784484      0.908879      2.968102      0.153253
  785.0      8.759130      0.840881      2.963245      0.142016
  790.0      8.725338      0.774109      2.956972      0.130998
  795.0      8.682872      0.709202      2.949238      0.120295
  800.0      8.631500      0.646800      2.940000      0.110000
  805.0      8.571305      0.587466      2.929268      0.100198
  810.0      8.503644      0.531457      2.917272      0.090932
  815.0      8.430191      0.478955      2.904298      0.082235
  820.0      8.352621      0.430139      2.890629      0.074138
  825.0      8.272607      0.385191      2.876551      0.066675
  830.0      8.191825      0.344292      2.862349      0.059877
  835.0      8.111949      0.307623      2.848308      0.053778
  840.0      8.034653      0.275364      2.834713      0.048411
  845.0      7.961612      0.247696      2.821849      0.043807
  850.0      7.894500      0.224800      2.810000      0.040000
  855.0      7.834581      0.206724      2.799382      0.036999
  860.0      7.781472      0.192979      2.789930      0.034722
  865.0      7.734381      0.182945      2.781507      0.033064
  870.0      7.692517      0.175999      2.773978      0.031921
  875.0      7.655086      0.171521      2.767208      0.031188
  880.0      7.621297      0.168889      2.761062      0.030759
  885.0      7.590356      0.167483      2.755403      0.030531
  890.0      7.561471      0.166680      2.750097      0.030398
  895.0      7.533850      0.165860      2.745008      0.030256
  900.0      7.506700      0.164400      2.740000      0.030000
  905.0      7.479378      0.161810      2.734964      0.029547
  910.0      7.451835      0.158116      2.729890      0.028901
  915.0      7.424173      0.153475      2.724796      0.028090
  920.0      7.396493      0.148042      2.719699      0.027139
  925.0      7.368896      0.141975      2.714616      0.026075
  930.0      7.341484      0.135430      2.709563      0.024926
  935.0      7.314357      0.128563      2.704558      0.023717
  940.0      7.287616      0.121532      2.699618      0.022476
  945.0      7.261364      0.114492      2.694760      0.021228
  950.0      7.235700      0.107600      2.690000      0.020000
  955.0      7.210715      0.100984      2.685354      0.018814
  960.0      7.186453      0.094659      2.680831      0.017674
  965.0      7.162948      0.088613      2.676439      0.016577
  970.0      7.140233      0.082833      2.672186      0.015523
  975.0      7.118341      0.077305      2.668079      0.014509
  980.0      7.097306      0.072016      2.664125      0.013535
  985.0      7.077161      0.066955      2.660332      0.012598
  990.0      7.057940      0.062107      2.656709      0.011698
  995.0      7.039675      0.057460      2.653262      0.010832
 1000.0      7.022400      0.053000      2.650000      0.010000
 1005.0      7.006133      0.048718      2.646926      0.009199
 1010.0      6.990830      0.044610      2.644033      0.008430
 1015.0      6.976431      0.040676      2.641309      0.007693
 1020.0      6.962876      0.036915      2.638744      0.006987
 1025.0      6.950106      0.033328      2.636325      0.006313
 1030.0      6.938060      0.029914      2.634042      0.005670
 1035.0      6.926680      0.026672      2.631883      0.005059
 1040.0      6.915905      0.023601      2.629838      0.004480
 1045.0      6.905676      0.020702      2.627894      0.003932
 1050.0      6.895933      0.017974      2.626040      0.003416
 1055.0      6.886616      0.015416      2.624265      0.002932
 1060.0      6.877666      0.013029      2.622559      0.002480
 1065.0      6.869023      0.010814      2.620909      0.002060
 1070.0      6.860628      0.008763      2.619305      0.001670
 1075.0      6.852420      0.006873      2.617735      0.001310
 1080.0      6.844339      0.005171      2.616187      0.000986
 1085.0      6.836326      0.003664      2.614651      0.000699
 1090.0      6.828322      0.002252      2.613115      0.000430
 1095.0      6.820266      0.000906      2.611569      0.000173
 1100.0      6.812100      0.000000      2.610000      0.000000
 1105.0      6.803778      0.000000      2.608401      0.000000
 1110.0      6.795318      0.000000      2.606774      0.000000
 1115.0      6.786752      0.000000      2.605126      0.000000
 1120.0      6.778113      0.000000      2.603464      0.000000
 1125.0      6.769433      0.000000      2.601794      0.000000
 1130.0      6.760744      0.000000      2.600121      0.000000
 1135.0      6.752079      0.000000      2.598452      0.000000
 1140.0      6.743471      0.000000      2.596794      0.000000
 1145.0      6.734952      0.000000      2.595152      0.000000
 1150.0      6.726555      0.000000      2.593534      0.000000
 1155.0      6.718311      0.000000      2.591945      0.000000
 1160.0      6.710254      0.000000      2.590392      0.000000
 1165.0      6.702415      0.000000      2.588880      0.000000
 1170.0      6.694828      0.000000      2.587417      0.000000
 1175.0      6.687524      0.000000      2.586008      0.000000
 1180.0      6.680537      0.000000      2.584660      0.000000
 1185.0      6.673898      0.000000      2.583379      0.000000
 1190.0      6.667641      0.000000      2.582171      0.000000
 1195.0      6.661797      0.000000      2.581043      0.000000
 1200.0      6.656400      0.000000      2.580000      0.000000
 1205.0      6.651470      0.000000      2.579048      0.000000
 1210.0      6.646986      0.000000      2.578181      0.000000
 1215.0      6.642914      0.000000      2.577393      0.000000
 1220.0      6.639222      0.000000      2.576679      0.000000
 1225.0      6.635877      0.000000      2.576032      0.000000
 1230.0      6.632845      0.000000      2.575445      0.000000
 1235.0      6.630095      0.000000      2.574912      0.000000
 1240.0      6.627592      0.000000      2.574426      0.000000
 1245.0      6.625304      0.000000      2.573981      0.000000
 1250.0      6.623198      0.000000      2.573572      0.000000
 1255.0      6.621241      0.000000      2.573191      0.000000
 1260.0      6.619401      0.000000      2.572833      0.000000
 1265.0      6.617643      0.000000      2.572490      0.000000
 1270.0      6.615936      0.000000      2.572157      0.000000
 1275.0      6.614246      0.000000      2.571827      0.000000
 1280.0      6.612540      0.000000      2.571493      0.000000
 1285.0      6.610785      0.000000      2.571150      0.000000
 1290.0      6.608949      0.000000      2.570791      0.000000
 1295.0      6.606998      0.000000      2.570410      0.000000
 1300.0      6.604900      0.000000      2.570000      0.000000
 1305.0      6.602631      0.000000      2.569557      0.000000
 1310.0      6.600202      0.000000      2.569083      0.000000
 1315.0      6.597635      0.000000      2.568582      0.000000
 1320.0      6.594952      0.000000      2.568058      0.000000
 1325.0      6.592174      0.000000      2.567516      0.000000
 1330.0      6.589322      0.000000      2.566960      0.000000
 1335.0      6.586418      0.000000      2.566394      0.000000
 1340.0      6.583482      0.000000      2.565822      0.000000
 1345.0      6.580537      0.000000      2.565248      0.000000
 1350.0      6.577603      0.000000      2.564676      0.000000
 1355.0      6.574702      0.000000      2.564111      0.000000
 1360.0      6.571856      0.000000      2.563556      0.000000
 1365.0      6.569085      0.000000      2.563016      0.000000
 1370.0      6.566411      0.000000      2.562495      0.000000
 1375.0      6.563856      0.000000      2.561997      0.000000
 1380.0      6.561440      0.000000      2.561527      0.000000
 1385.0      6.559185      0.000000      2.561088      0.000000
 1390.0      6.557113      0.000000      2.560684      0.000000
 1395.0      6.555244      0.000000      2.560320      0.000000
 1400.0      6.553600      0.000000      2.560000      0.000000
 1405.0      6.552196      0.000000      2.559727      0.000000
 1410.0      6.551025      0.000000      2.559499      0.000000
 1415.0      6.550072      0.000000      2.559313      0.000000
 1420.0      6.549324      0.000000      2.559167      0.000000
 1425.0      6.548765      0.000000      2.559058      0.000000
 1430.0      6.548382      0.000000      2.558984      0.000000
 1435.0      6.548161      0.000000      2.558941      0.000000
 1440.0      6.548087      0.000000      2.558926      0.000000
 1445.0      6.548147      0.000000      2.558938      0.000000
 1450.0      6.548327      0.000000      2.558973      0.000000
 1455.0      6.548612      0.000000      2.559029      0.000000
 1460.0      6.548989      0.000000      2.559102      0.000000
 1465.0      6.549443      0.000000      2.559190      0.000000
 1470.0      6.549960      0.000000      2.559291      0.000000
 1475.0      6.550526      0.000000      2.559402      0.000000
 1480.0      6.551127      0.000000      2.559519      0.000000
 1485.0      6.551749      0.000000      2.559640      0.000000
 1490.0      6.552378      0.000000      2.559762      0.000000
 1495.0      6.553000      0.000000      2.559883      0.000000
 1500.0      6.553600      0.000000      2.560000      0.000000
 1505.0      6.554168      0.000000      2.560110      0.000000
 1510.0      6.554700      0.000000      2.560214      0.000000
 1515.0      6.555198      0.000000      2.560311      0.000000
 1520.0      6.555661      0.000000      2.560401      0.000000
 1525.0      6.556091      0.000000      2.560484      0.000000
 1530.0      6.556487      0.000000      2.560561      0.000000
 1535.0      6.556850      0.000000      2.560632      0.000000
 1540.0      6.557180      0.000000      2.560696      0.000000
 1545.0      6.557478      0.000000      2.560754      0.000000
 1550.0      6.557745      0.000000      2.560806      0.000000
 1555.0      6.557981      0.000000      2.560852      0.000000
 1560.0      6.558185      0.000000      2.560891      0.000000
 1565.0      6.558359      0.000000      2.560924      0.000000
 1570.0      6.558502      0.000000      2.560952      0.000000
 1575.0      6.558616      0.000000      2.560974      0.000000
 1580.0      6.558701      0.000000      2.560990      0.000000
 1585.0      6.558756      0.000000      2.561001      0.000000
 1590.0      6.558783      0.000000      2.561006      0.000000
 1595.0      6.558782      0.000000      2.561005      0.000000
 1600.0      6.558753      0.000000      2.560999      0.000000
 1605.0      6.558697      0.000000      2.560988      0.000000
 1610.0      6.558614      0.000000      2.560972      0.000000
 1615.0      6.558504      0.000000      2.560950      0.000000
 1620.0      6.558368      0.000000      2.560923      0.000000
 1625.0      6.558207      0.000000      2.560891      0.000000
 1630.0      6.558020      0.000000      2.560855      0.000000
 1635.0      6.557808      0.000000      2.560813      0.000000
 1640.0      6.557572      0.000000      2.560767      0.000000
 1645.0      6.557312      0.000000      2.560716      0.000000
 1650.0      6.557028      0.000000      2.560660      0.000000
 1655.0      6.556721      0.000000      2.560600      0.000000
 1660.0      6.556391      0.000000      2.560535      0.000000
 1665.0      6.556039      0.000000      2.560466      0.000000
 1670.0      6.555664      0.000000      2.560392      0.000000
 1675.0      6.555268      0.000000      2.560315      0.000000
 1680.0      6.554850      0.000000      2.560233      0.000000
 1685.0      6.554412      0.000000      2.560147      0.000000
 1690.0      6.553953      0.000000      2.560057      0.000000
 1695.0      6.553474      0.000000      2.559963      0.000000
 1700.0      6.552976      0.000000      2.559866      0.000000
 1705.0      6.552458      0.000000      2.559765      0.000000
 1710.0      6.551922      0.000000      2.559660      0.000000
 1715.0      6.551367      0.000000      2.559551      0.000000
 1720.0      6.550794      0.000000      2.559439      0.000000
 1725.0      6.550204      0.000000      2.559324      0.000000
 1730.0      6.549596      0.000000      2.559205      0.000000
 1735.0      6.548972      0.000000      2.559083      0.000000
 1740.0      6.548331      0.000000      2.558957      0.000000
 1745.0      6.547674      0.000000      2.558828      0.000000
 1750.0      6.547002      0.000000      2.558697      0.000000
 1755.0      6.546315      0.000000      2.558562      0.000000
 1760.0      6.545613      0.000000      2.558425      0.000000
 1765.0      6.544897      0.000000      2.558285      0.000000
 1770.0      6.544166      0.000000      2.558142      0.000000
 1775.0      6.543422      0.000000      2.557997      0.000000
 1780.0      6.542664      0.000000      2.557849      0.000000
 1785.0      6.541894      0.000000      2.557698      0.000000
 1790.0      6.541112      0.000000      2.557545      0.000000
 1795.0      6.540318      0.000000      2.557390      0.000000
 1800.0      6.539512      0.000000      2.557233      0.000000
 1805.0      6.538695      0.000000      2.557073      0.000000
 1810.0      6.537868      0.000000      2.556911      0.000000
 1815.0      6.537031      0.000000      2.556747      0.000000
 1820.0      6.536183      0.000000      2.556582      0.000000
 1825.0      6.535326      0.000000      2.556415      0.000000
 1830.0      6.534459      0.000000      2.556245      0.000000
 1835.0      6.533584      0.000000      2.556074      0.000000
 1840.0      6.532701      0.000000      2.555901      0.000000
 1845.0      6.531810      0.000000      2.555727      0.000000
 1850.0      6.530912      0.000000      2.555552      0.000000
 1855.0      6.530006      0.000000      2.555375      0.000000
 1860.0      6.529094      0.000000      2.555196      0.000000
 1865.0      6.528175      0.000000      2.555016      0.000000
 1870.0      6.527251      0.000000      2.554836      0.000000
 1875.0      6.526322      0.000000      2.554655      0.000000
 1880.0      6.525387      0.000000      2.554472      0.000000
 1885.0      6.524448      0.000000      2.554288      0.000000
 1890.0      6.523504      0.000000      2.554104      0.000000
 1895.0      6.522557      0.000000      2.553919      0.000000
 1900.0      6.521606      0.000000      2.553733      0.000000
 1905.0      6.520652      0.000000      2.553547      0.000000
 1910.0      6.519696      0.000000      2.553360      0.000000
 1915.0      6.518737      0.000000      2.553173      0.000000
 1920.0      6.517777      0.000000      2.552985      0.000000
 1925.0      6.516815      0.000000      2.552797      0.000000
 1930.0      6.515853      0.000000      2.552609      0.000000
 1935.0      6.514890      0.000000      2.552421      0.000000
 1940.0      6.513926      0.000000      2.552232      0.000000
 1945.0      6.512963      0.000000      2.552044      0.000000
 1950.0      6.512000      0.000000      2.551856      0.000000
 1955.0      6.511039      0.000000      2.551668      0.000000
 1960.0      6.510079      0.000000      2.551481      0.000000
 1965.0      6.509121      0.000000      2.551294      0.000000
 1970.0      6.508165      0.000000      2.551107      0.000000
 1975.0      6.507211      0.000000      2.550921      0.000000
 1980.0      6.506261      0.000000      2.550735      0.000000
 1985.0      6.505314      0.000000      2.550550      0.000000
 1990.0      6.504372      0.000000      2.550366      0.000000
 1995.0      6.503434      0.000000      2.550183      0.000000
 2000.0      6.502500      0.000000      2.550000      0.000000
 2005.0      6.501571      0.000000      2.549818      0.000000
 2010.0      6.500648      0.000000      2.549638      0.000000
 2015.0      6.499731      0.000000      2.549459      0.000000
 2020.0      6.498820      0.000000      2.549281      0.000000
 2025.0      6.497916      0.000000      2.549104      0.000000
 2030.0      6.497019      0.000000      2.548929      0.000000
 2035.0      6.496129      0.000000      2.548755      0.000000
 2040.0      6.495248      0.000000      2.548583      0.000000
 2045.0      6.494375      0.000000      2.548413      0.000000
 2050.0      6.493511      0.000000      2.548244      0.000000
 2055.0      6.492656      0.000000      2.548077      0.000000
 2060.0      6.491810      0.000000      2.547912      0.000000
 2065.0      6.490974      0.000000      2.547748      0.000000
 2070.0      6.490149      0.000000      2.547587      0.000000
 2075.0      6.489334      0.000000      2.547428      0.000000
 2080.0      6.488531      0.000000      2.547271      0.000000
 2085.0      6.487740      0.000000      2.547116      0.000000
 2090.0      6.486960      0.000000      2.546964      0.000000
 2095.0      6.486193      0.000000      2.546814      0.000000
 2100.0      6.485438      0.000000      2.546667      0.000000
 2105.0      6.484697      0.000000      2.546522      0.000000
 2110.0      6.483969      0.000000      2.546380      0.000000
 2115.0      6.483255      0.000000      2.546241      0.000000
 2120.0      6.482556      0.000000      2.546104      0.000000
 2125.0      6.481872      0.000000      2.545970      0.000000
 2130.0      6.481203      0.000000      2.545840      0.000000
 2135.0      6.480550      0.000000      2.545713      0.000000
 2140.0      6.479912      0.000000      2.545588      0.000000
 2145.0      6.479291      0.000000      2.545466      0.000000
 2150.0      6.478687      0.000000      2.545348      0.000000
 2155.0      6.478100      0.000000      2.545234      0.000000
 2160.0      6.477531      0.000000      2.545123      0.000000
 2165.0      6.476980      0.000000      2.545015      0.000000
 2170.0      6.476448      0.000000      2.544911      0.000000
 2175.0      6.475934      0.000000      2.544810      0.000000
 2180.0      6.475440      0.000000      2.544714      0.000000
 2185.0      6.474965      0.000000      2.544622      0.000000
 2190.0      6.474511      0.000000      2.544533      0.000000
 2195.0      6.474077      0.000000      2.544448      0.000000
 2200.0      6.473664      0.000000      2.544367      0.000000
 2205.0      6.473272      0.000000      2.544291      0.000000
 2210.0      6.472902      0.000000      2.544219      0.000000
 2215.0      6.472554      0.000000      2.544151      0.000000
 2220.0      6.472229      0.000000      2.544087      0.000000
 2225.0      6.471926      0.000000      2.544028      0.000000
 2230.0      6.471647      0.000000      2.543974      0.000000
 2235.0      6.471392      0.000000      2.543924      0.000000
 2240.0      6.471161      0.000000      2.543879      0.000000
 2245.0      6.470955      0.000000      2.543839      0.000000
 2250.0      6.470773      0.000000      2.543803      0.000000
 2255.0      6.470617      0.000000      2.543773      0.000000
 2260.0      6.470486      0.000000      2.543747      0.000000
 2265.0      6.470382      0.000000      2.543726      0.000000
 2270.0      6.470304      0.000000      2.543711      0.000000
 2275.0      6.470254      0.000000      2.543701      0.000000
 2280.0      6.470231      0.000000      2.543697      0.000000
 2285.0      6.470235      0.000000      2.543698      0.000000
 2290.0      6.470268      0.000000      2.543704      0.000000
 2295.0      6.470329      0.000000      2.543716      0.000000
 2300.0      6.470420      0.000000      2.543734      0.000000
 2305.0      6.470540      0.000000      2.543758      0.000000
 2310.0      6.470690      0.000000      2.543787      0.000000
 2315.0      6.470870      0.000000      2.543822      0.000000
 2320.0      6.471081      0.000000      2.543863      0.000000
 2325.0      6.471323      0.000000      2.543910      0.000000
 2330.0      6.471596      0.000000      2.543964      0.000000
 2335.0      6.471901      0.000000      2.544023      0.000000
 2340.0      6.472238      0.000000      2.544089      0.000000
 2345.0      6.472608      0.000000      2.544161      0.000000
 2350.0      6.473011      0.000000      2.544240      0.000000
 2355.0      6.473447      0.000000      2.544325      0.000000
 2360.0      6.473918      0.000000      2.544417      0.000000
 2365.0      6.474423      0.000000      2.544516      0.000000
 2370.0      6.474963      0.000000      2.544621      0.000000
 2375.0      6.475537      0.000000      2.544734      0.000000
 2380.0      6.476147      0.000000      2.544853      0.000000
 2385.0      6.476793      0.000000      2.544979      0.000000
 2390.0      6.477476      0.000000      2.545112      0.000000
 2395.0      6.478195      0.000000      2.545253      0.000000
 2400.0      6.478951      0.000000      2.545401      0.000000
 2405.0      6.479745      0.000000      2.545556      0.000000
 2410.0      6.480577      0.000000      2.545718      0.000000
 2415.0      6.481447      0.000000      2.545888      0.000000
 2420.0      6.482356      0.000000      2.546066      0.000000
 2425.0      6.483304      0.000000      2.546251      0.000000
 2430.0      6.484291      0.000000      2.546444      0.000000
 2435.0      6.485319      0.000000      2.546645      0.000000
 2440.0      6.486387      0.000000      2.546853      0.000000
 2445.0      6.487496      0.000000      2.547069      0.000000
 2450.0      6.488646      0.000000      2.547294      0.000000
 2455.0      6.489838      0.000000      2.547527      0.000000
 2460.0      6.491071      0.000000      2.547768      0.000000
 2465.0      6.492347      0.000000      2.548017      0.000000
 2470.0      6.493665      0.000000      2.548275      0.000000
 2475.0      6.495027      0.000000      2.548541      0.000000
 2480.0      6.496433      0.000000      2.548815      0.000000
 2485.0      6.497883      0.000000      2.549098      0.000000
 2490.0      6.499377      0.000000      2.549390      0.000000
 2495.0      6.500916      0.000000      2.549691      0.000000
 2500.0      6.502500      0.000000      2.550000      0.000000
