#Lambda        Dielectric Constant          Refractive Index
# [nm]        [Real]        [Imag]        [Real]        [Imag]
  170.0      2.964000      0.901838      1.741000      0.259000
  175.0      2.952793      0.899751      1.737786      0.258873
  180.0      2.925819      0.896140      1.730000      0.259000
  185.0      2.897786      0.894118      1.721964      0.259627
  190.0      2.883403      0.896796      1.718000      0.261000
  195.0      2.892611      0.905247      1.720982      0.262995
  200.0      2.916288      0.912384      1.728000      0.264000
  205.0      2.940240      0.911644      1.734734      0.262769
  210.0      2.949048      0.906714      1.737000      0.261000
  215.0      2.934061      0.902440      1.732584      0.260431
  220.0      2.914929      0.898040      1.727000      0.260000
  225.0      2.912907      0.892033      1.726181      0.258383
  230.0      2.927364      0.885760      1.730000      0.256000
  235.0      2.951414      0.880567      1.736568      0.253538
  240.0      2.975048      0.874986      1.743000      0.251000
  245.0      2.990046      0.867661      1.746921      0.248340
  250.0      2.998485      0.860508      1.749000      0.246000
  255.0      3.005035      0.855110      1.750621      0.244225
  260.0      3.014445      0.848452      1.753000      0.242000
  265.0      3.030123      0.837540      1.756972      0.238369
  270.0      3.050028      0.824072      1.762027      0.233877
  275.0      3.070759      0.810917      1.767319      0.229447
  280.0      3.088908      0.800944      1.772000      0.226000
  285.0      3.102068      0.795884      1.775461      0.224107
  290.0      3.111833      0.792912      1.778054      0.222933
  295.0      3.120800      0.788068      1.780370      0.221293
  300.0      3.131565      0.777388      1.783000      0.218000
  305.0      3.145959      0.758426      1.786371      0.212314
  310.0      3.162752      0.734794      1.790256      0.205267
  315.0      3.179949      0.711619      1.794263      0.198337
  320.0      3.195555      0.694028      1.798000      0.193000
  325.0      3.208139      0.685387      1.801178      0.190232
  330.0      3.218526      0.682017      1.803920      0.189000
  335.0      3.228102      0.678478      1.806452      0.187768
  340.0      3.238256      0.669330      1.809000      0.185000
  345.0      3.249994      0.650695      1.811729      0.179601
  350.0      3.262804      0.624945      1.814562      0.172234
  355.0      3.275792      0.596015      1.817364      0.163999
  360.0      3.288064      0.567840      1.820000      0.156000
  365.0      3.298893      0.543576      1.822357      0.149120
  370.0      3.308212      0.523264      1.824418      0.143370
  375.0      3.316119      0.506167      1.826191      0.138543
  380.0      3.322712      0.491548      1.827684      0.134431
  385.0      3.328091      0.478670      1.828904      0.130828
  390.0      3.332353      0.466794      1.829858      0.127527
  395.0      3.335596      0.455184      1.830554      0.124320
  400.0      3.337920      0.443102      1.831000      0.121000
  405.0      3.339432      0.429981      1.831210      0.117407
  410.0      3.340280      0.415932      1.831224      0.113569
  415.0      3.340620      0.401235      1.831090      0.109561
  420.0      3.340611      0.386170      1.830856      0.105457
  425.0      3.340409      0.371019      1.830569      0.101331
  430.0      3.340172      0.356062      1.830276      0.097259
  435.0      3.340056      0.341579      1.830025      0.093316
  440.0      3.340219      0.327850      1.829864      0.089575
  445.0      3.340818      0.315157      1.829840      0.086111
  450.0      3.342011      0.303780      1.830000      0.083000
  455.0      3.343900      0.293914      1.830376      0.080293
  460.0      3.346369      0.285412      1.830934      0.077952
  465.0      3.349249      0.278043      1.831625      0.075914
  470.0      3.352371      0.271574      1.832399      0.074119
  475.0      3.355564      0.265774      1.833206      0.072505
  480.0      3.358660      0.260410      1.833996      0.071011
  485.0      3.361488      0.255251      1.834720      0.069575
  490.0      3.363879      0.250064      1.835329      0.068135
  495.0      3.365663      0.244618      1.835772      0.066631
  500.0      3.366671      0.238680      1.836000      0.065000
  505.0      3.366782      0.232082      1.835977      0.063198
  510.0      3.366079      0.224910      1.835727      0.061248
  515.0      3.364692      0.217312      1.835286      0.059189
  520.0      3.362753      0.209437      1.834692      0.057059
  525.0      3.360393      0.201434      1.833982      0.054898
  530.0      3.357743      0.193451      1.833194      0.052745
  535.0      3.354935      0.185638      1.832365      0.050640
  540.0      3.352100      0.178142      1.831531      0.048621
  545.0      3.349370      0.171113      1.830730      0.046728
  550.0      3.346875      0.164700      1.830000      0.045000
  555.0      3.344717      0.159012      1.829369      0.043466
  560.0      3.342873      0.154001      1.828830      0.042112
  565.0      3.341290      0.149580      1.828368      0.040916
  570.0      3.339914      0.145661      1.827967      0.039854
  575.0      3.338693      0.142158      1.827613      0.038903
  580.0      3.337574      0.138983      1.827290      0.038040
  585.0      3.336503      0.136049      1.826982      0.037241
  590.0      3.335428      0.133269      1.826675      0.036484
  595.0      3.334295      0.130555      1.826353      0.035745
  600.0      3.333051      0.127820      1.826000      0.035000
  605.0      3.331659      0.124995      1.825606      0.034232
  610.0      3.330147      0.122085      1.825178      0.033441
  615.0      3.328558      0.119111      1.824729      0.032633
  620.0      3.326937      0.116096      1.824270      0.031814
  625.0      3.325326      0.113062      1.823814      0.030991
  630.0      3.323769      0.110031      1.823373      0.030168
  635.0      3.322310      0.107026      1.822959      0.029351
  640.0      3.320992      0.104069      1.822584      0.028547
  645.0      3.319859      0.101182      1.822260      0.027761
  650.0      3.318955      0.098388      1.822000      0.027000
  655.0      3.318310      0.095705      1.821812      0.026268
  660.0      3.317904      0.093135      1.821690      0.025565
  665.0      3.317703      0.090678      1.821625      0.024892
  670.0      3.317675      0.088333      1.821609      0.024249
  675.0      3.317785      0.086097      1.821631      0.023635
  680.0      3.318000      0.083970      1.821683      0.023050
  685.0      3.318287      0.081950      1.821755      0.022494
  690.0      3.318612      0.080037      1.821838      0.021967
  695.0      3.318942      0.078229      1.821923      0.021469
  700.0      3.319243      0.076524      1.822000      0.021000
  705.0      3.319488      0.074921      1.822063      0.020559
  710.0      3.319674      0.073417      1.822109      0.020145
  715.0      3.319803      0.072007      1.822140      0.019757
  720.0      3.319877      0.070686      1.822156      0.019394
  725.0      3.319900      0.069451      1.822159      0.019055
  730.0      3.319874      0.068297      1.822149      0.018738
  735.0      3.319801      0.067220      1.822126      0.018443
  740.0      3.319684      0.066216      1.822091      0.018168
  745.0      3.319525      0.065280      1.822045      0.017912
  750.0      3.319328      0.064408      1.821988      0.017673
  755.0      3.319095      0.063596      1.821922      0.017451
  760.0      3.318828      0.062839      1.821847      0.017244
  765.0      3.318529      0.062134      1.821764      0.017051
  770.0      3.318202      0.061475      1.821672      0.016872
  775.0      3.317849      0.060859      1.821573      0.016704
  780.0      3.317473      0.060282      1.821468      0.016547
  785.0      3.317076      0.059739      1.821358      0.016399
  790.0      3.316660      0.059226      1.821243      0.016259
  795.0      3.316229      0.058738      1.821123      0.016127
  800.0      3.315785      0.058272      1.821000      0.016000
  805.0      3.315330      0.057823      1.820874      0.015878
  810.0      3.314868      0.057387      1.820746      0.015759
  815.0      3.314401      0.056960      1.820617      0.015643
  820.0      3.313932      0.056538      1.820487      0.015529
  825.0      3.313464      0.056118      1.820357      0.015414
  830.0      3.313001      0.055695      1.820229      0.015299
  835.0      3.312544      0.055265      1.820103      0.015182
  840.0      3.312098      0.054825      1.819979      0.015062
  845.0      3.311665      0.054371      1.819859      0.014938
  850.0      3.311248      0.053898      1.819743      0.014809
  855.0      3.310849      0.053403      1.819632      0.014674
  860.0      3.310472      0.052881      1.819527      0.014532
  865.0      3.310120      0.052329      1.819429      0.014381
  870.0      3.309795      0.051744      1.819339      0.014221
  875.0      3.309501      0.051121      1.819257      0.014050
  880.0      3.309240      0.050455      1.819184      0.013867
  885.0      3.309016      0.049743      1.819121      0.013672
  890.0      3.308832      0.048982      1.819069      0.013463
  895.0      3.308689      0.048167      1.819028      0.013240
  900.0      3.308592      0.047294      1.819000      0.013000
  905.0      3.308542      0.046361      1.818985      0.012744
  910.0      3.308537      0.045373      1.818982      0.012472
  915.0      3.308573      0.044336      1.818990      0.012187
  920.0      3.308648      0.043257      1.819009      0.011891
  925.0      3.308758      0.042142      1.819037      0.011584
  930.0      3.308899      0.040997      1.819074      0.011269
  935.0      3.309068      0.039830      1.819119      0.010948
  940.0      3.309263      0.038646      1.819171      0.010623
  945.0      3.309480      0.037451      1.819229      0.010294
  950.0      3.309715      0.036253      1.819291      0.009964
  955.0      3.309965      0.035057      1.819358      0.009635
  960.0      3.310226      0.033871      1.819428      0.009309
  965.0      3.310497      0.032700      1.819501      0.008987
  970.0      3.310773      0.031551      1.819575      0.008671
  975.0      3.311050      0.030431      1.819650      0.008363
  980.0      3.311326      0.029345      1.819724      0.008064
  985.0      3.311597      0.028301      1.819797      0.007776
  990.0      3.311861      0.027304      1.819868      0.007502
  995.0      3.312113      0.026362      1.819936      0.007243
 1000.0      3.312351      0.025480      1.820000      0.007000
 1005.0      3.312571      0.024664      1.820059      0.006776
 1010.0      3.312774      0.023912      1.820114      0.006569
 1015.0      3.312960      0.023223      1.820164      0.006379
 1020.0      3.313130      0.022595      1.820210      0.006206
 1025.0      3.313283      0.022025      1.820251      0.006049
 1030.0      3.313421      0.021511      1.820288      0.005908
 1035.0      3.313544      0.021051      1.820321      0.005782
 1040.0      3.313653      0.020643      1.820351      0.005669
 1045.0      3.313747      0.020284      1.820376      0.005570
 1050.0      3.313828      0.019972      1.820398      0.005484
 1055.0      3.313896      0.019706      1.820416      0.005411
 1060.0      3.313952      0.019483      1.820431      0.005350
 1065.0      3.313995      0.019301      1.820442      0.005300
 1070.0      3.314027      0.019157      1.820451      0.005260
 1075.0      3.314047      0.019050      1.820457      0.005230
 1080.0      3.314057      0.018977      1.820460      0.005210
 1085.0      3.314057      0.018936      1.820460      0.005199
 1090.0      3.314047      0.018925      1.820457      0.005196
 1095.0      3.314028      0.018942      1.820452      0.005201
 1100.0      3.314000      0.018984      1.820444      0.005213
 1105.0      3.313964      0.019050      1.820434      0.005231
 1110.0      3.313920      0.019137      1.820422      0.005255
 1115.0      3.313869      0.019243      1.820408      0.005284
 1120.0      3.313812      0.019366      1.820393      0.005318
 1125.0      3.313748      0.019503      1.820376      0.005356
 1130.0      3.313678      0.019653      1.820357      0.005397
 1135.0      3.313603      0.019813      1.820337      0.005441
 1140.0      3.313523      0.019982      1.820315      0.005488
 1145.0      3.313438      0.020156      1.820292      0.005536
 1150.0      3.313350      0.020334      1.820268      0.005585
 1155.0      3.313259      0.020514      1.820243      0.005635
 1160.0      3.313165      0.020693      1.820218      0.005684
 1165.0      3.313068      0.020869      1.820192      0.005732
 1170.0      3.312969      0.021040      1.820165      0.005779
 1175.0      3.312869      0.021204      1.820138      0.005824
 1180.0      3.312768      0.021358      1.820110      0.005867
 1185.0      3.312667      0.021501      1.820083      0.005906
 1190.0      3.312565      0.021631      1.820055      0.005942
 1195.0      3.312464      0.021745      1.820027      0.005974
 1200.0      3.312364      0.021840      1.820000      0.006000
 1205.0      3.312265      0.021915      1.819973      0.006021
 1210.0      3.312168      0.021971      1.819947      0.006036
 1215.0      3.312072      0.022008      1.819921      0.006047
 1220.0      3.311978      0.022026      1.819895      0.006052
 1225.0      3.311885      0.022025      1.819870      0.006052
 1230.0      3.311794      0.022006      1.819845      0.006046
 1235.0      3.311704      0.021970      1.819820      0.006036
 1240.0      3.311616      0.021917      1.819796      0.006022
 1245.0      3.311529      0.021848      1.819772      0.006003
 1250.0      3.311443      0.021762      1.819748      0.005980
 1255.0      3.311359      0.021661      1.819725      0.005952
 1260.0      3.311276      0.021544      1.819702      0.005920
 1265.0      3.311194      0.021413      1.819680      0.005884
 1270.0      3.311114      0.021267      1.819658      0.005844
 1275.0      3.311035      0.021108      1.819636      0.005800
 1280.0      3.310958      0.020936      1.819615      0.005753
 1285.0      3.310882      0.020751      1.819594      0.005702
 1290.0      3.310807      0.020553      1.819573      0.005648
 1295.0      3.310734      0.020344      1.819553      0.005591
 1300.0      3.310662      0.020123      1.819533      0.005530
 1305.0      3.310591      0.019891      1.819513      0.005466
 1310.0      3.310521      0.019649      1.819494      0.005400
 1315.0      3.310453      0.019397      1.819475      0.005331
 1320.0      3.310386      0.019135      1.819457      0.005259
 1325.0      3.310320      0.018864      1.819439      0.005185
 1330.0      3.310256      0.018585      1.819421      0.005108
 1335.0      3.310193      0.018297      1.819403      0.005029
 1340.0      3.310131      0.018002      1.819386      0.004947
 1345.0      3.310070      0.017699      1.819369      0.004864
 1350.0      3.310011      0.017390      1.819353      0.004779
 1355.0      3.309953      0.017074      1.819336      0.004692
 1360.0      3.309896      0.016753      1.819320      0.004604
 1365.0      3.309840      0.016427      1.819305      0.004514
 1370.0      3.309785      0.016095      1.819290      0.004423
 1375.0      3.309732      0.015759      1.819275      0.004331
 1380.0      3.309680      0.015418      1.819260      0.004238
 1385.0      3.309629      0.015074      1.819246      0.004144
 1390.0      3.309579      0.014728      1.819232      0.004048
 1395.0      3.309530      0.014379      1.819218      0.003952
 1400.0      3.309482      0.014028      1.819205      0.003855
 1405.0      3.309435      0.013675      1.819192      0.003758
 1410.0      3.309390      0.013321      1.819179      0.003661
 1415.0      3.309346      0.012966      1.819166      0.003564
 1420.0      3.309303      0.012611      1.819154      0.003466
 1425.0      3.309261      0.012256      1.819142      0.003368
 1430.0      3.309220      0.011902      1.819131      0.003271
 1435.0      3.309180      0.011549      1.819120      0.003174
 1440.0      3.309141      0.011197      1.819109      0.003078
 1445.0      3.309103      0.010848      1.819098      0.002982
 1450.0      3.309067      0.010501      1.819088      0.002886
 1455.0      3.309032      0.010157      1.819078      0.002791
 1460.0      3.308997      0.009817      1.819068      0.002698
 1465.0      3.308963      0.009481      1.819058      0.002606
 1470.0      3.308931      0.009149      1.819049      0.002515
 1475.0      3.308899      0.008822      1.819040      0.002425
 1480.0      3.308869      0.008500      1.819032      0.002336
 1485.0      3.308840      0.008184      1.819023      0.002250
 1490.0      3.308811      0.007875      1.819015      0.002165
 1495.0      3.308783      0.007572      1.819007      0.002082
 1500.0      3.308757      0.007276      1.819000      0.002000
 1505.0      3.308732      0.006988      1.818993      0.001921
 1510.0      3.308707      0.006707      1.818986      0.001844
 1515.0      3.308683      0.006434      1.818979      0.001769
 1520.0      3.308660      0.006169      1.818973      0.001696
 1525.0      3.308639      0.005911      1.818966      0.001625
 1530.0      3.308618      0.005660      1.818960      0.001556
 1535.0      3.308598      0.005416      1.818954      0.001489
 1540.0      3.308578      0.005179      1.818949      0.001424
 1545.0      3.308560      0.004949      1.818944      0.001360
 1550.0      3.308543      0.004727      1.818939      0.001299
 1555.0      3.308526      0.004512      1.818934      0.001240
 1560.0      3.308510      0.004303      1.818930      0.001183
 1565.0      3.308495      0.004101      1.818925      0.001128
 1570.0      3.308481      0.003905      1.818921      0.001074
 1575.0      3.308468      0.003716      1.818917      0.001022
 1580.0      3.308455      0.003534      1.818914      0.000972
 1585.0      3.308443      0.003358      1.818910      0.000924
 1590.0      3.308431      0.003189      1.818907      0.000877
 1595.0      3.308421      0.003025      1.818904      0.000832
 1600.0      3.308411      0.002868      1.818901      0.000789
 1605.0      3.308402      0.002717      1.818898      0.000747
 1610.0      3.308394      0.002573      1.818896      0.000707
 1615.0      3.308386      0.002434      1.818894      0.000669
 1620.0      3.308379      0.002301      1.818892      0.000633
 1625.0      3.308373      0.002173      1.818890      0.000598
 1630.0      3.308367      0.002052      1.818889      0.000564
 1635.0      3.308362      0.001937      1.818887      0.000532
 1640.0      3.308357      0.001827      1.818886      0.000502
 1645.0      3.308353      0.001722      1.818885      0.000473
 1650.0      3.308350      0.001623      1.818884      0.000446
 1655.0      3.308347      0.001529      1.818883      0.000420
 1660.0      3.308345      0.001441      1.818882      0.000396
 1665.0      3.308343      0.001357      1.818881      0.000373
 1670.0      3.308342      0.001279      1.818881      0.000352
 1675.0      3.308341      0.001206      1.818881      0.000332
 1680.0      3.308341      0.001138      1.818881      0.000313
 1685.0      3.308341      0.001075      1.818881      0.000296
 1690.0      3.308342      0.001017      1.818881      0.000280
 1695.0      3.308343      0.000963      1.818881      0.000265
 1700.0      3.308345      0.000914      1.818882      0.000251
 1705.0      3.308347      0.000870      1.818882      0.000239
 1710.0      3.308349      0.000830      1.818883      0.000228
 1715.0      3.308352      0.000795      1.818884      0.000218
 1720.0      3.308356      0.000764      1.818885      0.000210
 1725.0      3.308360      0.000737      1.818886      0.000203
 1730.0      3.308364      0.000714      1.818887      0.000197
 1735.0      3.308368      0.000696      1.818888      0.000192
 1740.0      3.308373      0.000682      1.818890      0.000188
 1745.0      3.308378      0.000672      1.818892      0.000185
 1750.0      3.308383      0.000665      1.818893      0.000183
 1755.0      3.308389      0.000663      1.818895      0.000183
 1760.0      3.308395      0.000664      1.818896      0.000183
 1765.0      3.308401      0.000669      1.818897      0.000184
 1770.0      3.308408      0.000677      1.818899      0.000186
 1775.0      3.308415      0.000689      1.818901      0.000189
 1780.0      3.308422      0.000705      1.818903      0.000194
 1785.0      3.308429      0.000724      1.818905      0.000199
 1790.0      3.308436      0.000746      1.818907      0.000205
 1795.0      3.308444      0.000771      1.818910      0.000212
 1800.0      3.308452      0.000800      1.818912      0.000220
 1805.0      3.308460      0.000832      1.818914      0.000229
 1810.0      3.308468      0.000866      1.818916      0.000238
 1815.0      3.308476      0.000904      1.818918      0.000249
 1820.0      3.308485      0.000944      1.818921      0.000260
 1825.0      3.308494      0.000987      1.818924      0.000272
 1830.0      3.308502      0.001033      1.818926      0.000284
 1835.0      3.308510      0.001081      1.818928      0.000297
 1840.0      3.308519      0.001132      1.818931      0.000311
 1845.0      3.308528      0.001185      1.818934      0.000326
 1850.0      3.308537      0.001241      1.818936      0.000341
 1855.0      3.308546      0.001299      1.818938      0.000357
 1860.0      3.308555      0.001359      1.818941      0.000374
 1865.0      3.308564      0.001421      1.818944      0.000391
 1870.0      3.308573      0.001486      1.818946      0.000409
 1875.0      3.308582      0.001553      1.818949      0.000427
 1880.0      3.308590      0.001621      1.818951      0.000446
 1885.0      3.308599      0.001691      1.818953      0.000465
 1890.0      3.308608      0.001763      1.818956      0.000485
 1895.0      3.308617      0.001837      1.818959      0.000505
 1900.0      3.308626      0.001912      1.818961      0.000526
 1905.0      3.308634      0.001989      1.818963      0.000547
 1910.0      3.308642      0.002067      1.818966      0.000568
 1915.0      3.308650      0.002147      1.818969      0.000590
 1920.0      3.308659      0.002228      1.818971      0.000613
 1925.0      3.308667      0.002310      1.818973      0.000635
 1930.0      3.308675      0.002393      1.818975      0.000658
 1935.0      3.308683      0.002477      1.818977      0.000681
 1940.0      3.308690      0.002563      1.818979      0.000705
 1945.0      3.308697      0.002650      1.818981      0.000728
 1950.0      3.308704      0.002737      1.818984      0.000752
 1955.0      3.308711      0.002825      1.818986      0.000776
 1960.0      3.308718      0.002913      1.818988      0.000801
 1965.0      3.308724      0.003002      1.818990      0.000825
 1970.0      3.308730      0.003092      1.818991      0.000850
 1975.0      3.308736      0.003182      1.818992      0.000875
 1980.0      3.308741      0.003273      1.818994      0.000900
 1985.0      3.308746      0.003364      1.818995      0.000925
 1990.0      3.308751      0.003455      1.818997      0.000950
 1995.0      3.308756      0.003546      1.818999      0.000975
 2000.0      3.308760      0.003638      1.819000      0.001000
 2005.0      3.308764      0.003730      1.819001      0.001025
 2010.0      3.308767      0.003821      1.819002      0.001050
 2015.0      3.308770      0.003912      1.819003      0.001075
 2020.0      3.308773      0.004003      1.819004      0.001100
 2025.0      3.308775      0.004094      1.819005      0.001125
 2030.0      3.308777      0.004184      1.819005      0.001150
 2035.0      3.308778      0.004274      1.819006      0.001175
 2040.0      3.308779      0.004363      1.819006      0.001199
 2045.0      3.308779      0.004451      1.819006      0.001224
 2050.0      3.308779      0.004539      1.819006      0.001248
 2055.0      3.308779      0.004626      1.819006      0.001272
 2060.0      3.308778      0.004713      1.819006      0.001295
 2065.0      3.308776      0.004799      1.819006      0.001319
 2070.0      3.308774      0.004883      1.819005      0.001342
 2075.0      3.308771      0.004966      1.819005      0.001365
 2080.0      3.308768      0.005048      1.819004      0.001387
 2085.0      3.308764      0.005129      1.819003      0.001410
 2090.0      3.308760      0.005209      1.819002      0.001432
 2095.0      3.308755      0.005287      1.819001      0.001453
 2100.0      3.308749      0.005364      1.818999      0.001474
 2105.0      3.308743      0.005439      1.818998      0.001495
 2110.0      3.308736      0.005513      1.818996      0.001515
 2115.0      3.308728      0.005585      1.818994      0.001535
 2120.0      3.308720      0.005655      1.818991      0.001554
 2125.0      3.308711      0.005723      1.818988      0.001573
 2130.0      3.308701      0.005790      1.818986      0.001591
 2135.0      3.308691      0.005855      1.818984      0.001609
 2140.0      3.308680      0.005917      1.818981      0.001626
 2145.0      3.308669      0.005977      1.818978      0.001643
 2150.0      3.308656      0.006035      1.818974      0.001659
 2155.0      3.308642      0.006091      1.818970      0.001674
 2160.0      3.308628      0.006144      1.818967      0.001689
 2165.0      3.308613      0.006195      1.818963      0.001703
 2170.0      3.308598      0.006243      1.818959      0.001716
 2175.0      3.308581      0.006289      1.818954      0.001728
 2180.0      3.308564      0.006332      1.818949      0.001740
 2185.0      3.308546      0.006372      1.818944      0.001751
 2190.0      3.308527      0.006410      1.818939      0.001762
 2195.0      3.308507      0.006444      1.818934      0.001771
 2200.0      3.308486      0.006476      1.818928      0.001780
 2205.0      3.308464      0.006505      1.818922      0.001788
 2210.0      3.308442      0.006530      1.818916      0.001795
 2215.0      3.308419      0.006552      1.818910      0.001801
 2220.0      3.308394      0.006571      1.818903      0.001806
 2225.0      3.308368      0.006587      1.818896      0.001811
 2230.0      3.308342      0.006599      1.818889      0.001814
 2235.0      3.308315      0.006607      1.818882      0.001816
 2240.0      3.308287      0.006612      1.818874      0.001817
 2245.0      3.308258      0.006613      1.818866      0.001817
 2250.0      3.308227      0.006611      1.818857      0.001817
 2255.0      3.308195      0.006604      1.818849      0.001815
 2260.0      3.308163      0.006594      1.818840      0.001812
 2265.0      3.308129      0.006580      1.818831      0.001808
 2270.0      3.308095      0.006562      1.818821      0.001803
 2275.0      3.308060      0.006539      1.818811      0.001797
 2280.0      3.308023      0.006512      1.818801      0.001790
 2285.0      3.307985      0.006481      1.818791      0.001782
 2290.0      3.307946      0.006446      1.818780      0.001772
 2295.0      3.307906      0.006406      1.818769      0.001761
 2300.0      3.307865      0.006362      1.818758      0.001749
 2305.0      3.307823      0.006313      1.818746      0.001735
 2310.0      3.307779      0.006259      1.818734      0.001720
 2315.0      3.307735      0.006201      1.818722      0.001704
 2320.0      3.307689      0.006138      1.818709      0.001687
 2325.0      3.307642      0.006070      1.818696      0.001668
 2330.0      3.307593      0.005997      1.818683      0.001648
 2335.0      3.307544      0.005919      1.818669      0.001627
 2340.0      3.307493      0.005835      1.818655      0.001604
 2345.0      3.307441      0.005747      1.818641      0.001580
 2350.0      3.307387      0.005653      1.818626      0.001554
 2355.0      3.307332      0.005554      1.818611      0.001527
 2360.0      3.307276      0.005449      1.818596      0.001498
 2365.0      3.307219      0.005339      1.818580      0.001468
 2370.0      3.307161      0.005224      1.818564      0.001436
 2375.0      3.307101      0.005103      1.818547      0.001402
 2380.0      3.307039      0.004975      1.818530      0.001367
 2385.0      3.306976      0.004842      1.818513      0.001331
 2390.0      3.306912      0.004703      1.818495      0.001293
 2395.0      3.306847      0.004559      1.818477      0.001253
 2400.0      3.306780      0.004408      1.818459      0.001211
 2405.0      3.306712      0.004251      1.818440      0.001168
 2410.0      3.306642      0.004087      1.818420      0.001123
 2415.0      3.306571      0.003918      1.818400      0.001076
 2420.0      3.306498      0.003742      1.818380      0.001028
 2425.0      3.306424      0.003560      1.818360      0.000978
 2430.0      3.306348      0.003371      1.818339      0.000926
 2435.0      3.306271      0.003175      1.818318      0.000872
 2440.0      3.306192      0.002973      1.818296      0.000817
 2445.0      3.306112      0.002764      1.818274      0.000760
 2450.0      3.306030      0.002549      1.818251      0.000701
 2455.0      3.305947      0.002327      1.818228      0.000640
 2460.0      3.305862      0.002097      1.818204      0.000576
 2465.0      3.305775      0.001860      1.818180      0.000511
 2470.0      3.305687      0.001616      1.818156      0.000444
 2475.0      3.305597      0.001365      1.818131      0.000375
 2480.0      3.305506      0.001107      1.818106      0.000304
 2485.0      3.305413      0.000842      1.818080      0.000231
 2490.0      3.305318      0.000569      1.818054      0.000156
 2495.0      3.305222      0.000289      1.818027      0.000079
 2500.0      3.305124      0.000000      1.818000      0.000000
