#Lambda        Dielectric Constant          Refractive Index
# [nm]        [Real]        [Imag]        [Real]        [Imag]
  140.0     -0.448214      2.092473      0.920061      1.137918
  145.0     -0.561711      2.193279      0.920645      1.189794
  150.0     -0.797237      2.360963      0.919922      1.282227
  155.0     -1.110793      2.566663      0.919582      1.396629
  160.0     -1.458381      2.781520      0.921317      1.514409
  165.0     -1.792674      2.987351      0.927845      1.619556
  170.0     -2.053032      3.208688      0.946004      1.706368
  175.0     -2.193479      3.475188      0.981744      1.773574
  180.0     -2.239996      3.794297      1.033356      1.827327
  185.0     -2.315706      4.152038      1.088884      1.887627
  190.0     -2.860348      4.470948      1.103040      2.022433
  195.0     -4.162698      4.705323      1.047076      2.275577
  200.0     -5.591078      4.999987      0.991735      2.546424
  205.0     -6.461159      5.511846      1.012490      2.727899
  210.0     -6.798452      6.255604      1.104252      2.831641
  215.0     -6.795359      7.141113      1.234645      2.890736
  220.0     -6.601995      7.801016      1.342722      2.905353
  225.0     -6.356488      7.950032      1.381455      2.877476
  230.0     -6.191299      7.908393      1.388063      2.849281
  235.0     -6.241695      8.046392      1.406010      2.865804
  240.0     -6.659827      8.329062      1.419487      2.943345
  245.0     -7.520682      8.666927      1.410221      3.082454
  250.0     -8.573713      9.157752      1.409345      3.249433
  255.0     -9.546836      9.905771      1.449696      3.410631
  260.0    -10.407365     10.853862      1.521526      3.566852
  265.0    -11.303375     12.012020      1.611478      3.737795
  270.0    -12.866584     13.820073      1.734355      3.984295
  275.0    -15.192222     16.775138      1.929533      4.327625
  280.0    -15.745916     21.173652      2.306525      4.589683
  285.0    -12.376739     26.672325      2.913698      4.596005
  290.0     -7.097148     30.569652      3.484710      4.386067
  295.0     -2.475309     30.609301      3.762732      4.057922
  300.0      0.861161     28.673859      3.843704      3.729996
  305.0      2.896287     27.119040      3.881004      3.496698
  310.0      4.120129     26.054160      3.905000      3.336000
  315.0      5.051155     25.115262      3.916848      3.205205
  320.0      5.815442     24.291687      3.923872      3.095388
  325.0      6.443939     23.638043      3.933204      3.005202
  330.0      6.979477     23.116697      3.945053      2.929842
  335.0      7.461904     22.674584      3.958151      2.864224
  340.0      7.907250     22.289138      3.972243      2.805613
  345.0      8.325148     21.948588      3.987436      2.752239
  350.0      8.723461     21.653842      4.004275      2.703841
  355.0      9.112609     21.405164      4.023481      2.660017
  360.0      9.514994     21.187569      4.046049      2.618304
  365.0      9.949470     20.978038      4.072285      2.575711
  370.0     10.408708     20.736662      4.099457      2.529198
  375.0     10.873316     20.429969      4.124146      2.476898
  380.0     11.301836     20.067129      4.143232      2.421673
  385.0     11.656332     19.665590      4.154311      2.366869
  390.0     11.935023     19.233269      4.157553      2.313046
  395.0     12.138620     18.781475      4.153424      2.260968
  400.0     12.241656     18.344630      4.141000      2.215000
  405.0     12.227197     17.960311      4.120313      2.179462
  410.0     12.138622     17.655609      4.096614      2.154907
  415.0     12.025571     17.448074      4.075326      2.140713
  420.0     11.902416     17.327586      4.057348      2.135334
  425.0     11.776920     17.279638      4.042782      2.137098
  430.0     11.665665     17.299836      4.033068      2.144749
  435.0     11.584447     17.383577      4.029543      2.157017
  440.0     11.537084     17.515293      4.031788      2.172150
  445.0     11.523640     17.679304      4.038996      2.188575
  450.0     11.541140     17.870430      4.050578      2.205909
  455.0     11.586366     18.086562      4.066069      2.224083
  460.0     11.658157     18.327367      4.085293      2.243090
  465.0     11.757387     18.592315      4.108249      2.262803
  470.0     11.891008     18.878310      4.135344      2.282557
  475.0     12.064579     19.182662      4.166873      2.301804
  480.0     12.272003     19.506875      4.202266      2.320994
  485.0     12.507442     19.853393      4.241015      2.340651
  490.0     12.777731     20.224232      4.283711      2.360599
  495.0     13.092186     20.620359      4.331117      2.380455
  500.0     13.457361     21.038977      4.383587      2.399718
  505.0     13.882144     21.479814      4.441746      2.418000
  510.0     14.387531     21.956452      4.507711      2.435476
  515.0     15.003367     22.476501      4.584015      2.451491
  520.0     15.782781     23.009821      4.673359      2.461515
  525.0     16.769276     23.493684      4.776366      2.458995
  530.0     17.944564     23.772742      4.885170      2.433166
  535.0     19.240026     23.717574      4.989176      2.377256
  540.0     20.447501     23.395072      5.075367      2.304666
  545.0     21.381317     22.920889      5.134441      2.231578
  550.0     22.085309     22.409417      5.174380      2.165115
  555.0     22.664688     21.972358      5.207531      2.109891
  560.0     23.240655     21.711913      5.246405      2.069544
  565.0     23.929104     21.680854      5.301468      2.044261
  570.0     24.808705     21.743743      5.374846      2.021413
  575.0     25.937306     21.701811      5.465299      1.984289
  580.0     27.326685     21.291183      5.566459      1.912669
  585.0     28.901043     20.314864      5.667351      1.793532
  590.0     30.280352     18.908495      5.743700      1.646175
  595.0     31.108754     17.278921      5.774740      1.494600
  600.0     31.431291     15.585174      5.767034      1.349313
  605.0     31.391829     13.967306      5.733741      1.217008
  610.0     31.128616     12.537251      5.687069      1.102612
  615.0     30.762041     11.368569      5.637180      1.008872
  620.0     30.346670     10.409440      5.586995      0.931571
  625.0     29.915459      9.588784      5.537515      0.865571
  630.0     29.480756      8.883864      5.489302      0.809021
  635.0     29.049197      8.282959      5.442746      0.760833
  640.0     28.625164      7.770071      5.397985      0.719688
  645.0     28.212748      7.328148      5.355118      0.684201
  650.0     27.817108      6.940188      5.314334      0.652957
  655.0     27.442756      6.591173      5.275797      0.624702
  660.0     27.090537      6.273979      5.239481      0.598862
  665.0     26.760103      5.984140      5.205303      0.575088
  670.0     26.450010      5.719935      5.173127      0.553265
  675.0     26.158611      5.480159      5.142810      0.533318
  680.0     25.884532      5.262915      5.114221      0.515116
  685.0     25.626450      5.066179      5.087229      0.498515
  690.0     25.382967      4.888112      5.061702      0.483389
  695.0     25.152672      4.726910      5.037507      0.469615
  700.0     24.934180      4.580716      5.014512      0.457064
  705.0     24.726106      4.447664      4.992584      0.445605
  710.0     24.527033      4.325919      4.971591      0.435116
  715.0     24.335585      4.213628      4.951400      0.425466
  720.0     24.150571      4.108857      4.931888      0.416492
  725.0     23.970870      4.009663      4.912936      0.408019
  730.0     23.795469      3.914168      4.894432      0.399871
  735.0     23.623545      3.820827      4.876285      0.391901
  740.0     23.454936      3.729378      4.858477      0.384086
  745.0     23.289640      3.639861      4.841009      0.376429
  750.0     23.127624      3.552250      4.823877      0.368929
  755.0     22.968849      3.466509      4.807078      0.361582
  760.0     22.813286      3.382618      4.790608      0.354386
  765.0     22.660905      3.300561      4.774464      0.347340
  770.0     22.511674      3.220317      4.758643      0.340442
  775.0     22.365563      3.141865      4.743142      0.333691
  780.0     22.222541      3.065184      4.727959      0.327085
  785.0     22.082577      2.990253      4.713089      0.320621
  790.0     21.945640      2.917052      4.698530      0.314299
  795.0     21.811699      2.845560      4.684279      0.308117
  800.0     21.680724      2.775756      4.670332      0.302072
  805.0     21.552682      2.707620      4.656686      0.296163
  810.0     21.427544      2.641132      4.643338      0.290389
  815.0     21.305279      2.576271      4.630285      0.284748
  820.0     21.185855      2.513015      4.617525      0.279237
  825.0     21.069241      2.451345      4.605054      0.273855
  830.0     20.955407      2.391239      4.592868      0.268601
  835.0     20.844322      2.332678      4.580965      0.263473
  840.0     20.735955      2.275640      4.569341      0.258469
  845.0     20.630275      2.220105      4.557993      0.253587
  850.0     20.527250      2.166053      4.546919      0.248825
  855.0     20.426850      2.113463      4.536115      0.244182
  860.0     20.329045      2.062313      4.525577      0.239657
  865.0     20.233803      2.012584      4.515303      0.235246
  870.0     20.141094      1.964254      4.505291      0.230949
  875.0     20.050886      1.917304      4.495536      0.226764
  880.0     19.963148      1.871713      4.486036      0.222689
  885.0     19.877850      1.827459      4.476786      0.218723
  890.0     19.794961      1.784523      4.467785      0.214863
  895.0     19.714450      1.742883      4.459029      0.211108
  900.0     19.636285      1.702520      4.450516      0.207456
  905.0     19.560436      1.663412      4.442241      0.203906
  910.0     19.486872      1.625539      4.434202      0.200455
  915.0     19.415562      1.588880      4.426395      0.197102
  920.0     19.346475      1.553415      4.418818      0.193846
  925.0     19.279581      1.519123      4.411467      0.190684
  930.0     19.214848      1.485984      4.404340      0.187615
  935.0     19.152245      1.453976      4.397433      0.184637
  940.0     19.091742      1.423079      4.390743      0.181749
  945.0     19.033307      1.393273      4.384267      0.178948
  950.0     18.976910      1.364536      4.378001      0.176232
  955.0     18.922520      1.336849      4.371943      0.173601
  960.0     18.870106      1.310190      4.366090      0.171052
  965.0     18.819637      1.284540      4.360438      0.168584
  970.0     18.771081      1.259877      4.354984      0.166195
  975.0     18.724408      1.236181      4.349725      0.163883
  980.0     18.679588      1.213431      4.344659      0.161647
  985.0     18.636589      1.191607      4.339782      0.159484
  990.0     18.595380      1.170687      4.335090      0.157393
  995.0     18.555931      1.150652      4.330581      0.155373
 1000.0     18.518210      1.131480      4.326252      0.153421
 1005.0     18.482187      1.113151      4.322099      0.151536
 1010.0     18.447830      1.095645      4.318119      0.149715
 1015.0     18.415109      1.078941      4.314309      0.147958
 1020.0     18.383993      1.063018      4.310667      0.146263
 1025.0     18.354451      1.047856      4.307189      0.144628
 1030.0     18.326451      1.033433      4.303871      0.143051
 1035.0     18.299964      1.019730      4.300711      0.141530
 1040.0     18.274958      1.006725      4.297705      0.140064
 1045.0     18.251402      0.994399      4.294851      0.138651
 1050.0     18.229266      0.982730      4.292146      0.137289
 1055.0     18.208518      0.971698      4.289586      0.135976
 1060.0     18.189127      0.961283      4.287167      0.134711
 1065.0     18.171063      0.951463      4.284888      0.133492
 1070.0     18.154294      0.942217      4.282744      0.132318
 1075.0     18.138790      0.933526      4.280733      0.131186
 1080.0     18.124520      0.925369      4.278852      0.130095
 1085.0     18.111453      0.917725      4.277097      0.129043
 1090.0     18.099558      0.910574      4.275466      0.128028
 1095.0     18.088804      0.903895      4.273955      0.127049
 1100.0     18.079160      0.897667      4.272561      0.126104
 1105.0     18.070595      0.891870      4.271281      0.125191
 1110.0     18.063079      0.886482      4.270112      0.124308
 1115.0     18.056580      0.881484      4.269050      0.123453
 1120.0     18.051067      0.876854      4.268093      0.122626
 1125.0     18.046510      0.872573      4.267238      0.121824
 1130.0     18.042877      0.868619      4.266481      0.121046
 1135.0     18.040139      0.864972      4.265819      0.120290
 1140.0     18.038263      0.861612      4.265250      0.119553
 1145.0     18.037219      0.858518      4.264770      0.118835
 1150.0     18.036975      0.855668      4.264375      0.118133
 1155.0     18.037502      0.853043      4.264063      0.117446
 1160.0     18.038768      0.850621      4.263831      0.116772
 1165.0     18.040742      0.848383      4.263675      0.116109
 1170.0     18.043394      0.846307      4.263593      0.115456
 1175.0     18.046692      0.844373      4.263581      0.114811
 1180.0     18.050605      0.842561      4.263636      0.114172
 1185.0     18.055103      0.840849      4.263755      0.113538
 1190.0     18.060154      0.839218      4.263935      0.112906
 1195.0     18.065728      0.837646      4.264173      0.112275
 1200.0     18.071794      0.836113      4.264466      0.111643
 1205.0     18.078321      0.834598      4.264810      0.111009
 1210.0     18.085278      0.833080      4.265202      0.110371
 1215.0     18.092634      0.831540      4.265640      0.109726
 1220.0     18.100357      0.829956      4.266120      0.109074
 1225.0     18.108418      0.828308      4.266639      0.108413
 1230.0     18.116785      0.826575      4.267194      0.107740
 1235.0     18.125428      0.824736      4.267782      0.107054
 1240.0     18.134315      0.822771      4.268399      0.106354
 1245.0     18.143416      0.820660      4.269043      0.105638
 1250.0     18.152699      0.818381      4.269711      0.104903
 1255.0     18.162134      0.815914      4.270399      0.104148
 1260.0     18.171690      0.813238      4.271104      0.103372
 1265.0     18.181336      0.810333      4.271823      0.102572
 1270.0     18.191040      0.807179      4.272553      0.101748
 1275.0     18.200773      0.803754      4.273291      0.100897
 1280.0     18.210502      0.800038      4.274033      0.100017
 1285.0     18.220197      0.796010      4.274777      0.099107
 1290.0     18.229828      0.791650      4.275520      0.098165
 1295.0     18.239363      0.786937      4.276258      0.097189
 1300.0     18.248772      0.781850      4.276988      0.096178
 1305.0     18.258024      0.776369      4.277707      0.095129
 1310.0     18.267087      0.770474      4.278413      0.094042
 1315.0     18.275930      0.764143      4.279101      0.092914
 1320.0     18.284523      0.757356      4.279769      0.091744
 1325.0     18.292835      0.750092      4.280413      0.090530
 1330.0     18.300836      0.742331      4.281031      0.089270
 1335.0     18.308493      0.734052      4.281619      0.087962
 1340.0     18.315776      0.725234      4.282175      0.086605
 1345.0     18.322654      0.715857      4.282695      0.085197
 1350.0     18.329097      0.705901      4.283175      0.083736
 1355.0     18.335073      0.695344      4.283614      0.082221
 1360.0     18.340551      0.684166      4.284007      0.080650
 1365.0     18.345501      0.672347      4.284352      0.079020
 1370.0     18.349891      0.659865      4.284645      0.077331
 1375.0     18.353689      0.646698      4.284883      0.075580
 1380.0     18.356871      0.632833      4.285065      0.073767
 1385.0     18.359425      0.618272      4.285189      0.071892
 1390.0     18.361376      0.603056      4.285256      0.069958
 1395.0     18.362756      0.587237      4.285270      0.067972
 1400.0     18.363594      0.570860      4.285234      0.065937
 1405.0     18.363915      0.553969      4.285152      0.063858
 1410.0     18.363748      0.536611      4.285025      0.061741
 1415.0     18.363122      0.518833      4.284856      0.059590
 1420.0     18.362064      0.500681      4.284649      0.057409
 1425.0     18.360604      0.482201      4.284406      0.055203
 1430.0     18.358769      0.463438      4.284131      0.052977
 1435.0     18.356588      0.444439      4.283825      0.050735
 1440.0     18.354088      0.425250      4.283492      0.048483
 1445.0     18.351298      0.405918      4.283134      0.046225
 1450.0     18.348245      0.386489      4.282755      0.043965
 1455.0     18.344959      0.367008      4.282357      0.041709
 1460.0     18.341467      0.347521      4.281943      0.039460
 1465.0     18.337798      0.328075      4.281516      0.037223
 1470.0     18.333980      0.308717      4.281079      0.035004
 1475.0     18.330040      0.289492      4.280634      0.032807
 1480.0     18.326008      0.270446      4.280185      0.030637
 1485.0     18.321911      0.251626      4.279734      0.028498
 1490.0     18.317778      0.233077      4.279284      0.026395
 1495.0     18.313636      0.214847      4.278838      0.024333
 1500.0     18.309514      0.196980      4.278398      0.022316
 1505.0     18.305440      0.179523      4.277968      0.020349
 1510.0     18.301443      0.162522      4.277551      0.018436
 1515.0     18.297550      0.146024      4.277149      0.016583
 1520.0     18.293790      0.130074      4.276765      0.014795
 1525.0     18.290191      0.114718      4.276402      0.013075
 1530.0     18.286780      0.100005      4.276063      0.011428
 1535.0     18.283587      0.085981      4.275750      0.009859
 1540.0     18.280639      0.072683      4.275467      0.008374
 1545.0     18.277965      0.060155      4.275216      0.006976
 1550.0     18.275593      0.048479      4.275000      0.005670
 1555.0     18.273534      0.037698      4.274820      0.004458
 1560.0     18.271734      0.027662      4.274670      0.003343
 1565.0     18.270121      0.018309      4.274540      0.002322
 1570.0     18.268624      0.010109      4.274423      0.001379
 1575.0     18.267172      0.003717      4.274309      0.000540
 1580.0     18.265692      0.000000      4.274190      0.000000
 1585.0     18.264113      0.000000      4.274058      0.000000
 1590.0     18.262365      0.000000      4.273904      0.000000
 1595.0     18.260376      0.000000      4.273719      0.000000
 1600.0     18.258074      0.000000      4.273495      0.000000
 1605.0     18.255388      0.000000      4.273223      0.000000
 1610.0     18.252246      0.000000      4.272895      0.000000
 1615.0     18.248577      0.000000      4.272502      0.000000
 1620.0     18.244310      0.000000      4.272036      0.000000
 1625.0     18.239373      0.000000      4.271487      0.000000
 1630.0     18.233694      0.000000      4.270848      0.000000
 1635.0     18.227203      0.000000      4.270110      0.000000
 1640.0     18.219829      0.000000      4.269264      0.000000
 1645.0     18.211499      0.000000      4.268301      0.000000
 1650.0     18.202141      0.000000      4.267214      0.000000
 1655.0     18.191685      0.000000      4.265993      0.000000
 1660.0     18.180060      0.000000      4.264631      0.000000
 1665.0     18.167194      0.000000      4.263118      0.000000
 1670.0     18.153015      0.000000      4.261445      0.000000
 1675.0     18.137452      0.000000      4.259605      0.000000
 1680.0     18.120434      0.000000      4.257588      0.000000
 1685.0     18.101889      0.000000      4.255387      0.000000
 1690.0     18.081745      0.000000      4.252992      0.000000
 1695.0     18.059932      0.000000      4.250395      0.000000
 1700.0     18.036379      0.000000      4.247588      0.000000
 1705.0     18.011013      0.000000      4.244561      0.000000
 1710.0     17.983762      0.000000      4.241307      0.000000
 1715.0     17.954556      0.000000      4.237816      0.000000
 1720.0     17.923324      0.000000      4.234080      0.000000
 1725.0     17.889994      0.000000      4.230091      0.000000
 1730.0     17.854494      0.000000      4.225840      0.000000
 1735.0     17.816753      0.000000      4.221318      0.000000
 1740.0     17.776700      0.000000      4.216518      0.000000
 1745.0     17.734265      0.000000      4.211430      0.000000
 1750.0     17.689370      0.000000      4.206045      0.000000
 1755.0     17.641941      0.000000      4.200354      0.000000
 1760.0     17.591934      0.000000      4.194352      0.000000
 1765.0     17.539283      0.000000      4.188032      0.000000
 1770.0     17.483821      0.000000      4.181372      0.000000
 1775.0     17.425730      0.000000      4.174395      0.000000
 1780.0     17.366692      0.000000      4.167303      0.000000
 1785.0     17.308803      0.000000      4.160348      0.000000
 1790.0     17.254297      0.000000      4.153799      0.000000
 1795.0     17.205437      0.000000      4.147927      0.000000
 1800.0     17.164449      0.000000      4.143000      0.000000
 1805.0     17.132971      0.000000      4.139215      0.000000
 1810.0     17.110337      0.000000      4.136492      0.000000
 1815.0     17.095303      0.000000      4.134682      0.000000
 1820.0     17.086624      0.000000      4.133635      0.000000
 1825.0     17.083054      0.000000      4.133202      0.000000
 1830.0     17.083346      0.000000      4.133232      0.000000
 1835.0     17.086255      0.000000      4.133577      0.000000
 1840.0     17.090535      0.000000      4.134086      0.000000
 1845.0     17.094940      0.000000      4.134610      0.000000
 1850.0     17.098225      0.000000      4.135000      0.000000
 1855.0     17.099397      0.000000      4.135136      0.000000
 1860.0     17.098477      0.000000      4.135021      0.000000
 1865.0     17.095738      0.000000      4.134688      0.000000
 1870.0     17.091454      0.000000      4.134169      0.000000
 1875.0     17.085899      0.000000      4.133497      0.000000
 1880.0     17.079347      0.000000      4.132706      0.000000
 1885.0     17.072071      0.000000      4.131828      0.000000
 1890.0     17.064346      0.000000      4.130896      0.000000
 1895.0     17.056445      0.000000      4.129942      0.000000
 1900.0     17.048641      0.000000      4.129000      0.000000
 1905.0     17.041160      0.000000      4.128097      0.000000
 1910.0     17.034030      0.000000      4.127235      0.000000
 1915.0     17.027229      0.000000      4.126413      0.000000
 1920.0     17.020736      0.000000      4.125627      0.000000
 1925.0     17.014530      0.000000      4.124876      0.000000
 1930.0     17.008589      0.000000      4.124156      0.000000
 1935.0     17.002893      0.000000      4.123466      0.000000
 1940.0     16.997421      0.000000      4.122803      0.000000
 1945.0     16.992151      0.000000      4.122164      0.000000
 1950.0     16.987061      0.000000      4.121546      0.000000
 1955.0     16.982131      0.000000      4.120947      0.000000
 1960.0     16.977340      0.000000      4.120365      0.000000
 1965.0     16.972666      0.000000      4.119797      0.000000
 1970.0     16.968089      0.000000      4.119240      0.000000
 1975.0     16.963586      0.000000      4.118692      0.000000
 1980.0     16.959137      0.000000      4.118151      0.000000
 1985.0     16.954721      0.000000      4.117614      0.000000
 1990.0     16.950316      0.000000      4.117078      0.000000
 1995.0     16.945901      0.000000      4.116541      0.000000
 2000.0     16.941456      0.000000      4.116000      0.000000
 2005.0     16.936962      0.000000      4.115453      0.000000
 2010.0     16.932417      0.000000      4.114900      0.000000
 2015.0     16.927821      0.000000      4.114342      0.000000
 2020.0     16.923176      0.000000      4.113777      0.000000
 2025.0     16.918482      0.000000      4.113206      0.000000
 2030.0     16.913740      0.000000      4.112629      0.000000
 2035.0     16.908951      0.000000      4.112047      0.000000
 2040.0     16.904116      0.000000      4.111459      0.000000
 2045.0     16.899236      0.000000      4.110866      0.000000
 2050.0     16.894311      0.000000      4.110267      0.000000
 2055.0     16.889343      0.000000      4.109663      0.000000
 2060.0     16.884333      0.000000      4.109053      0.000000
 2065.0     16.879281      0.000000      4.108438      0.000000
 2070.0     16.874187      0.000000      4.107819      0.000000
 2075.0     16.869054      0.000000      4.107194      0.000000
 2080.0     16.863881      0.000000      4.106565      0.000000
 2085.0     16.858670      0.000000      4.105931      0.000000
 2090.0     16.853422      0.000000      4.105292      0.000000
 2095.0     16.848137      0.000000      4.104648      0.000000
 2100.0     16.842816      0.000000      4.104000      0.000000
 2105.0     16.837462      0.000000      4.103348      0.000000
 2110.0     16.832085      0.000000      4.102693      0.000000
 2115.0     16.826696      0.000000      4.102036      0.000000
 2120.0     16.821307      0.000000      4.101379      0.000000
 2125.0     16.815929      0.000000      4.100723      0.000000
 2130.0     16.810574      0.000000      4.100070      0.000000
 2135.0     16.805254      0.000000      4.099421      0.000000
 2140.0     16.799979      0.000000      4.098777      0.000000
 2145.0     16.794762      0.000000      4.098141      0.000000
 2150.0     16.789613      0.000000      4.097513      0.000000
 2155.0     16.784545      0.000000      4.096895      0.000000
 2160.0     16.779570      0.000000      4.096287      0.000000
 2165.0     16.774698      0.000000      4.095692      0.000000
 2170.0     16.769941      0.000000      4.095111      0.000000
 2175.0     16.765311      0.000000      4.094545      0.000000
 2180.0     16.760819      0.000000      4.093997      0.000000
 2185.0     16.756477      0.000000      4.093467      0.000000
 2190.0     16.752296      0.000000      4.092957      0.000000
 2195.0     16.748288      0.000000      4.092467      0.000000
 2200.0     16.744464      0.000000      4.092000      0.000000
 2205.0     16.740832      0.000000      4.091556      0.000000
 2210.0     16.737379      0.000000      4.091135      0.000000
 2215.0     16.734089      0.000000      4.090733      0.000000
 2220.0     16.730946      0.000000      4.090349      0.000000
 2225.0     16.727933      0.000000      4.089980      0.000000
 2230.0     16.725034      0.000000      4.089626      0.000000
 2235.0     16.722233      0.000000      4.089284      0.000000
 2240.0     16.719513      0.000000      4.088952      0.000000
 2245.0     16.716857      0.000000      4.088627      0.000000
 2250.0     16.714250      0.000000      4.088308      0.000000
 2255.0     16.711675      0.000000      4.087993      0.000000
 2260.0     16.709115      0.000000      4.087680      0.000000
 2265.0     16.706554      0.000000      4.087367      0.000000
 2270.0     16.703976      0.000000      4.087051      0.000000
 2275.0     16.701364      0.000000      4.086732      0.000000
 2280.0     16.698702      0.000000      4.086406      0.000000
 2285.0     16.695973      0.000000      4.086072      0.000000
 2290.0     16.693162      0.000000      4.085727      0.000000
 2295.0     16.690251      0.000000      4.085371      0.000000
 2300.0     16.687225      0.000000      4.085000      0.000000
 2305.0     16.684073      0.000000      4.084614      0.000000
 2310.0     16.680812      0.000000      4.084214      0.000000
 2315.0     16.677466      0.000000      4.083804      0.000000
 2320.0     16.674057      0.000000      4.083386      0.000000
 2325.0     16.670610      0.000000      4.082964      0.000000
 2330.0     16.667147      0.000000      4.082540      0.000000
 2335.0     16.663692      0.000000      4.082116      0.000000
 2340.0     16.660267      0.000000      4.081696      0.000000
 2345.0     16.656897      0.000000      4.081283      0.000000
 2350.0     16.653605      0.000000      4.080880      0.000000
 2355.0     16.650414      0.000000      4.080489      0.000000
 2360.0     16.647347      0.000000      4.080113      0.000000
 2365.0     16.644427      0.000000      4.079755      0.000000
 2370.0     16.641679      0.000000      4.079419      0.000000
 2375.0     16.639125      0.000000      4.079106      0.000000
 2380.0     16.636789      0.000000      4.078820      0.000000
 2385.0     16.634693      0.000000      4.078563      0.000000
 2390.0     16.632861      0.000000      4.078339      0.000000
 2395.0     16.631317      0.000000      4.078150      0.000000
 2400.0     16.630084      0.000000      4.078000      0.000000
 2405.0     16.629169      0.000000      4.077888      0.000000
 2410.0     16.628518      0.000000      4.077809      0.000000
 2415.0     16.628059      0.000000      4.077753      0.000000
 2420.0     16.627722      0.000000      4.077713      0.000000
 2425.0     16.627436      0.000000      4.077679      0.000000
 2430.0     16.627131      0.000000      4.077642      0.000000
 2435.0     16.626736      0.000000      4.077594      0.000000
 2440.0     16.626179      0.000000      4.077527      0.000000
 2445.0     16.625390      0.000000      4.077431      0.000000
 2450.0     16.624299      0.000000      4.077297      0.000000
 2455.0     16.622834      0.000000      4.077118      0.000000
 2460.0     16.620926      0.000000      4.076884      0.000000
 2465.0     16.618503      0.000000      4.076587      0.000000
 2470.0     16.615494      0.000000      4.076217      0.000000
 2475.0     16.611829      0.000000      4.075767      0.000000
 2480.0     16.607437      0.000000      4.075227      0.000000
 2485.0     16.602247      0.000000      4.074589      0.000000
 2490.0     16.596189      0.000000      4.073844      0.000000
 2495.0     16.589192      0.000000      4.072984      0.000000
 2500.0     16.581184      0.000000      4.072000      0.000000
 2505.0     16.572168      0.000000      4.070892      0.000000
 2510.0     16.562435      0.000000      4.069695      0.000000
 2515.0     16.552349      0.000000      4.068455      0.000000
 2520.0     16.542271      0.000000      4.067216      0.000000
 2525.0     16.532565      0.000000      4.066022      0.000000
 2530.0     16.523600      0.000000      4.064920      0.000000
 2535.0     16.515742      0.000000      4.063954      0.000000
 2540.0     16.509330      0.000000      4.063166      0.000000
 2545.0     16.504723      0.000000      4.062599      0.000000
 2550.0     16.502368      0.000000      4.062310      0.000000
 2555.0     16.502617      0.000000      4.062341      0.000000
 2560.0     16.505333      0.000000      4.062676      0.000000
 2565.0     16.510182      0.000000      4.063272      0.000000
 2570.0     16.516516      0.000000      4.064051      0.000000
 2575.0     16.523626      0.000000      4.064926      0.000000
 2580.0     16.530877      0.000000      4.065818      0.000000
 2585.0     16.537645      0.000000      4.066650      0.000000
 2590.0     16.543288      0.000000      4.067344      0.000000
 2595.0     16.547161      0.000000      4.067820      0.000000
 2600.0     16.548624      0.000000      4.068000      0.000000
 2605.0     16.547214      0.000000      4.067826      0.000000
 2610.0     16.543178      0.000000      4.067329      0.000000
 2615.0     16.536940      0.000000      4.066561      0.000000
 2620.0     16.528923      0.000000      4.065575      0.000000
 2625.0     16.519551      0.000000      4.064422      0.000000
 2630.0     16.509252      0.000000      4.063154      0.000000
 2635.0     16.498449      0.000000      4.061825      0.000000
 2640.0     16.487558      0.000000      4.060485      0.000000
 2645.0     16.476999      0.000000      4.059185      0.000000
 2650.0     16.467233      0.000000      4.057983      0.000000
 2655.0     16.458649      0.000000      4.056926      0.000000
 2660.0     16.451311      0.000000      4.056023      0.000000
 2665.0     16.445185      0.000000      4.055269      0.000000
 2670.0     16.440165      0.000000      4.054651      0.000000
 2675.0     16.436130      0.000000      4.054154      0.000000
 2680.0     16.432979      0.000000      4.053766      0.000000
 2685.0     16.430614      0.000000      4.053475      0.000000
 2690.0     16.428931      0.000000      4.053267      0.000000
 2695.0     16.427826      0.000000      4.053130      0.000000
 2700.0     16.427197      0.000000      4.053052      0.000000
 2705.0     16.426941      0.000000      4.053020      0.000000
 2710.0     16.426955      0.000000      4.053021      0.000000
 2715.0     16.427135      0.000000      4.053042      0.000000
 2720.0     16.427382      0.000000      4.053072      0.000000
 2725.0     16.427593      0.000000      4.053098      0.000000
 2730.0     16.427656      0.000000      4.053105      0.000000
 2735.0     16.427477      0.000000      4.053082      0.000000
 2740.0     16.427043      0.000000      4.053028      0.000000
 2745.0     16.426364      0.000000      4.052944      0.000000
 2750.0     16.425470      0.000000      4.052834      0.000000
 2755.0     16.424392      0.000000      4.052701      0.000000
 2760.0     16.423159      0.000000      4.052548      0.000000
 2765.0     16.421796      0.000000      4.052380      0.000000
 2770.0     16.420333      0.000000      4.052200      0.000000
 2775.0     16.418797      0.000000      4.052011      0.000000
 2780.0     16.417217      0.000000      4.051816      0.000000
 2785.0     16.415619      0.000000      4.051619      0.000000
 2790.0     16.414033      0.000000      4.051423      0.000000
 2795.0     16.412486      0.000000      4.051232      0.000000
 2800.0     16.411006      0.000000      4.051050      0.000000
 2805.0     16.409614      0.000000      4.050878      0.000000
 2810.0     16.408306      0.000000      4.050717      0.000000
 2815.0     16.407071      0.000000      4.050565      0.000000
 2820.0     16.405896      0.000000      4.050420      0.000000
 2825.0     16.404771      0.000000      4.050281      0.000000
 2830.0     16.403683      0.000000      4.050146      0.000000
 2835.0     16.402623      0.000000      4.050015      0.000000
 2840.0     16.401578      0.000000      4.049886      0.000000
 2845.0     16.400538      0.000000      4.049758      0.000000
 2850.0     16.399490      0.000000      4.049628      0.000000
 2855.0     16.398423      0.000000      4.049496      0.000000
 2860.0     16.397328      0.000000      4.049361      0.000000
 2865.0     16.396201      0.000000      4.049222      0.000000
 2870.0     16.395042      0.000000      4.049079      0.000000
 2875.0     16.393851      0.000000      4.048932      0.000000
 2880.0     16.392629      0.000000      4.048781      0.000000
 2885.0     16.391376      0.000000      4.048626      0.000000
 2890.0     16.390093      0.000000      4.048468      0.000000
 2895.0     16.388779      0.000000      4.048306      0.000000
 2900.0     16.387434      0.000000      4.048140      0.000000
 2905.0     16.386060      0.000000      4.047970      0.000000
 2910.0     16.384656      0.000000      4.047796      0.000000
 2915.0     16.383222      0.000000      4.047619      0.000000
 2920.0     16.381759      0.000000      4.047439      0.000000
 2925.0     16.380267      0.000000      4.047254      0.000000
 2930.0     16.378746      0.000000      4.047066      0.000000
 2935.0     16.377197      0.000000      4.046875      0.000000
 2940.0     16.375620      0.000000      4.046680      0.000000
 2945.0     16.374015      0.000000      4.046482      0.000000
 2950.0     16.372381      0.000000      4.046280      0.000000
 2955.0     16.370720      0.000000      4.046075      0.000000
 2960.0     16.369033      0.000000      4.045866      0.000000
 2965.0     16.367327      0.000000      4.045655      0.000000
 2970.0     16.365623      0.000000      4.045445      0.000000
 2975.0     16.363942      0.000000      4.045237      0.000000
 2980.0     16.362305      0.000000      4.045035      0.000000
 2985.0     16.360731      0.000000      4.044840      0.000000
 2990.0     16.359243      0.000000      4.044656      0.000000
 2995.0     16.357863      0.000000      4.044485      0.000000
 3000.0     16.356605      0.000000      4.044330      0.000000
 3050.0     16.349376      0.000000      4.043437      0.000000
 3100.0     16.343280      0.000000      4.042682      0.000000
 3150.0     16.329392      0.000000      4.040964      0.000000
 3200.0     16.312632      0.000000      4.038890      0.000000
 3250.0     16.299688      0.000000      4.037288      0.000000
 3300.0     16.290477      0.000000      4.036147      0.000000
 3350.0     16.283282      0.000000      4.035255      0.000000
 3400.0     16.276625      0.000000      4.034430      0.000000
 3450.0     16.269393      0.000000      4.033533      0.000000
 3500.0     16.261706      0.000000      4.032580      0.000000
 3550.0     16.253993      0.000000      4.031624      0.000000
 3600.0     16.246704      0.000000      4.030720      0.000000
 3650.0     16.240146      0.000000      4.029906      0.000000
 3700.0     16.234044      0.000000      4.029149      0.000000
 3750.0     16.227981      0.000000      4.028397      0.000000
 3800.0     16.221562      0.000000      4.027600      0.000000
 3850.0     16.214632      0.000000      4.026740      0.000000
 3900.0     16.207990      0.000000      4.025915      0.000000
 3950.0     16.202736      0.000000      4.025262      0.000000
 4000.0     16.200223      0.000000      4.024950      0.000000
 4050.0     16.200621      0.000000      4.024999      0.000000
 4100.0     16.199105      0.000000      4.024811      0.000000
 4150.0     16.191589      0.000000      4.023877      0.000000
 4200.0     16.181954      0.000000      4.022680      0.000000
 4250.0     16.174936      0.000000      4.021808      0.000000
 4300.0     16.170740      0.000000      4.021286      0.000000
 4350.0     16.168325      0.000000      4.020986      0.000000
 4400.0     16.166189      0.000000      4.020720      0.000000
 4450.0     16.163097      0.000000      4.020335      0.000000
 4500.0     16.159336      0.000000      4.019867      0.000000
 4550.0     16.155571      0.000000      4.019399      0.000000
 4600.0     16.152441      0.000000      4.019010      0.000000
 4650.0     16.150286      0.000000      4.018742      0.000000
 4700.0     16.148271      0.000000      4.018491      0.000000
 4750.0     16.145296      0.000000      4.018121      0.000000
 4800.0     16.140387      0.000000      4.017510      0.000000
 4850.0     16.133285      0.000000      4.016626      0.000000
 4900.0     16.126458      0.000000      4.015776      0.000000
 4950.0     16.123501      0.000000      4.015408      0.000000
 5000.0     16.129782      0.000000      4.016190      0.000000
 5050.0     16.146533      0.000000      4.018276      0.000000
 5100.0     16.156679      0.000000      4.019539      0.000000
 5150.0     16.144808      0.000000      4.018061      0.000000
 5200.0     16.120466      0.000000      4.015030      0.000000
 5250.0     16.098406      0.000000      4.012283      0.000000
 5300.0     16.089255      0.000000      4.011143      0.000000
 5350.0     16.098115      0.000000      4.012246      0.000000
 5400.0     16.112116      0.000000      4.013990      0.000000
 5450.0     16.117566      0.000000      4.014669      0.000000
 5500.0     16.115450      0.000000      4.014405      0.000000
 5550.0     16.110103      0.000000      4.013739      0.000000
 5600.0     16.104570      0.000000      4.013050      0.000000
 5650.0     16.100995      0.000000      4.012605      0.000000
 5700.0     16.099216      0.000000      4.012383      0.000000
 5750.0     16.098472      0.000000      4.012290      0.000000
 5800.0     16.097909      0.000000      4.012220      0.000000
 5850.0     16.096835      0.000000      4.012086      0.000000
 5900.0     16.095304      0.000000      4.011895      0.000000
 5950.0     16.093552      0.000000      4.011677      0.000000
 6000.0     16.091811      0.000000      4.011460      0.000000
 6050.0     16.090259      0.000000      4.011266      0.000000
 6100.0     16.088878      0.000000      4.011094      0.000000
 6150.0     16.087600      0.000000      4.010935      0.000000
 6200.0     16.086356      0.000000      4.010780      0.000000
 6250.0     16.085092      0.000000      4.010622      0.000000
 6300.0     16.083815      0.000000      4.010463      0.000000
 6350.0     16.082545      0.000000      4.010305      0.000000
 6400.0     16.081303      0.000000      4.010150      0.000000
 6450.0     16.080105      0.000000      4.010000      0.000000
 6500.0     16.078948      0.000000      4.009856      0.000000
 6550.0     16.077826      0.000000      4.009716      0.000000
 6600.0     16.076732      0.000000      4.009580      0.000000
 6650.0     16.075660      0.000000      4.009446      0.000000
 6700.0     16.074608      0.000000      4.009315      0.000000
 6750.0     16.073576      0.000000      4.009186      0.000000
 6800.0     16.072562      0.000000      4.009060      0.000000
 6850.0     16.071567      0.000000      4.008936      0.000000
 6900.0     16.070593      0.000000      4.008814      0.000000
 6950.0     16.069641      0.000000      4.008695      0.000000
 7000.0     16.068714      0.000000      4.008580      0.000000
 7050.0     16.067812      0.000000      4.008467      0.000000
 7100.0     16.066929      0.000000      4.008357      0.000000
 7150.0     16.066056      0.000000      4.008248      0.000000
 7200.0     16.065186      0.000000      4.008140      0.000000
 7250.0     16.064315      0.000000      4.008031      0.000000
 7300.0     16.063461      0.000000      4.007925      0.000000
 7350.0     16.062648      0.000000      4.007824      0.000000
 7400.0     16.061900      0.000000      4.007730      0.000000
 7450.0     16.061223      0.000000      4.007645      0.000000
 7500.0     16.060555      0.000000      4.007562      0.000000
 7550.0     16.059819      0.000000      4.007470      0.000000
 7600.0     16.058934      0.000000      4.007360      0.000000
 7650.0     16.057880      0.000000      4.007229      0.000000
 7700.0     16.056880      0.000000      4.007104      0.000000
 7750.0     16.056212      0.000000      4.007020      0.000000
 7800.0     16.056129      0.000000      4.007010      0.000000
 7850.0     16.056685      0.000000      4.007079      0.000000
 7900.0     16.057155      0.000000      4.007138      0.000000
 7950.0     16.056535      0.000000      4.007061      0.000000
 8000.0     16.053485      0.000000      4.006680      0.000000
 8050.0     16.047705      0.000000      4.005959      0.000000
 8100.0     16.043381      0.000000      4.005419      0.000000
 8150.0     16.044656      0.000000      4.005578      0.000000
 8200.0     16.051001      0.000000      4.006370      0.000000
 8250.0     16.059658      0.000000      4.007450      0.000000
 8300.0     16.063609      0.000000      4.007943      0.000000
 8350.0     16.057734      0.000000      4.007210      0.000000
 8400.0     16.048757      0.000000      4.006090      0.000000
 8450.0     16.044323      0.000000      4.005537      0.000000
 8500.0     16.043923      0.000000      4.005487      0.000000
 8550.0     16.045204      0.000000      4.005647      0.000000
 8600.0     16.046594      0.000000      4.005820      0.000000
 8650.0     16.047009      0.000000      4.005872      0.000000
 8700.0     16.046532      0.000000      4.005812      0.000000
 8750.0     16.045551      0.000000      4.005690      0.000000
 8800.0     16.044511      0.000000      4.005560      0.000000
 8850.0     16.043772      0.000000      4.005468      0.000000
 8900.0     16.043303      0.000000      4.005409      0.000000
 8950.0     16.042976      0.000000      4.005368      0.000000
 9000.0     16.042668      0.000000      4.005330      0.000000
 9050.0     16.042282      0.000000      4.005282      0.000000
 9100.0     16.041824      0.000000      4.005225      0.000000
 9150.0     16.041328      0.000000      4.005163      0.000000
 9200.0     16.040826      0.000000      4.005100      0.000000
 9250.0     16.040348      0.000000      4.005040      0.000000
 9300.0     16.039904      0.000000      4.004985      0.000000
 9350.0     16.039501      0.000000      4.004935      0.000000
 9400.0     16.039144      0.000000      4.004890      0.000000
 9450.0     16.038828      0.000000      4.004850      0.000000
 9500.0     16.038499      0.000000      4.004809      0.000000
 9550.0     16.038092      0.000000      4.004758      0.000000
 9600.0     16.037542      0.000000      4.004690      0.000000
 9650.0     16.036836      0.000000      4.004602      0.000000
 9700.0     16.036169      0.000000      4.004519      0.000000
 9750.0     16.035788      0.000000      4.004471      0.000000
 9800.0     16.035940      0.000000      4.004490      0.000000
 9850.0     16.036798      0.000000      4.004597      0.000000
 9900.0     16.038234      0.000000      4.004776      0.000000
 9950.0     16.040046      0.000000      4.005002      0.000000
10000.0     16.042028      0.000000      4.005250      0.000000
10050.0     16.043967      0.000000      4.005492      0.000000
10100.0     16.045630      0.000000      4.005700      0.000000
10150.0     16.046764      0.000000      4.005841      0.000000
10200.0     16.047075      0.000000      4.005880      0.000000
10250.0     16.046300      0.000000      4.005783      0.000000
10300.0     16.044357      0.000000      4.005541      0.000000
10350.0     16.041319      0.000000      4.005161      0.000000
10400.0     16.037705      0.000000      4.004710      0.000000
10450.0     16.034129      0.000000      4.004264      0.000000
10500.0     16.031135      0.000000      4.003890      0.000000
10550.0     16.029134      0.000000      4.003640      0.000000
10600.0     16.028086      0.000000      4.003509      0.000000
10650.0     16.027835      0.000000      4.003478      0.000000
10700.0     16.028220      0.000000      4.003526      0.000000
10750.0     16.029080      0.000000      4.003633      0.000000
10800.0     16.030255      0.000000      4.003780      0.000000
10850.0     16.031585      0.000000      4.003946      0.000000
10900.0     16.032909      0.000000      4.004112      0.000000
10950.0     16.034067      0.000000      4.004256      0.000000
11000.0     16.034899      0.000000      4.004360      0.000000
11050.0     16.035280      0.000000      4.004408      0.000000
11100.0     16.035226      0.000000      4.004401      0.000000
11150.0     16.034788      0.000000      4.004346      0.000000
11200.0     16.034018      0.000000      4.004250      0.000000
11250.0     16.032966      0.000000      4.004119      0.000000
11300.0     16.031685      0.000000      4.003959      0.000000
11350.0     16.030225      0.000000      4.003776      0.000000
11400.0     16.028639      0.000000      4.003578      0.000000
11450.0     16.026977      0.000000      4.003370      0.000000
11500.0     16.025290      0.000000      4.003160      0.000000
11550.0     16.023643      0.000000      4.002955      0.000000
11600.0     16.022156      0.000000      4.002769      0.000000
11650.0     16.020960      0.000000      4.002620      0.000000
11700.0     16.020188      0.000000      4.002523      0.000000
11750.0     16.019972      0.000000      4.002496      0.000000
11800.0     16.020444      0.000000      4.002555      0.000000
11850.0     16.021736      0.000000      4.002717      0.000000
11900.0     16.023980      0.000000      4.002997      0.000000
11950.0     16.027308      0.000000      4.003412      0.000000
12000.0     16.031856      0.000000      4.003980      0.000000
12050.0     16.037592      0.000000      4.004696      0.000000
12100.0     16.043794      0.000000      4.005470      0.000000
12150.0     16.049589      0.000000      4.006194      0.000000
12200.0     16.054176      0.000000      4.006767      0.000000
12250.0     16.056705      0.000000      4.007083      0.000000
12300.0     16.056050      0.000000      4.007001      0.000000
12350.0     16.051315      0.000000      4.006410      0.000000
12400.0     16.042790      0.000000      4.005345      0.000000
12450.0     16.031524      0.000000      4.003938      0.000000
12500.0     16.020407      0.000000      4.002550      0.000000
12550.0     16.012144      0.000000      4.001518      0.000000
12600.0     16.006851      0.000000      4.000857      0.000000
12650.0     16.004019      0.000000      4.000503      0.000000
12700.0     16.003232      0.000000      4.000405      0.000000
12750.0     16.004091      0.000000      4.000513      0.000000
12800.0     16.006174      0.000000      4.000773      0.000000
12850.0     16.009052      0.000000      4.001132      0.000000
12900.0     16.012304      0.000000      4.001538      0.000000
12950.0     16.015509      0.000000      4.001938      0.000000
13000.0     16.018245      0.000000      4.002280      0.000000
13050.0     16.020180      0.000000      4.002522      0.000000
13100.0     16.021337      0.000000      4.002666      0.000000
13150.0     16.021829      0.000000      4.002727      0.000000
13200.0     16.021770      0.000000      4.002720      0.000000
13250.0     16.021273      0.000000      4.002658      0.000000
13300.0     16.020450      0.000000      4.002555      0.000000
13350.0     16.019415      0.000000      4.002426      0.000000
13400.0     16.018280      0.000000      4.002284      0.000000
13450.0     16.017159      0.000000      4.002144      0.000000
13500.0     16.016164      0.000000      4.002020      0.000000
13550.0     16.015385      0.000000      4.001923      0.000000
13600.0     16.014816      0.000000      4.001852      0.000000
13650.0     16.014426      0.000000      4.001803      0.000000
13700.0     16.014184      0.000000      4.001773      0.000000
13750.0     16.014061      0.000000      4.001757      0.000000
13800.0     16.014026      0.000000      4.001753      0.000000
13850.0     16.014049      0.000000      4.001756      0.000000
13900.0     16.014100      0.000000      4.001762      0.000000
13950.0     16.014148      0.000000      4.001768      0.000000
14000.0     16.014163      0.000000      4.001770      0.000000
14050.0     16.014121      0.000000      4.001765      0.000000
14100.0     16.014024      0.000000      4.001753      0.000000
14150.0     16.013880      0.000000      4.001735      0.000000
14200.0     16.013697      0.000000      4.001712      0.000000
14250.0     16.013483      0.000000      4.001685      0.000000
14300.0     16.013247      0.000000      4.001656      0.000000
14350.0     16.012996      0.000000      4.001624      0.000000
14400.0     16.012740      0.000000      4.001592      0.000000
14450.0     16.012486      0.000000      4.001560      0.000000
14500.0     16.012242      0.000000      4.001530      0.000000
14550.0     16.012015      0.000000      4.001502      0.000000
14600.0     16.011804      0.000000      4.001475      0.000000
14650.0     16.011606      0.000000      4.001450      0.000000
14700.0     16.011420      0.000000      4.001427      0.000000
14750.0     16.011242      0.000000      4.001405      0.000000
14800.0     16.011071      0.000000      4.001384      0.000000
14850.0     16.010904      0.000000      4.001363      0.000000
14900.0     16.010738      0.000000      4.001342      0.000000
14950.0     16.010572      0.000000      4.001320      0.000000
