#Lambda        Dielectric Constant          Refractive Index
# [nm]        [Real]        [Imag]        [Real]        [Imag]
   60.0      0.394511      0.693044      0.771193      0.451508
   65.0      0.446920      0.821664      0.831348      0.494188
   70.0      0.487793      0.797512      0.843382      0.472803
   75.0      0.411320      0.718055      0.787020      0.456171
   80.0      0.237120      0.760702      0.719000      0.529000
   85.0      0.057222      0.855526      0.676428      0.632547
   90.0     -0.054412      1.015746      0.693997      0.731998
   95.0     -0.141374      1.177837      0.722795      0.814752
  100.0     -0.178924      1.317308      0.758447      0.868427
  105.0     -0.238736      1.420356      0.775104      0.916240
  110.0     -0.320430      1.523872      0.786402      0.968918
  115.0     -0.402702      1.624465      0.796987      1.018917
  120.0     -0.548474      1.722122      0.793712      1.085342
  125.0     -0.698942      1.912445      0.817679      1.169422
  130.0     -0.765407      2.073910      0.850077      1.219841
  135.0     -0.867552      2.200894      0.865497      1.271465
  140.0     -1.012352      2.331644      0.874514      1.333109
  145.0     -1.221505      2.522910      0.889248      1.418447
  150.0     -1.273991      2.594357      0.899700      1.444894
  155.0     -1.530756      3.006720      0.960000      1.566000
  160.0     -1.722125      3.257367      0.990542      1.644089
  165.0     -1.910114      3.609935      1.042599      1.731212
  170.0     -2.079078      4.003455      1.102732      1.815248
  175.0     -2.170198      4.456575      1.180401      1.887735
  180.0     -2.175115      4.923628      1.266402      1.943935
  185.0     -2.113125      5.369569      1.352275      1.985387
  190.0     -1.955856      5.790768      1.441559      2.008492
  195.0     -1.718380      6.054059      1.512416      2.001421
  200.0     -1.602699      6.045100      1.525000      1.982000
  205.0     -2.236053      5.825446      1.415576      2.060268
  210.0     -3.059510      5.677807      1.301964      2.180516
  215.0     -3.652376      6.029897      1.303318      2.313226
  220.0     -4.172395      6.641265      1.354763      2.451079
  225.0     -4.504881      7.262834      1.421551      2.554541
  230.0     -4.969755      7.757155      1.456514      2.662934
  235.0     -5.880582      8.515361      1.494670      2.848648
  240.0     -7.070736      9.963507      1.604199      3.105518
  245.0     -7.997404     12.745937      1.877348      3.394402
  250.0     -7.051605     16.226952      2.306637      3.517453
  255.0     -5.157504     18.915776      2.687892      3.518597
  260.0     -2.059793     22.046191      3.168471      3.478720
  265.0      3.667561     22.675260      3.649535      3.106481
  270.0      7.745019     19.681227      3.800936      2.588907
  275.0      8.868823     16.430893      3.710842      2.213923
  280.0      8.766540     14.273711      3.571946      1.998048
  285.0      8.393250     12.964111      3.452326      1.877586
  290.0      7.982675     12.107087      3.352951      1.805437
  295.0      7.633807     11.558326      3.277615      1.763222
  300.0      7.331435     11.204444      3.218800      1.740470
  305.0      7.081563     10.993864      3.174807      1.731423
  310.0      6.872981     10.867860      3.141000      1.730000
  315.0      6.701816     10.835120      3.117857      1.737590
  320.0      6.561439     10.858396      3.102286      1.750066
  325.0      6.456115     10.944098      3.095367      1.767818
  330.0      6.380645     11.080123      3.095695      1.789603
  335.0      6.331446     11.265910      3.102789      1.815449
  340.0      6.307782     11.494233      3.116012      1.844382
  345.0      6.313494     11.766130      3.135800      1.876097
  350.0      6.347952     12.107104      3.163725      1.913425
  355.0      6.412213     12.509928      3.199206      1.955163
  360.0      6.503938     13.006223      3.243902      2.004722
  365.0      6.650119     13.636039      3.303148      2.064109
  370.0      6.941858     14.531429      3.394696      2.140437
  375.0      7.745614     15.660647      3.550779      2.205087
  380.0      9.085634     16.383035      3.729642      2.196958
  385.0     10.445535     16.832924      3.889663      2.163423
  390.0     12.270264     17.188020      4.085115      2.104261
  395.0     14.680337     16.853261      4.303024      1.958279
  400.0     16.482000     15.320050      4.415000      1.735000
  405.0     17.416064     13.491677      4.440929      1.518798
  410.0     17.740774     11.859777      4.420459      1.341514
  415.0     17.734870     10.544633      4.379912      1.203726
  420.0     17.564012      9.473339      4.331250      1.093589
  425.0     17.317319      8.589659      4.280657      1.003313
  430.0     17.050375      7.855314      4.232205      0.928047
  435.0     16.782414      7.243294      4.186952      0.864990
  440.0     16.514003      6.728859      4.144053      0.811864
  445.0     16.249282      6.298908      4.103447      0.767524
  450.0     15.997155      5.933788      4.065657      0.729756
  455.0     15.768104      5.599124      4.031191      0.694468
  460.0     15.552286      5.296613      3.998854      0.662269
  465.0     15.333755      5.045887      3.967114      0.635977
  470.0     15.131612      4.820419      3.937799      0.612069
  475.0     14.959575      4.599117      3.912179      0.587792
  480.0     14.798264      4.399645      3.888223      0.565771
  485.0     14.638949      4.226727      3.864956      0.546807
  490.0     14.485583      4.070032      3.842663      0.529582
  495.0     14.341014      3.926082      3.821632      0.513664
  500.0     14.206019      3.799616      3.802062      0.499686
  505.0     14.080073      3.684699      3.783798      0.486911
  510.0     13.962154      3.570798      3.766544      0.474012
  515.0     13.850778      3.457189      3.750101      0.460944
  520.0     13.744000      3.355667      3.734413      0.449293
  525.0     13.641701      3.268548      3.719508      0.439382
  530.0     13.544923      3.191638      3.705455      0.430667
  535.0     13.454315      3.120575      3.692274      0.422582
  540.0     13.369070      3.050742      3.679797      0.414525
  545.0     13.288324      2.979941      3.667881      0.406217
  550.0     13.211838      2.911813      3.656554      0.398160
  555.0     13.139465      2.850783      3.645862      0.390963
  560.0     13.071335      2.796797      3.635829      0.384619
  565.0     13.008036      2.742262      3.626431      0.378092
  570.0     12.949411      2.683531      3.617598      0.370894
  575.0     12.893891      2.625341      3.609183      0.363699
  580.0     12.839762      2.573293      3.601031      0.357300
  585.0     12.786316      2.530212      3.593086      0.352097
  590.0     12.735669      2.491133      3.585574      0.347383
  595.0     12.689863      2.450753      3.578705      0.342406
  600.0     12.648066      2.408944      3.572363      0.337162
  605.0     12.608531      2.367219      3.566328      0.331884
  610.0     12.569559      2.327043      3.560385      0.326797
  615.0     12.530940      2.288346      3.554509      0.321894
  620.0     12.494206      2.249268      3.548891      0.316897
  625.0     12.460449      2.208773      3.543671      0.311648
  630.0     12.428718      2.169324      3.538743      0.306507
  635.0     12.397584      2.134204      3.533948      0.301955
  640.0     12.365624      2.106688      3.529122      0.298473
  645.0     12.332364      2.087408      3.524209      0.296156
  650.0     12.299591      2.070750      3.519393      0.294193
  655.0     12.269359      2.050376      3.514889      0.291668
  660.0     12.242417      2.024366      3.510779      0.288303
  665.0     12.218131      1.995460      3.507008      0.284491
  670.0     12.195805      1.966615      3.503512      0.280661
  675.0     12.174741      1.940780      3.500228      0.277237
  680.0     12.154501      1.919264      3.497112      0.274409
  685.0     12.135167      1.900107      3.494151      0.271899
  690.0     12.116878      1.880966      3.491338      0.269376
  695.0     12.099793      1.860251      3.488679      0.266611
  700.0     12.084109      1.837878      3.486200      0.263591
  705.0     12.070025      1.813941      3.483934      0.260328
  710.0     12.057741      1.788535      3.481911      0.256832
  715.0     12.047433      1.761766      3.480158      0.253116
  720.0     12.038760      1.734044      3.478633      0.249243
  725.0     12.030861      1.706079      3.477219      0.245323
  730.0     12.022852      1.678591      3.475796      0.241468
  735.0     12.014217      1.652206      3.474298      0.237774
  740.0     12.005417      1.627283      3.472794      0.234288
  745.0     11.997068      1.604139      3.471374      0.231051
  750.0     11.989789      1.583092      3.470131      0.228102
  755.0     11.984197      1.564459      3.469155      0.225481
  760.0     11.980737      1.548473      3.468512      0.223219
  765.0     11.978571      1.534745      3.468077      0.221268
  770.0     11.976285      1.522608      3.467638      0.219545
  775.0     11.972464      1.511392      3.466983      0.217969
  780.0     11.966097      1.500528      3.465963      0.216468
  785.0     11.957695      1.489810      3.464649      0.215007
  790.0     11.948127      1.479124      3.463171      0.213559
  795.0     11.938265      1.468354      3.461655      0.212098
  800.0     11.928978      1.457381      3.460230      0.210598
  805.0     11.921136      1.446092      3.459021      0.209032
  810.0     11.915347      1.434514      3.458117      0.207400
  815.0     11.911101      1.423294      3.457436      0.205807
  820.0     11.907593      1.413242      3.456848      0.204386
  825.0     11.904017      1.405169      3.456227      0.203271
  830.0     11.899608      1.399775      3.455450      0.202577
  835.0     11.894035      1.396542      3.454469      0.202231
  840.0     11.887241      1.394193      3.453276      0.202043
  845.0     11.879172      1.391440      3.451869      0.201817
  850.0     11.869775      1.386994      3.450242      0.201362
  855.0     11.858996      1.379567      3.448389      0.200484
  860.0     11.846781      1.367870      3.446307      0.198989
  865.0     11.833076      1.350616      3.443991      0.196684
  870.0     11.817829      1.326517      3.441436      0.193376
  875.0     11.800985      1.294283      3.438637      0.188872
  880.0     11.782490      1.252626      3.435590      0.182978
  885.0     11.762291      1.200259      3.432290      0.175501
  890.0     11.740335      1.135892      3.428731      0.166248
  895.0     11.716567      1.058238      3.424910      0.155025
  900.0     11.690934      0.966008      3.420821      0.141639
  905.0     11.663382      0.857914      3.416460      0.125897
  910.0     11.633858      0.732667      3.411823      0.107606
  915.0     11.602308      0.588980      3.406903      0.086571
  920.0     11.568677      0.425564      3.401697      0.062600
  925.0     11.532914      0.241130      3.396200      0.035500
  930.0     11.495371      0.073913      3.390500      0.010900
  935.0     11.458190      0.039943      3.385000      0.005900
  940.0     11.422362      0.021495      3.379700      0.003180
  945.0     11.387924      0.006526      3.374600      0.000967
  950.0     11.354204      0.003552      3.369600      0.000527
  955.0     11.290042      0.001273      3.360067      0.000190
  960.0     11.289600      0.000497      3.360000      0.000074
  965.0     11.259380      0.000263      3.355500      0.000039
  970.0     11.156149      0.000127      3.340092      0.000020
  975.0     11.200401      0.000076      3.346700      0.000011
