#Lambda        Dielectric Constant          Refractive Index
# [nm]        [Real]        [Imag]        [Real]        [Imag]
  120.0      0.882700      0.056400      0.940000      0.030000
  125.0      0.882000      0.075200      0.940000      0.040000
  130.0      0.882000      0.075200      0.940000      0.040000
  135.0      0.881100      0.094000      0.940000      0.050000
  140.0      0.881100      0.094000      0.940000      0.050000
  145.0      0.880000      0.112800      0.940000      0.060000
  150.0      0.880000      0.112800      0.940000      0.060000
  155.0      0.880000      0.112800      0.940000      0.060000
  160.0      0.880000      0.112800      0.940000      0.060000
  165.0      0.861300      0.111600      0.930000      0.060000
  170.0      0.861300      0.111600      0.930000      0.060000
  175.0      0.842800      0.110400      0.920000      0.060000
  180.0      0.842800      0.110400      0.920000      0.060000
  185.0      0.824500      0.109200      0.910000      0.060000
  190.0      0.806400      0.108000      0.900000      0.060000
  195.0      0.771900      0.088000      0.880000      0.050000
  200.0      0.754400      0.087000      0.870000      0.050000
  205.0      0.720000      0.085000      0.850000      0.050000
  210.0      0.701448      0.083872      0.839123      0.050000
  215.0      0.686400      0.083000      0.830000      0.050000
  220.0      0.653600      0.081000      0.810000      0.050000
  225.0      0.621600      0.079000      0.790000      0.050000
  230.0      0.606800      0.062400      0.780000      0.040000
  235.0      0.576000      0.060800      0.760000      0.040000
  240.0      0.546000      0.059200      0.740000      0.040000
  245.0      0.516800      0.057600      0.720000      0.040000
  250.0      0.488400      0.056000      0.700000      0.040000
  255.0      0.460800      0.054400      0.680000      0.040000
  260.0      0.434000      0.052800      0.660000      0.040000
  265.0      0.408000      0.051200      0.640000      0.040000
  270.0      0.369600      0.061000      0.610000      0.050000
  275.0      0.333900      0.058000      0.580000      0.050000
  280.0      0.300000      0.055000      0.550000      0.050000
  285.0      0.267900      0.052000      0.520000      0.050000
  290.0      0.226800      0.057600      0.480000      0.060000
  295.0      0.198900      0.054000      0.450000      0.060000
  300.0      0.163200      0.057400      0.410000      0.070000
  305.0      0.139500      0.053200      0.380000      0.070000
  310.0      0.109200      0.054400      0.340000      0.080000
  315.0      0.036325      0.049771      0.229161      0.107723
  320.0     -0.011942      0.047680      0.155409      0.146977
  325.0     -0.040520      0.047950      0.115068      0.193894
  330.0     -0.059385      0.049578      0.096436      0.244813
  335.0     -0.078504      0.051565      0.087818      0.296076
  340.0     -0.104831      0.053188      0.080565      0.344986
  345.0     -0.137787      0.054423      0.073637      0.391243
  350.0     -0.175635      0.055352      0.067164      0.434915
  355.0     -0.216641      0.056057      0.061275      0.476072
  360.0     -0.259069      0.056621      0.056099      0.514782
  365.0     -0.301183      0.057126      0.051766      0.551114
  370.0     -0.341740      0.057647      0.048356      0.585213
  375.0     -0.381137      0.058230      0.045780      0.617477
  380.0     -0.420117      0.058920      0.043916      0.648355
  385.0     -0.459422      0.059757      0.042643      0.678300
  390.0     -0.499793      0.060786      0.041838      0.707760
  395.0     -0.541972      0.062047      0.041378      0.737188
  400.0     -0.586700      0.063583      0.041141      0.767033
  405.0     -0.634720      0.065437      0.041005      0.797747
  410.0     -0.686608      0.067654      0.040882      0.829656
  415.0     -0.742192      0.070297      0.040838      0.862530
  420.0     -0.801092      0.073431      0.040983      0.895983
  425.0     -0.862648      0.077064      0.041391      0.929542
  430.0     -0.924871      0.080924      0.041965      0.962331
  435.0     -0.985376      0.084653      0.042558      0.993350
  440.0     -1.041776      0.087894      0.043021      1.021599
  445.0     -1.092437      0.090403      0.043252      1.046424
  450.0     -1.138242      0.092313      0.043292      1.068323
  455.0     -1.180598      0.093835      0.043214      1.088035
  460.0     -1.220913      0.095180      0.043092      1.106297
  465.0     -1.260594      0.096559      0.042998      1.123847
  470.0     -1.301049      0.098184      0.043006      1.141425
  475.0     -1.343335      0.100206      0.043167      1.159584
  480.0     -1.387408      0.102584      0.043464      1.178307
  485.0     -1.433007      0.105241      0.043865      1.197461
  490.0     -1.479871      0.108100      0.044340      1.216912
  495.0     -1.527740      0.111083      0.044857      1.236528
  500.0     -1.576351      0.114113      0.045385      1.256177
  505.0     -1.625445      0.117112      0.045894      1.275726
  510.0     -1.674785      0.120012      0.046355      1.295055
  515.0     -1.724342      0.122813      0.046768      1.314149
  520.0     -1.774178      0.125548      0.047145      1.333039
  525.0     -1.824362      0.128252      0.047498      1.351759
  530.0     -1.874956      0.130958      0.047838      1.370341
  535.0     -1.926029      0.133699      0.048178      1.388820
  540.0     -1.977644      0.136509      0.048530      1.407226
  545.0     -2.029867      0.139422      0.048905      1.425594
  550.0     -2.082755      0.142466      0.049314      1.443952
  555.0     -2.136269      0.145621      0.049753      1.462297
  560.0     -2.190330      0.148848      0.050208      1.480608
  565.0     -2.244855      0.152102      0.050669      1.498865
  570.0     -2.299763      0.155344      0.051123      1.517047
  575.0     -2.354972      0.158529      0.051558      1.535135
  580.0     -2.410400      0.161617      0.051962      1.553109
  585.0     -2.465967      0.164565      0.052323      1.570946
  590.0     -2.521589      0.167332      0.052628      1.588629
  595.0     -2.577187      0.169875      0.052866      1.606135
  600.0     -2.632677      0.172152      0.053025      1.623445
  605.0     -2.688055      0.174141      0.053097      1.640559
  610.0     -2.743488      0.175861      0.053090      1.657516
  615.0     -2.799163      0.177336      0.053010      1.674366
  620.0     -2.855269      0.178593      0.052864      1.691156
  625.0     -2.911996      0.179655      0.052661      1.707933
  630.0     -2.969530      0.180548      0.052407      1.724745
  635.0     -3.028062      0.181297      0.052110      1.741639
  640.0     -3.087780      0.181927      0.051777      1.758664
  645.0     -3.148872      0.182462      0.051417      1.775866
  650.0     -3.211527      0.182929      0.051035      1.793293
  655.0     -3.275934      0.183352      0.050641      1.810993
  660.0     -3.342282      0.183756      0.050240      1.829014
  665.0     -3.410754      0.184166      0.049841      1.847402
  670.0     -3.481390      0.184595      0.049448      1.866166
  675.0     -3.554034      0.185043      0.049061      1.885270
  680.0     -3.628519      0.185506      0.048680      1.904672
  685.0     -3.704678      0.185984      0.048306      1.924331
  690.0     -3.782345      0.186475      0.047938      1.944207
  695.0     -3.861352      0.186975      0.047577      1.964257
  700.0     -3.941533      0.187484      0.047223      1.984442
  705.0     -4.022719      0.187999      0.046875      2.004720
  710.0     -4.104745      0.188519      0.046535      2.025051
  715.0     -4.187442      0.189041      0.046202      2.045392
  720.0     -4.270645      0.189563      0.045876      2.065704
  725.0     -4.354186      0.190083      0.045557      2.085946
  730.0     -4.437897      0.190599      0.045246      2.106075
  735.0     -4.521613      0.191110      0.044942      2.126053
  740.0     -4.605165      0.191613      0.044646      2.145836
  745.0     -4.688388      0.192106      0.044357      2.165385
  750.0     -4.771113      0.192588      0.044077      2.184658
  755.0     -4.853189      0.193056      0.043805      2.203619
  760.0     -4.934606      0.193511      0.043540      2.222265
  765.0     -5.015436      0.193958      0.043284      2.240613
  770.0     -5.095750      0.194398      0.043036      2.258683
  775.0     -5.175621      0.194835      0.042796      2.276492
  780.0     -5.255121      0.195272      0.042565      2.294057
  785.0     -5.334320      0.195711      0.042342      2.311398
  790.0     -5.413292      0.196156      0.042127      2.328532
  795.0     -5.492108      0.196609      0.041920      2.345477
  800.0     -5.570839      0.197074      0.041722      2.362251
  805.0     -5.649559      0.197553      0.041532      2.378872
  810.0     -5.728338      0.198050      0.041351      2.395358
  815.0     -5.807249      0.198567      0.041179      2.411727
  820.0     -5.886364      0.199108      0.041015      2.427998
  825.0     -5.965753      0.199674      0.040859      2.444188
  830.0     -6.045491      0.200270      0.040713      2.460315
  835.0     -6.125647      0.200899      0.040575      2.476397
  840.0     -6.206295      0.201562      0.040446      2.492453
  845.0     -6.287505      0.202264      0.040325      2.508499
  850.0     -6.369351      0.203007      0.040214      2.524555
  855.0     -6.451903      0.203793      0.040111      2.540639
  860.0     -6.535234      0.204627      0.040018      2.556767
  865.0     -6.619406      0.205511      0.039933      2.572957
  870.0     -6.704415      0.206443      0.039857      2.589209
  875.0     -6.790223      0.207422      0.039790      2.605518
  880.0     -6.876796      0.208446      0.039730      2.621878
  885.0     -6.964096      0.209512      0.039679      2.638283
  890.0     -7.052087      0.210619      0.039635      2.654727
  895.0     -7.140734      0.211764      0.039598      2.671205
  900.0     -7.230001      0.212945      0.039568      2.687711
  905.0     -7.319851      0.214160      0.039544      2.704238
  910.0     -7.410248      0.215408      0.039527      2.720783
  915.0     -7.501156      0.216684      0.039516      2.737337
  920.0     -7.592539      0.217989      0.039511      2.753897
  925.0     -7.684361      0.219319      0.039510      2.770456
  930.0     -7.776586      0.220672      0.039515      2.787008
  935.0     -7.869177      0.222047      0.039524      2.803548
  940.0     -7.962099      0.223441      0.039538      2.820070
  945.0     -8.055315      0.224852      0.039556      2.836567
  950.0     -8.148789      0.226277      0.039578      2.853036
  955.0     -8.242486      0.227716      0.039603      2.869469
  960.0     -8.336368      0.229165      0.039631      2.885860
  965.0     -8.430401      0.230623      0.039662      2.902205
  970.0     -8.524547      0.232087      0.039696      2.918498
  975.0     -8.618771      0.233555      0.039731      2.934732
  980.0     -8.713036      0.235025      0.039769      2.950902
  985.0     -8.807307      0.236496      0.039808      2.967002
  990.0     -8.901547      0.237964      0.039849      2.983026
  995.0     -8.995721      0.239428      0.039890      2.998969
 1000.0     -9.089791      0.240886      0.039932      3.014826
 1005.0     -9.183723      0.242335      0.039975      3.030589
 1010.0     -9.277480      0.243774      0.040017      3.046254
 1015.0     -9.371071      0.245203      0.040059      3.061821
 1020.0     -9.464555      0.246626      0.040102      3.077298
 1025.0     -9.557999      0.248047      0.040146      3.092693
 1030.0     -9.651467      0.249470      0.040190      3.108016
 1035.0     -9.745024      0.250901      0.040236      3.123274
 1040.0     -9.838736      0.252342      0.040284      3.138478
 1045.0     -9.932667      0.253798      0.040335      3.153634
 1050.0    -10.026883      0.255274      0.040388      3.168751
 1055.0    -10.121448      0.256774      0.040443      3.183840
 1060.0    -10.216427      0.258301      0.040503      3.198906
 1065.0    -10.311886      0.259861      0.040566      3.213961
 1070.0    -10.407889      0.261457      0.040633      3.229011
 1075.0    -10.504502      0.263093      0.040705      3.244067
 1080.0    -10.601789      0.264774      0.040782      3.259135
 1085.0    -10.699816      0.266505      0.040864      3.274225
 1090.0    -10.798648      0.268288      0.040952      3.289346
 1095.0    -10.898349      0.270130      0.041046      3.304506
 1100.0    -10.998985      0.272033      0.041147      3.319714
 1105.0    -11.100621      0.274001      0.041254      3.334978
 1110.0    -11.203321      0.276041      0.041369      3.350307
 1115.0    -11.307151      0.278154      0.041491      3.365710
 1120.0    -11.412176      0.280346      0.041621      3.381194
 1125.0    -11.518460      0.282622      0.041760      3.396770
 1130.0    -11.626070      0.284984      0.041907      3.412444
 1135.0    -11.735069      0.287438      0.042064      3.428227
 1140.0    -11.845523      0.289987      0.042230      3.444126
 1145.0    -11.957497      0.292636      0.042406      3.460151
 1150.0    -12.071056      0.295389      0.042592      3.476309
 1155.0    -12.186265      0.298251      0.042789      3.492609
 1160.0    -12.303189      0.301225      0.042997      3.509061
 1165.0    -12.421893      0.304315      0.043216      3.525672
 1170.0    -12.542441      0.307527      0.043448      3.542451
 1175.0    -12.664900      0.310864      0.043691      3.559407
 1180.0    -12.789334      0.314331      0.043947      3.576549
 1185.0    -12.915795      0.317930      0.044216      3.593882
 1190.0    -13.044229      0.321659      0.044498      3.611402
 1195.0    -13.174540      0.325511      0.044791      3.629095
 1200.0    -13.306629      0.329479      0.045096      3.646950
 1205.0    -13.440397      0.333558      0.045411      3.664953
 1210.0    -13.575747      0.337740      0.045735      3.683094
 1215.0    -13.712580      0.342020      0.046070      3.701359
 1220.0    -13.850799      0.346391      0.046412      3.719737
 1225.0    -13.990304      0.350847      0.046763      3.738214
 1230.0    -14.130997      0.355381      0.047120      3.756779
 1235.0    -14.272781      0.359987      0.047485      3.775420
 1240.0    -14.415556      0.364658      0.047855      3.794124
 1245.0    -14.559225      0.369389      0.048230      3.812878
 1250.0    -14.703690      0.374172      0.048610      3.831672
 1255.0    -14.848852      0.379002      0.048993      3.850492
 1260.0    -14.994613      0.383871      0.049380      3.869326
 1265.0    -15.140874      0.388775      0.049769      3.888162
 1270.0    -15.287538      0.393705      0.050161      3.906987
 1275.0    -15.434506      0.398656      0.050553      3.925790
 1280.0    -15.581680      0.403622      0.050946      3.944558
 1285.0    -15.728962      0.408595      0.051339      3.963279
 1290.0    -15.876253      0.413570      0.051731      3.981940
 1295.0    -16.023455      0.418540      0.052122      4.000530
 1300.0    -16.170470      0.423499      0.052510      4.019035
 1305.0    -16.317200      0.428441      0.052896      4.037445
 1310.0    -16.463546      0.433358      0.053278      4.055745
 1315.0    -16.609410      0.438246      0.053656      4.073925
 1320.0    -16.754694      0.443096      0.054029      4.091972
 1325.0    -16.899300      0.447903      0.054397      4.109873
 1330.0    -17.043129      0.452661      0.054759      4.127617
 1335.0    -17.186083      0.457363      0.055114      4.145191
 1340.0    -17.328064      0.462002      0.055461      4.162583
 1345.0    -17.468973      0.466573      0.055801      4.179780
 1350.0    -17.608715      0.471069      0.056131      4.196771
 1355.0    -17.747270      0.475489      0.056453      4.213553
 1360.0    -17.884720      0.479837      0.056766      4.230134
 1365.0    -18.021152      0.484120      0.057071      4.246526
 1370.0    -18.156653      0.488344      0.057369      4.262738
 1375.0    -18.291313      0.492514      0.057659      4.278780
 1380.0    -18.425219      0.496635      0.057944      4.294662
 1385.0    -18.558458      0.500714      0.058222      4.310395
 1390.0    -18.691119      0.504755      0.058495      4.325989
 1395.0    -18.823289      0.508765      0.058762      4.341452
 1400.0    -18.955057      0.512750      0.059026      4.356797
 1405.0    -19.086509      0.516715      0.059285      4.372032
 1410.0    -19.217735      0.520665      0.059541      4.387168
 1415.0    -19.348821      0.524607      0.059794      4.402214
 1420.0    -19.479856      0.528546      0.060044      4.417182
 1425.0    -19.610928      0.532487      0.060292      4.432080
 1430.0    -19.742124      0.536437      0.060539      4.446920
 1435.0    -19.873533      0.540401      0.060785      4.461710
 1440.0    -20.005241      0.544385      0.061031      4.476462
 1445.0    -20.137338      0.548394      0.061276      4.491185
 1450.0    -20.269910      0.552434      0.061522      4.505889
 1455.0    -20.403047      0.556511      0.061769      4.520584
 1460.0    -20.536835      0.560630      0.062017      4.535281
 1465.0    -20.671362      0.564797      0.062268      4.549990
 1470.0    -20.806716      0.569018      0.062521      4.564720
 1475.0    -20.942986      0.573298      0.062777      4.579481
 1480.0    -21.080259      0.577644      0.063036      4.594285
 1485.0    -21.218623      0.582060      0.063300      4.609140
 1490.0    -21.358165      0.586552      0.063568      4.624057
 1495.0    -21.498974      0.591127      0.063841      4.639046
 1500.0    -21.641138      0.595789      0.064119      4.654117
 1505.0    -21.784744      0.600545      0.064404      4.669279
 1510.0    -21.929880      0.605400      0.064695      4.684544
 1515.0    -22.076634      0.610359      0.064993      4.699922
 1520.0    -22.225094      0.615429      0.065299      4.715421
 1525.0    -22.375348      0.620615      0.065612      4.731053
 1530.0    -22.527483      0.625923      0.065935      4.746827
 1535.0    -22.681571      0.631358      0.066266      4.762752
 1540.0    -22.837554      0.636915      0.066605      4.778823
 1545.0    -22.995319      0.642589      0.066953      4.795029
 1550.0    -23.154750      0.648373      0.067309      4.811359
 1555.0    -23.315735      0.654260      0.067672      4.827804
 1560.0    -23.478158      0.660243      0.068042      4.844351
 1565.0    -23.641905      0.666316      0.068418      4.860990
 1570.0    -23.806862      0.672472      0.068800      4.877712
 1575.0    -23.972915      0.678705      0.069187      4.894504
 1580.0    -24.139949      0.685007      0.069579      4.911356
 1585.0    -24.307850      0.691372      0.069975      4.928258
 1590.0    -24.476505      0.697794      0.070375      4.945198
 1595.0    -24.645797      0.704265      0.070778      4.962167
 1600.0    -24.815614      0.710779      0.071184      4.979153
 1605.0    -24.985842      0.717330      0.071593      4.996145
 1610.0    -25.156364      0.723909      0.072003      5.013134
 1615.0    -25.327068      0.730512      0.072414      5.030108
 1620.0    -25.497840      0.737131      0.072827      5.047056
 1625.0    -25.668564      0.743760      0.073240      5.063967
 1630.0    -25.839127      0.750391      0.073653      5.080832
 1635.0    -26.009414      0.757018      0.074065      5.097639
 1640.0    -26.179311      0.763635      0.074476      5.114378
 1645.0    -26.348704      0.770235      0.074885      5.131038
 1650.0    -26.517479      0.776810      0.075292      5.147608
 1655.0    -26.685520      0.783355      0.075697      5.164077
 1660.0    -26.852715      0.789863      0.076099      5.180435
 1665.0    -27.018948      0.796326      0.076497      5.196671
 1670.0    -27.184105      0.802739      0.076891      5.212775
 1675.0    -27.348073      0.809094      0.077281      5.228735
 1680.0    -27.510736      0.815386      0.077665      5.244541
 1685.0    -27.671981      0.821606      0.078044      5.260182
 1690.0    -27.831693      0.827749      0.078417      5.275647
 1695.0    -27.989758      0.833808      0.078783      5.290926
 1700.0    -28.146066      0.839776      0.079143      5.306009
 1705.0    -28.300687      0.845657      0.079495      5.320900
 1710.0    -28.453921      0.851466      0.079842      5.335624
 1715.0    -28.606084      0.857219      0.080184      5.350207
 1720.0    -28.757493      0.862934      0.080521      5.364675
 1725.0    -28.908465      0.868626      0.080855      5.379055
 1730.0    -29.059316      0.874311      0.081187      5.393371
 1735.0    -29.210363      0.880007      0.081518      5.407651
 1740.0    -29.361922      0.885730      0.081848      5.421920
 1745.0    -29.514309      0.891496      0.082178      5.436204
 1750.0    -29.667841      0.897321      0.082511      5.450530
 1755.0    -29.822835      0.903223      0.082845      5.464922
 1760.0    -29.979607      0.909216      0.083183      5.479409
 1765.0    -30.138473      0.915319      0.083525      5.494014
 1770.0    -30.299750      0.921547      0.083872      5.508765
 1775.0    -30.463754      0.927917      0.084225      5.523688
 1780.0    -30.630803      0.934444      0.084585      5.538808
 1785.0    -30.801211      0.941147      0.084954      5.554152
 1790.0    -30.975297      0.948040      0.085331      5.569745
 1795.0    -31.153376      0.955141      0.085718      5.585614
 1800.0    -31.335764      0.962466      0.086115      5.601784
 1805.0    -31.522779      0.970030      0.086524      5.618282
 1810.0    -31.714737      0.977852      0.086946      5.635134
 1815.0    -31.911954      0.985947      0.087382      5.652366
 1820.0    -32.114747      0.994331      0.087832      5.670003
 1825.0    -32.323431      1.003022      0.088297      5.688072
 1830.0    -32.538325      1.012034      0.088778      5.706599
 1835.0    -32.759744      1.021386      0.089277      5.725610
 1840.0    -32.988004      1.031093      0.089794      5.745131
 1845.0    -33.223423      1.041172      0.090330      5.765188
 1850.0    -33.466316      1.051639      0.090886      5.785807
 1855.0    -33.716911      1.062506      0.091463      5.807006
 1860.0    -33.974780      1.073751      0.092059      5.828752
 1865.0    -34.239202      1.085340      0.092674      5.850987
 1870.0    -34.509451      1.097236      0.093303      5.873651
 1875.0    -34.784806      1.109402      0.093947      5.896687
 1880.0    -35.064541      1.121803      0.094602      5.920037
 1885.0    -35.347934      1.134402      0.095267      5.943642
 1890.0    -35.634260      1.147163      0.095941      5.967444
 1895.0    -35.922797      1.160051      0.096620      5.991385
 1900.0    -36.212821      1.173029      0.097303      6.015406
 1905.0    -36.503607      1.186061      0.097989      6.039449
 1910.0    -36.794433      1.199111      0.098674      6.063457
 1915.0    -37.084575      1.212143      0.099358      6.087370
 1920.0    -37.373309      1.225120      0.100038      6.111130
 1925.0    -37.659911      1.238007      0.100713      6.134679
 1930.0    -37.943658      1.250768      0.101380      6.157960
 1935.0    -38.223827      1.263366      0.102038      6.180913
 1940.0    -38.499694      1.275766      0.102684      6.203480
 1945.0    -38.770534      1.287930      0.103317      6.225603
 1950.0    -39.035625      1.299824      0.103934      6.247224
 1955.0    -39.294244      1.311410      0.104534      6.268284
 1960.0    -39.545665      1.322654      0.105115      6.288726
 1965.0    -39.789166      1.333518      0.105675      6.308490
 1970.0    -40.024035      1.343968      0.106212      6.327521
 1975.0    -40.250019      1.353993      0.106725      6.345796
 1980.0    -40.467460      1.363614      0.107216      6.363344
 1985.0    -40.676740      1.372856      0.107686      6.380196
 1990.0    -40.878243      1.381744      0.108136      6.396381
 1995.0    -41.072350      1.390301      0.108568      6.411931
 2000.0    -41.259443      1.398551      0.108983      6.426876
 2005.0    -41.439906      1.406519      0.109382      6.441247
 2010.0    -41.614120      1.414229      0.109768      6.455074
 2015.0    -41.782468      1.421705      0.110140      6.468389
 2020.0    -41.945333      1.428971      0.110501      6.481221
 2025.0    -42.103095      1.436051      0.110851      6.493602
 2030.0    -42.256139      1.442969      0.111193      6.505561
 2035.0    -42.404846      1.449750      0.111527      6.517131
 2040.0    -42.549599      1.456418      0.111855      6.528341
 2045.0    -42.690780      1.462997      0.112178      6.539222
 2050.0    -42.828771      1.469511      0.112498      6.549805
 2055.0    -42.963955      1.475984      0.112815      6.560120
 2060.0    -43.096714      1.482440      0.113132      6.570198
 2065.0    -43.227430      1.488904      0.113449      6.580069
 2070.0    -43.356487      1.495400      0.113769      6.589765
 2075.0    -43.484266      1.501952      0.114091      6.599316
 2080.0    -43.611149      1.508583      0.114419      6.608752
 2085.0    -43.737519      1.515319      0.114752      6.618104
 2090.0    -43.863759      1.522183      0.115092      6.627403
 2095.0    -43.990250      1.529200      0.115442      6.636680
 2100.0    -44.117376      1.536393      0.115801      6.645965
 2105.0    -44.245518      1.543787      0.116171      6.655289
 2110.0    -44.375059      1.551406      0.116555      6.664682
 2115.0    -44.506381      1.559274      0.116952      6.674175
 2120.0    -44.639867      1.567415      0.117365      6.683799
 2125.0    -44.775898      1.575854      0.117795      6.693584
 2130.0    -44.914858      1.584614      0.118243      6.703561
 2135.0    -45.057128      1.593720      0.118710      6.713761
 2140.0    -45.203092      1.603196      0.119198      6.724214
 2145.0    -45.353131      1.613066      0.119708      6.734951
 2150.0    -45.507628      1.623355      0.120242      6.746002
 2155.0    -45.666965      1.634086      0.120800      6.757399
 2160.0    -45.831524      1.645283      0.121385      6.769172
 2165.0    -46.001689      1.656971      0.121998      6.781351
 2170.0    -46.177840      1.669174      0.122639      6.793967
 2175.0    -46.360362      1.681916      0.123310      6.807051
 2180.0    -46.549635      1.695221      0.124014      6.820634
 2185.0    -46.746042      1.709113      0.124750      6.834745
 2190.0    -46.949967      1.723617      0.125520      6.849417
 2195.0    -47.161790      1.738756      0.126326      6.864679
 2200.0    -47.381895      1.754556      0.127169      6.880561
 2205.0    -47.610664      1.771039      0.128051      6.897096
 2210.0    -47.848479      1.788230      0.128972      6.914313
 2215.0    -48.095722      1.806154      0.129934      6.932243
 2220.0    -48.352777      1.824834      0.130939      6.950916
 2225.0    -48.620025      1.844295      0.131987      6.970364
 2230.0    -48.897848      1.864561      0.133081      6.990616
 2235.0    -49.186630      1.885655      0.134221      7.011704
 2240.0    -49.486752      1.907603      0.135409      7.033659
 2245.0    -49.798596      1.930428      0.136645      7.056510
 2250.0    -50.122546      1.954154      0.137933      7.080289
 2255.0    -50.458984      1.978806      0.139272      7.105025
