#Lambda        Dielectric Constant          Refractive Index
# [nm]        [Real]        [Imag]        [Real]        [Imag]
   10.0      0.983277      0.014498      0.991630      0.007310
   15.0      0.981102      0.037987      0.990691      0.019172
   20.0      0.990984      0.058161      0.995910      0.029200
   25.0      1.004824      0.072482      1.003060      0.036164
   30.0      1.040271      0.060919      1.020533      0.030306
   35.0      1.072808      0.030373      1.036295      0.015091
   40.0      1.064057      0.004102      1.031708      0.002037
   45.0      1.018053      0.000000      1.008981      0.000000
   50.0      0.985089      0.000000      0.992481      0.000000
   55.0      0.971738      0.000000      0.985712      0.000000
   60.0      0.954323      0.000000      0.976913      0.000000
   65.0      0.940407      0.000000      0.969778      0.000000
   70.0      0.923472      0.000000      0.960960      0.000000
   75.0      0.903395      0.000000      0.950460      0.000000
   80.0      0.888294      0.000000      0.942495      0.000000
   85.0      0.866568      0.000000      0.930891      0.000000
   90.0      0.841983      0.000000      0.917597      0.000000
   95.0      0.833569      0.000000      0.913000      0.000000
  100.0      0.809058      0.000000      0.899484      0.000000
  105.0      0.785890      0.000000      0.886503      0.000000
  110.0      0.764647      0.000000      0.874429      0.000000
  115.0      0.744286      0.000000      0.862759      0.000000
  120.0      0.720290      0.000000      0.848731      0.000000
  125.0      0.687315      0.000000      0.828996      0.000000
  130.0      0.660992      0.000000      0.813072      0.000000
  135.0      0.643342      0.000000      0.802105      0.000000
  140.0      0.611205      0.000000      0.781740      0.000000
  145.0      0.569956      0.000000      0.754963      0.000000
  150.0      0.532277      0.000000      0.729564      0.000000
  155.0      0.503150      0.000000      0.709331      0.000000
  160.0      0.478723      0.000000      0.691912      0.000000
  165.0      0.443189      0.000000      0.665690      0.000000
  170.0      0.404772      0.000000      0.636251      0.000000
  175.0      0.371151      0.000000      0.609158      0.000000
  180.0      0.328636      0.000000      0.573278      0.000000
  185.0      0.285105      0.000000      0.533970      0.000000
  190.0      0.234469      0.000000      0.484249      0.000000
  195.0      0.205373      0.000000      0.453127      0.000000
  200.0      0.152100      0.000000      0.390000      0.000000
  205.0      0.092218      0.000491      0.323499      0.006689
  210.0      0.033856      0.001574      0.264754      0.021298
  215.0     -0.023102      0.003216      0.213329      0.043190
  220.0     -0.078773      0.005384      0.168788      0.071725
  225.0     -0.133272      0.008043      0.130696      0.106266
  230.0     -0.186717      0.011162      0.098615      0.146174
  235.0     -0.239223      0.014706      0.072111      0.190812
  240.0     -0.290906      0.018642      0.050747      0.239540
  245.0     -0.341885      0.022937      0.034087      0.291721
  250.0     -0.392273      0.027558      0.021696      0.346717
  255.0     -0.442188      0.032472      0.013136      0.403888
  260.0     -0.491747      0.037644      0.007973      0.462598
  265.0     -0.541065      0.043042      0.005771      0.522207
  270.0     -0.590259      0.048632      0.006092      0.582078
  275.0     -0.639445      0.054382      0.008503      0.641572
  280.0     -0.688739      0.060257      0.012565      0.700051
  285.0     -0.738258      0.066225      0.017844      0.756877
  290.0     -0.788118      0.072252      0.023903      0.811411
  295.0     -0.838436      0.078305      0.030307      0.863016
  300.0     -0.889328      0.084350      0.036620      0.911053
  305.0     -0.940909      0.090355      0.042404      0.954883
  310.0     -0.993298      0.096286      0.047226      0.993869
  315.0     -1.046631      0.102112      0.050670      1.027441
  320.0     -1.101475      0.107854      0.052760      1.056340
  325.0     -1.158780      0.113579      0.053910      1.082490
  330.0     -1.219510      0.119357      0.054547      1.107858
  335.0     -1.284628      0.125255      0.055100      1.134407
  340.0     -1.354762      0.131313      0.055868      1.163464
  345.0     -1.429702      0.137498      0.056825      1.194761
  350.0     -1.509106      0.143767      0.057896      1.227786
  355.0     -1.592637      0.150075      0.059008      1.262026
  360.0     -1.679953      0.156379      0.060085      1.296970
  365.0     -1.770716      0.162633      0.061054      1.332104
  370.0     -1.863882      0.168821      0.061875      1.366806
  375.0     -1.956057      0.175014      0.062636      1.400081
  380.0     -2.043359      0.181300      0.063446      1.430859
  385.0     -2.121902      0.187769      0.064419      1.458069
  390.0     -2.188074      0.194496      0.065654      1.480723
  395.0     -2.244510      0.201226      0.067044      1.499800
  400.0     -2.300095      0.207378      0.068265      1.518242
  405.0     -2.363981      0.212354      0.068986      1.539074
  410.0     -2.443569      0.215803      0.068985      1.564701
  415.0     -2.538332      0.218483      0.068528      1.594719
  420.0     -2.645511      0.221468      0.068023      1.627932
  425.0     -2.761743      0.225580      0.067798      1.663046
  430.0     -2.880771      0.230451      0.067816      1.698304
  435.0     -2.995470      0.235360      0.067932      1.731805
  440.0     -3.098718      0.239581      0.068000      1.761653
  445.0     -3.185840      0.242596      0.067909      1.786612
  450.0     -3.260345      0.244571      0.067671      1.807663
  455.0     -3.327453      0.245815      0.067321      1.826252
  460.0     -3.392380      0.246637      0.066895      1.843824
  465.0     -3.460346      0.247344      0.066431      1.861822
  470.0     -3.536568      0.248247      0.065963      1.881692
  475.0     -3.624561      0.249562      0.065520      1.904418
  480.0     -3.722471      0.251226      0.065099      1.929532
  485.0     -3.827389      0.253116      0.064694      1.956282
  490.0     -3.936409      0.255112      0.064298      1.983915
  495.0     -4.046621      0.257092      0.063904      2.011680
  500.0     -4.155117      0.258934      0.063504      2.038822
  505.0     -4.258989      0.260518      0.063093      2.064590
  510.0     -4.355704      0.261736      0.062663      2.088327
  515.0     -4.445693      0.262591      0.062213      2.110122
  520.0     -4.530790      0.263138      0.061744      2.130422
  525.0     -4.612838      0.263432      0.061256      2.149674
  530.0     -4.693678      0.263527      0.060750      2.168325
  535.0     -4.775155      0.263480      0.060228      2.186823
  540.0     -4.859109      0.263346      0.059689      2.205616
  545.0     -4.947385      0.263179      0.059135      2.225151
  550.0     -5.041627      0.263030      0.058567      2.245830
  555.0     -5.141819      0.262915      0.057987      2.267659
  560.0     -5.247112      0.262831      0.057399      2.290452
  565.0     -5.356651      0.262774      0.056808      2.314017
  570.0     -5.469580      0.262742      0.056217      2.338166
  575.0     -5.585045      0.262731      0.055630      2.362709
  580.0     -5.702190      0.262738      0.055052      2.387455
  585.0     -5.820161      0.262761      0.054486      2.412215
  590.0     -5.938102      0.262796      0.053936      2.436799
  595.0     -6.055158      0.262840      0.053407      2.461017
  600.0     -6.170476      0.262890      0.052901      2.484679
  605.0     -6.283605      0.262950      0.052422      2.507681
  610.0     -6.394991      0.263036      0.051972      2.530104
  615.0     -6.505203      0.263167      0.051549      2.552057
  620.0     -6.614808      0.263363      0.051155      2.573646
  625.0     -6.724374      0.263642      0.050790      2.594979
  630.0     -6.834470      0.264024      0.050454      2.616164
  635.0     -6.945662      0.264527      0.050148      2.637308
  640.0     -7.058519      0.265171      0.049872      2.658519
  645.0     -7.173609      0.265974      0.049626      2.679905
  650.0     -7.291500      0.266956      0.049411      2.701572
  655.0     -7.412759      0.268135      0.049228      2.723629
  660.0     -7.537956      0.269531      0.049076      2.746184
  665.0     -7.667646      0.271162      0.048956      2.769341
  670.0     -7.802017      0.273031      0.048867      2.793138
  675.0     -7.940764      0.275122      0.048808      2.817520
  680.0     -8.083555      0.277418      0.048776      2.842428
  685.0     -8.230055      0.279900      0.048769      2.867802
  690.0     -8.379930      0.282552      0.048784      2.893581
  695.0     -8.532846      0.285354      0.048820      2.919706
  700.0     -8.688468      0.288290      0.048875      2.946118
  705.0     -8.846463      0.291342      0.048946      2.972755
  710.0     -9.006497      0.294491      0.049031      2.999559
  715.0     -9.168235      0.297721      0.049129      3.026469
  720.0     -9.331343      0.301013      0.049236      3.053426
  725.0     -9.495487      0.304351      0.049351      3.080370
  730.0     -9.660333      0.307715      0.049471      3.107240
  735.0     -9.825546      0.311088      0.049595      3.133977
  740.0     -9.990793      0.314454      0.049721      3.160521
  745.0    -10.155740      0.317793      0.049845      3.186812
  750.0    -10.320052      0.321088      0.049967      3.212790
  755.0    -10.483421      0.324323      0.050083      3.238401
  760.0    -10.645785      0.327499      0.050195      3.263634
  765.0    -10.807224      0.330625      0.050303      3.288508
  770.0    -10.967815      0.333711      0.050407      3.313040
  775.0    -11.127638      0.336766      0.050510      3.337246
  780.0    -11.286772      0.339801      0.050612      3.361145
  785.0    -11.445296      0.342825      0.050714      3.384753
  790.0    -11.603289      0.345848      0.050817      3.408087
  795.0    -11.760830      0.348879      0.050922      3.431166
  800.0    -11.917998      0.351929      0.051030      3.454005
  805.0    -12.074873      0.355007      0.051143      3.476623
  810.0    -12.231534      0.358122      0.051261      3.499037
  815.0    -12.388059      0.361286      0.051385      3.521263
  820.0    -12.544527      0.364506      0.051516      3.543320
  825.0    -12.701019      0.367793      0.051656      3.565225
  830.0    -12.857612      0.371157      0.051805      3.586994
  835.0    -13.014387      0.374608      0.051964      3.608646
  840.0    -13.171421      0.378154      0.052135      3.630196
  845.0    -13.328795      0.381807      0.052318      3.651664
  850.0    -13.486587      0.385575      0.052515      3.673065
  855.0    -13.644876      0.389469      0.052726      3.694417
  860.0    -13.803742      0.393497      0.052953      3.715738
  865.0    -13.963258      0.397669      0.053196      3.737043
  870.0    -14.123467      0.401984      0.053455      3.758339
  875.0    -14.284393      0.406436      0.053729      3.779628
  880.0    -14.446063      0.411020      0.054018      3.800911
  885.0    -14.608502      0.415731      0.054321      3.822191
  890.0    -14.771735      0.420563      0.054637      3.843469
  895.0    -14.935789      0.425512      0.054965      3.864748
  900.0    -15.100689      0.430571      0.055305      3.886029
  905.0    -15.266461      0.435736      0.055655      3.907314
  910.0    -15.433131      0.441002      0.056016      3.928605
  915.0    -15.600723      0.446362      0.056385      3.949905
  920.0    -15.769265      0.451812      0.056764      3.971215
  925.0    -15.938781      0.457347      0.057150      3.992537
  930.0    -16.109298      0.462961      0.057543      4.013873
  935.0    -16.280841      0.468650      0.057942      4.035225
  940.0    -16.453435      0.474406      0.058346      4.056594
  945.0    -16.627107      0.480227      0.058756      4.077984
  950.0    -16.801882      0.486105      0.059169      4.099395
  955.0    -16.977786      0.492037      0.059586      4.120830
  960.0    -17.154844      0.498016      0.060005      4.142291
  965.0    -17.333083      0.504037      0.060425      4.163779
  970.0    -17.512527      0.510096      0.060847      4.185297
  975.0    -17.693204      0.516186      0.061268      4.206846
  980.0    -17.875137      0.522303      0.061689      4.228429
  985.0    -18.058354      0.528441      0.062109      4.250047
  990.0    -18.242879      0.534595      0.062526      4.271702
  995.0    -18.428739      0.540759      0.062941      4.293397
 1000.0    -18.615959      0.546930      0.063352      4.315132
 1005.0    -18.804565      0.553100      0.063759      4.336911
 1010.0    -18.994581      0.559265      0.064160      4.358735
 1015.0    -19.186008      0.565424      0.064556      4.380604
 1020.0    -19.378813      0.571582      0.064947      4.402514
 1025.0    -19.572958      0.577742      0.065334      4.424462
 1030.0    -19.768410      0.583910      0.065716      4.446445
 1035.0    -19.965131      0.590090      0.066096      4.468460
 1040.0    -20.163088      0.596287      0.066472      4.490503
 1045.0    -20.362243      0.602505      0.066846      4.512571
 1050.0    -20.562561      0.608749      0.067218      4.534661
 1055.0    -20.764007      0.615024      0.067589      4.556769
 1060.0    -20.966544      0.621334      0.067959      4.578892
 1065.0    -21.170139      0.627684      0.068328      4.601027
 1070.0    -21.374753      0.634079      0.068698      4.623170
 1075.0    -21.580353      0.640523      0.069068      4.645318
 1080.0    -21.786902      0.647021      0.069440      4.667468
 1085.0    -21.994365      0.653577      0.069813      4.689617
 1090.0    -22.202707      0.660196      0.070189      4.711760
 1095.0    -22.411890      0.666884      0.070567      4.733895
 1100.0    -22.621881      0.673643      0.070948      4.756019
 1105.0    -22.832642      0.680480      0.071333      4.778127
 1110.0    -23.044140      0.687398      0.071722      4.800218
 1115.0    -23.256337      0.694403      0.072116      4.822286
 1120.0    -23.469199      0.701499      0.072515      4.844330
 1125.0    -23.682689      0.708690      0.072920      4.866346
 1130.0    -23.896772      0.715982      0.073331      4.888331
 1135.0    -24.111413      0.723378      0.073749      4.910280
 1140.0    -24.326575      0.730884      0.074175      4.932192
 1145.0    -24.542223      0.738505      0.074607      4.954061
 1150.0    -24.758322      0.746244      0.075049      4.975887
 1155.0    -24.974836      0.754106      0.075499      4.997664
 1160.0    -25.191729      0.762096      0.075958      5.019389
 1165.0    -25.408966      0.770220      0.076427      5.041060
 1170.0    -25.626510      0.778480      0.076907      5.062673
 1175.0    -25.844327      0.786883      0.077397      5.084224
 1180.0    -26.062380      0.795432      0.077898      5.105711
 1185.0    -26.280642      0.804132      0.078412      5.127130
 1190.0    -26.499145      0.812982      0.078936      5.148485
 1195.0    -26.717946      0.821978      0.079473      5.169780
 1200.0    -26.937104      0.831118      0.080019      5.191022
 1205.0    -27.156676      0.840399      0.080576      5.212214
 1210.0    -27.376721      0.849818      0.081143      5.233362
 1215.0    -27.597297      0.859371      0.081720      5.254472
 1220.0    -27.818461      0.869056      0.082305      5.275549
 1225.0    -28.040272      0.878869      0.082899      5.296597
 1230.0    -28.262787      0.888808      0.083501      5.317623
 1235.0    -28.486066      0.898870      0.084111      5.338630
 1240.0    -28.710166      0.909052      0.084728      5.359625
 1245.0    -28.935145      0.919349      0.085351      5.380613
 1250.0    -29.161061      0.929761      0.085982      5.401598
 1255.0    -29.387972      0.940283      0.086618      5.422586
 1260.0    -29.615936      0.950912      0.087260      5.443582
 1265.0    -29.845012      0.961646      0.087907      5.464592
 1270.0    -30.075257      0.972482      0.088558      5.485620
 1275.0    -30.306729      0.983416      0.089214      5.506672
 1280.0    -30.539487      0.994445      0.089874      5.527752
 1285.0    -30.773589      1.005567      0.090537      5.548867
 1290.0    -31.009092      1.016778      0.091202      5.570021
 1295.0    -31.246055      1.028076      0.091871      5.591220
 1300.0    -31.484536      1.039457      0.092541      5.612468
 1305.0    -31.724592      1.050918      0.093214      5.633771
 1310.0    -31.966283      1.062456      0.093887      5.655135
 1315.0    -32.209665      1.074069      0.094561      5.676563
 1320.0    -32.454798      1.085753      0.095236      5.698062
 1325.0    -32.701738      1.097506      0.095910      5.719636
 1330.0    -32.950545      1.109323      0.096584      5.741292
 1335.0    -33.201276      1.121203      0.097258      5.763033
 1340.0    -33.453990      1.133142      0.097929      5.784865
 1345.0    -33.708743      1.145137      0.098599      5.806794
 1350.0    -33.965594      1.157186      0.099267      5.828825
 1355.0    -34.224565      1.169286      0.099932      5.850958
 1360.0    -34.485630      1.181440      0.100595      5.873192
 1365.0    -34.748762      1.193649      0.101256      5.895522
 1370.0    -35.013932      1.205915      0.101915      5.917946
 1375.0    -35.281115      1.218240      0.102572      5.940460
 1380.0    -35.550281      1.230624      0.103227      5.963061
 1385.0    -35.821404      1.243069      0.103881      5.985746
 1390.0    -36.094455      1.255578      0.104534      6.008511
 1395.0    -36.369406      1.268151      0.105185      6.031354
 1400.0    -36.646231      1.280790      0.105835      6.054270
 1405.0    -36.924901      1.293497      0.106484      6.077257
 1410.0    -37.205389      1.306274      0.107133      6.100311
 1415.0    -37.487667      1.319121      0.107781      6.123429
 1420.0    -37.771708      1.332041      0.108428      6.146608
 1425.0    -38.057483      1.345035      0.109076      6.169844
 1430.0    -38.344966      1.358105      0.109723      6.193135
 1435.0    -38.634127      1.371252      0.110370      6.216476
 1440.0    -38.924941      1.384478      0.111017      6.239865
 1445.0    -39.217378      1.397784      0.111664      6.263298
 1450.0    -39.511412      1.411172      0.112312      6.286773
 1455.0    -39.807014      1.424644      0.112961      6.310285
 1460.0    -40.104158      1.438201      0.113610      6.333831
 1465.0    -40.402815      1.451845      0.114260      6.357409
 1470.0    -40.702957      1.465577      0.114912      6.381015
 1475.0    -41.004558      1.479399      0.115564      6.404645
 1480.0    -41.307588      1.493312      0.116218      6.428297
 1485.0    -41.612022      1.507318      0.116873      6.451966
 1490.0    -41.917830      1.521420      0.117530      6.475651
 1495.0    -42.224985      1.535617      0.118189      6.499347
 1500.0    -42.533461      1.549912      0.118850      6.523051
 1505.0    -42.843228      1.564306      0.119513      6.546760
 1510.0    -43.154259      1.578802      0.120178      6.570471
 1515.0    -43.466527      1.593399      0.120846      6.594180
 1520.0    -43.780003      1.608101      0.121516      6.617884
 1525.0    -44.094661      1.622909      0.122189      6.641580
 1530.0    -44.410473      1.637824      0.122864      6.665265
 1535.0    -44.727404      1.652847      0.123543      6.688934
 1540.0    -45.045372      1.667977      0.124225      6.712585
 1545.0    -45.364277      1.683210      0.124910      6.736210
 1550.0    -45.684013      1.698543      0.125598      6.759805
 1555.0    -46.004479      1.713972      0.126288      6.783366
 1560.0    -46.325572      1.729494      0.126982      6.806886
 1565.0    -46.647189      1.745105      0.127678      6.830361
 1570.0    -46.969228      1.760803      0.128376      6.853785
 1575.0    -47.291584      1.776584      0.129078      6.877153
 1580.0    -47.614157      1.792444      0.129782      6.900461
 1585.0    -47.936842      1.808381      0.130488      6.923702
 1590.0    -48.259537      1.824390      0.131197      6.946872
 1595.0    -48.582139      1.840469      0.131908      6.969966
 1600.0    -48.904546      1.856613      0.132622      6.992977
 1605.0    -49.226654      1.872820      0.133338      7.015902
 1610.0    -49.548361      1.889087      0.134056      7.038735
 1615.0    -49.869564      1.905409      0.134777      7.061471
 1620.0    -50.190160      1.921784      0.135499      7.084105
 1625.0    -50.510047      1.938209      0.136223      7.106630
 1630.0    -50.829121      1.954679      0.136950      7.129044
 1635.0    -51.147280      1.971191      0.137678      7.151339
 1640.0    -51.464420      1.987743      0.138409      7.173511
 1645.0    -51.780440      2.004330      0.139141      7.195555
 1650.0    -52.095236      2.020950      0.139875      7.217466
 1655.0    -52.408706      2.037598      0.140611      7.239238
 1660.0    -52.720746      2.054272      0.141348      7.260866
 1665.0    -53.031254      2.070969      0.142087      7.282345
 1670.0    -53.340127      2.087684      0.142827      7.303670
 1675.0    -53.647263      2.104415      0.143569      7.324836
 1680.0    -53.952558      2.121158      0.144313      7.345837
 1685.0    -54.255909      2.137909      0.145057      7.366669
 1690.0    -54.557215      2.154666      0.145804      7.387326
 1695.0    -54.856371      2.171425      0.146551      7.407802
 1700.0    -55.153283      2.188183      0.147300      7.428094
 1705.0    -55.448102      2.204950      0.148050      7.448211
 1710.0    -55.741308      2.221755      0.148803      7.468180
 1715.0    -56.033400      2.238626      0.149559      7.488029
 1720.0    -56.324879      2.255593      0.150319      7.507789
 1725.0    -56.616243      2.272684      0.151085      7.527487
 1730.0    -56.907995      2.289928      0.151857      7.547152
 1735.0    -57.200632      2.307356      0.152637      7.566814
 1740.0    -57.494655      2.324995      0.153425      7.586501
 1745.0    -57.790565      2.342875      0.154222      7.606243
 1750.0    -58.088860      2.361024      0.155029      7.626067
 1755.0    -58.390042      2.379473      0.155847      7.646003
 1760.0    -58.694609      2.398250      0.156677      7.666080
 1765.0    -59.003062      2.417384      0.157520      7.686326
 1770.0    -59.315901      2.436904      0.158377      7.706771
 1775.0    -59.633626      2.456839      0.159248      7.727443
 1780.0    -59.956736      2.477218      0.160136      7.748370
 1785.0    -60.285732      2.498071      0.161040      7.769583
 1790.0    -60.621114      2.519427      0.161962      7.791110
 1795.0    -60.963381      2.541314      0.162903      7.812979
 1800.0    -61.313033      2.563761      0.163863      7.835220
 1805.0    -61.670571      2.586798      0.164844      7.857861
 1810.0    -62.036494      2.610454      0.165847      7.880932
 1815.0    -62.411303      2.634758      0.166872      7.904460
 1820.0    -62.795496      2.659739      0.167920      7.928476
 1825.0    -63.189575      2.685425      0.168993      7.953007
 1830.0    -63.594039      2.711847      0.170091      7.978083
 1835.0    -64.009388      2.739033      0.171215      8.003732
 1840.0    -64.436122      2.767011      0.172366      8.029984
 1845.0    -64.874740      2.795812      0.173546      8.056867
 1850.0    -65.325744      2.825465      0.174755      8.084410
 1855.0    -65.789496      2.855990      0.175993      8.112634
 1860.0    -66.265356      2.887348      0.177260      8.141501
 1865.0    -66.752229      2.919476      0.178553      8.170949
 1870.0    -67.249021      2.952307      0.179869      8.200913
 1875.0    -67.754637      2.985777      0.181207      8.231331
 1880.0    -68.267983      3.019821      0.182564      8.262137
 1885.0    -68.787963      3.054373      0.183937      8.293269
 1890.0    -69.313483      3.089368      0.185324      8.324663
 1895.0    -69.843447      3.124741      0.186723      8.356256
 1900.0    -70.376761      3.160428      0.188132      8.387983
 1905.0    -70.912330      3.196362      0.189548      8.419781
 1910.0    -71.449059      3.232478      0.190968      8.451587
 1915.0    -71.985853      3.268712      0.192390      8.483337
 1920.0    -72.521617      3.304999      0.193813      8.514966
 1925.0    -73.055257      3.341273      0.195233      8.546413
 1930.0    -73.585677      3.377469      0.196648      8.577612
 1935.0    -74.111782      3.413522      0.198056      8.608501
 1940.0    -74.632478      3.449366      0.199455      8.639015
 1945.0    -75.146669      3.484938      0.200842      8.669092
 1950.0    -75.653262      3.520171      0.202214      8.698667
 1955.0    -76.151160      3.555000      0.203570      8.727676
 1960.0    -76.639270      3.589361      0.204907      8.756057
 1965.0    -77.116495      3.623187      0.206222      8.783746
 1970.0    -77.581759      3.656416      0.207514      8.810679
 1975.0    -78.034652      3.689019      0.208781      8.836834
 1980.0    -78.475629      3.721017      0.210023      8.862236
 1985.0    -78.905207      3.752432      0.211243      8.886915
 1990.0    -79.323900      3.783289      0.212439      8.910902
 1995.0    -79.732224      3.813610      0.213614      8.934227
 2000.0    -80.130693      3.843419      0.214767      8.956918
 2005.0    -80.519822      3.872739      0.215900      8.979007
 2010.0    -80.900126      3.901594      0.217013      9.000523
 2015.0    -81.272120      3.930007      0.218107      9.021496
 2020.0    -81.636320      3.958001      0.219183      9.041956
 2025.0    -81.993240      3.985600      0.220240      9.061933
 2030.0    -82.343395      4.012826      0.221281      9.081457
 2035.0    -82.687300      4.039704      0.222306      9.100558
 2040.0    -83.025471      4.066256      0.223315      9.119265
 2045.0    -83.358421      4.092506      0.224309      9.137608
 2050.0    -83.686667      4.118478      0.225289      9.155619
 2055.0    -84.010723      4.144194      0.226256      9.173325
 2060.0    -84.331104      4.169678      0.227210      9.190758
 2065.0    -84.648325      4.194953      0.228152      9.207947
 2070.0    -84.962901      4.220042      0.229083      9.224922
 2075.0    -85.275348      4.244970      0.230003      9.241714
 2080.0    -85.586179      4.269759      0.230914      9.258351
 2085.0    -85.895910      4.294432      0.231815      9.274864
 2090.0    -86.205057      4.319014      0.232708      9.291283
 2095.0    -86.514134      4.343526      0.233594      9.307638
 2100.0    -86.823655      4.367993      0.234473      9.323958
 2105.0    -87.134137      4.392439      0.235345      9.340274
 2110.0    -87.446094      4.416885      0.236212      9.356616
 2115.0    -87.760040      4.441356      0.237074      9.373013
 2120.0    -88.076492      4.465875      0.237933      9.389495
 2125.0    -88.395964      4.490465      0.238788      9.406092
 2130.0    -88.718970      4.515149      0.239640      9.422835
 2135.0    -89.046027      4.539952      0.240490      9.439753
 2140.0    -89.377648      4.564896      0.241340      9.456876
 2145.0    -89.714350      4.590004      0.242188      9.474233
 2150.0    -90.056646      4.615301      0.243038      9.491856
 2155.0    -90.405053      4.640809      0.243888      9.509773
 2160.0    -90.760084      4.666551      0.244739      9.528015
 2165.0    -91.122255      4.692551      0.245594      9.546612
 2170.0    -91.492081      4.718832      0.246451      9.565593
 2175.0    -91.870077      4.745418      0.247312      9.584988
 2180.0    -92.256758      4.772332      0.248178      9.604828
 2185.0    -92.652638      4.799598      0.249049      9.625142
 2190.0    -93.058234      4.827238      0.249927      9.645960
 2195.0    -93.474059      4.855275      0.250811      9.667313
 2200.0    -93.900629      4.883734      0.251702      9.689229
 2205.0    -94.338459      4.912638      0.252602      9.711740
 2210.0    -94.788063      4.942010      0.253510      9.734874
 2215.0    -95.249958      4.971873      0.254428      9.758662
 2220.0    -95.724657      5.002250      0.255357      9.783133
 2225.0    -96.212676      5.033166      0.256296      9.808319
 2230.0    -96.714530      5.064642      0.257247      9.834248
 2235.0    -97.230733      5.096704      0.258211      9.860950
 2240.0    -97.761801      5.129373      0.259188      9.888456
 2245.0    -98.308249      5.162674      0.260179      9.916795
 2250.0    -98.870592      5.196629      0.261185      9.945997
 2255.0    -99.449344      5.231262      0.262205      9.976092
