#Lambda        Dielectric Constant          Refractive Index
# [nm]        [Real]        [Imag]        [Real]        [Imag]
   75.0      0.600141      0.157097      0.781215      0.100584
   80.0      0.510400      0.219000      0.730000      0.150000
   85.0      0.458188      0.274597      0.704528      0.194954
   90.0      0.380090      0.311521      0.660378      0.235913
   95.0      0.311712      0.372418      0.631314      0.294977
  100.0      0.271123      0.446726      0.629697      0.354655
  105.0      0.214511      0.483697      0.610686      0.396520
  110.0      0.140816      0.574330      0.604315      0.475078
  115.0      0.116422      0.678657      0.634845      0.534130
  120.0      0.075808      0.777321      0.654390      0.594226
  125.0      0.078391      0.796094      0.662668      0.600560
  130.0      0.080899      0.837478      0.679015      0.616612
  135.0      0.020220      0.904879      0.680516      0.665315
  140.0     -0.061269      0.992809      0.682962      0.726358
  145.0     -0.113399      1.079757      0.697180      0.774137
  150.0     -0.126973      1.133502      0.712006      0.796898
  155.0     -0.139500      1.197200      0.730000      0.820000
  160.0     -0.184966      1.322394      0.758371      0.870241
  165.0     -0.207489      1.464442      0.797356      0.918151
  170.0     -0.150639      1.567075      0.843774      0.930356
  175.0     -0.063073      1.633672      0.886453      0.922250
  180.0     -0.020934      1.683967      0.912361      0.922273
  185.0     -0.036419      1.713668      0.917097      0.933927
  190.0     -0.069835      1.698984      0.903260      0.940476
  195.0     -0.088318      1.624459      0.874446      0.928848
  200.0     -0.109916      1.529048      0.839123      0.911934
  205.0     -0.171925      1.472278      0.807600      0.912445
  210.0     -0.308854      1.509343      0.789472      0.951405
  215.0     -0.523948      1.647061      0.786369      1.030993
  220.0     -0.800994      1.862135      0.794963      1.141655
  225.0     -1.123481      2.130810      0.811853      1.273659
  230.0     -1.474900      2.429331      0.833638      1.417273
  235.0     -1.838743      2.733946      0.856913      1.562765
  240.0     -2.198498      3.020899      0.878279      1.700404
  245.0     -2.537658      3.266438      0.894333      1.820457
  250.0     -2.840120      3.447522      0.901779      1.913482
  255.0     -3.105626      3.568903      0.901462      1.981245
  260.0     -3.354484      3.671146      0.899550      2.039971
  265.0     -3.607653      3.780975      0.899490      2.101018
  270.0     -3.884978      3.900366      0.900035      2.166846
  275.0     -4.198765      4.028550      0.900056      2.238184
  280.0     -4.539199      4.162789      0.899943      2.312839
  285.0     -4.892770      4.300617      0.900429      2.388187
  290.0     -5.251075      4.447733      0.902991      2.463009
  295.0     -5.609244      4.615498      0.909622      2.537057
  300.0     -5.962682      4.812742      0.921849      2.610026
  305.0     -6.307708      5.036387      0.939051      2.681259
  310.0     -6.640900      5.280000      0.960000      2.750000
  315.0     -6.960446      5.539498      0.983776      2.815853
  320.0     -7.270983      5.820210      1.010685      2.879851
  325.0     -7.578759      6.129820      1.041340      2.943385
  330.0     -7.888398      6.475025      1.076294      3.007579
  335.0     -8.189888      6.853664      1.115551      3.071149
  340.0     -8.465472      7.258887      1.158825      3.131535
  345.0     -8.697334      7.683800      1.205827      3.186168
  350.0     -8.876448      8.120743      1.255813      3.233611
  355.0     -9.018429      8.559898      1.306768      3.275592
  360.0     -9.143174      8.991074      1.356453      3.314392
  365.0     -9.270582      9.404083      1.402631      3.352290
  370.0     -9.417019      9.791362      1.443603      3.391156
  375.0     -9.587049     10.154140      1.479475      3.431479
  380.0     -9.782767     10.495481      1.510728      3.473464
  385.0    -10.006272     10.818449      1.537843      3.517313
  390.0    -10.259499     11.126191      1.561315      3.563220
  395.0    -10.540648     11.423788      1.581920      3.611162
  400.0    -10.844186     11.718258      1.600715      3.660894
  405.0    -11.164414     12.016698      1.618772      3.712167
  410.0    -11.495637     12.326209      1.637161      3.764727
  415.0    -11.832323     12.653889      1.656945      3.818338
  420.0    -12.178377     13.006686      1.678729      3.873598
  425.0    -12.552080     13.391327      1.702422      3.932379
  430.0    -12.972917     13.814517      1.727873      3.996662
  435.0    -13.460372     14.282964      1.754932      4.068425
  440.0    -14.033933     14.803373      1.783449      4.149646
  445.0    -14.712441     15.382587      1.813306      4.242244
  450.0    -15.494785     16.031621      1.845345      4.346192
  455.0    -16.356515     16.766378      1.881539      4.459193
  460.0    -17.271856     17.603036      1.923922      4.578820
  465.0    -18.215034     18.557774      1.974529      4.702647
  470.0    -19.160273     19.646771      2.035394      4.828248
  475.0    -20.081799     20.886205      2.108553      4.953196
  480.0    -20.953531     22.291823      2.195962      5.075139
  485.0    -21.745160     23.873382      2.298487      5.192754
  490.0    -22.423288     25.636270      2.416202      5.305470
  495.0    -22.954446     27.585771      2.549159      5.412732
  500.0    -23.305167     29.727172      2.697414      5.513985
  505.0    -23.441983     32.065759      2.861019      5.608674
  510.0    -23.331426     34.606818      3.040028      5.696245
  515.0    -22.940028     37.355636      3.234497      5.776144
  520.0    -22.237332     40.312860      3.444272      5.847762
  525.0    -21.226264     43.427736      3.666935      5.909904
  530.0    -19.930527     46.617512      3.898652      5.961009
  535.0    -18.374140     49.798954      4.135568      5.999510
  540.0    -16.581121     52.888825      4.373827      6.023840
  545.0    -14.575488     55.803891      4.609577      6.032432
  550.0    -12.381260     58.460915      4.838961      6.023719
  555.0    -10.022455     60.776662      5.058125      5.996135
  560.0     -7.523092     62.667898      5.263215      5.948112
  565.0     -4.907221     64.051891      5.450393      5.878100
  570.0     -2.201957     64.892188      5.617470      5.786075
  575.0      0.560107     65.235138      5.765207      5.674742
  580.0      3.345810     65.135687      5.894669      5.547090
  585.0      6.121990     64.648780      6.006921      5.406109
  590.0      8.855485     63.829364      6.103030      5.254787
  595.0     11.513135     62.732384      6.184061      5.096113
  600.0     14.061777     61.412785      6.251079      4.933076
  605.0     16.468250     59.925513      6.305151      4.768666
  610.0     18.699392     58.325513      6.347342      4.605870
  615.0     20.722042     56.667732      6.378718      4.447680
  620.0     22.503037     55.007115      6.400344      4.297082
  625.0     24.018771     53.389284      6.413239      4.156462
  630.0     25.281622     51.824741      6.418244      4.025927
  635.0     26.312445     50.315718      6.416157      3.905049
  640.0     27.132092     48.864446      6.407778      3.793398
  645.0     27.761417     47.473159      6.393905      3.690547
  650.0     28.221274     46.144089      6.375337      3.596067
  655.0     28.532514     44.879467      6.352872      3.509528
  660.0     28.715992     43.681526      6.327311      3.430502
  665.0     28.792561     42.552499      6.299450      3.358561
  670.0     28.783074     41.494616      6.270090      3.293276
  675.0     28.708384     40.510112      6.240029      3.234218
  680.0     28.589345     39.601218      6.210066      3.180958
  685.0     28.446810     38.770165      6.180999      3.133069
  690.0     28.301584     38.019173      6.153626      3.090120
  695.0     28.168057     37.348483      6.128483      3.051740
  700.0     28.047812     36.754395      6.105585      3.017660
  705.0     27.940909     36.232743      6.084887      2.987627
  710.0     27.847409     35.779357      6.066341      2.961387
  715.0     27.767373     35.390070      6.049901      2.938686
  720.0     27.700863     35.060714      6.035522      2.919272
  725.0     27.647939     34.787121      6.023158      2.902890
  730.0     27.608662     34.565123      6.012761      2.889285
  735.0     27.583094     34.390552      6.004286      2.878206
  740.0     27.571295     34.259240      5.997686      2.869397
  745.0     27.573326     34.167019      5.992916      2.862605
  750.0     27.589249     34.109722      5.989929      2.857577
  755.0     27.619123     34.083180      5.988678      2.854058
  760.0     27.663011     34.083226      5.989118      2.851795
  765.0     27.720974     34.105691      5.991203      2.850534
  770.0     27.793071     34.146407      5.994885      2.850021
  775.0     27.879365     34.201207      6.000120      2.850003
  780.0     27.979908     34.266375      6.006858      2.850254
  785.0     28.094717     34.339899      6.015046      2.850652
  790.0     28.223803     34.420170      6.024627      2.851104
  795.0     28.367178     34.505576      6.035546      2.851511
  800.0     28.524850     34.594508      6.047746      2.851779
  805.0     28.696832     34.685356      6.061172      2.851812
  810.0     28.883133     34.776508      6.075767      2.851514
  815.0     29.083764     34.866355      6.091475      2.850789
  820.0     29.298736     34.953286      6.108241      2.849542
  825.0     29.528058     35.035691      6.126008      2.847675
  830.0     29.771742     35.111960      6.144720      2.845094
  835.0     30.029799     35.180483      6.164322      2.841703
  840.0     30.302238     35.239648      6.184757      2.837406
  845.0     30.589070     35.287847      6.205969      2.832106
  850.0     30.890305     35.323468      6.227903      2.825709
  855.0     31.205956     35.344901      6.250502      2.818118
  860.0     31.536030     35.350536      6.273710      2.809237
  865.0     31.880540     35.338763      6.297472      2.798971
  870.0     32.239496     35.307971      6.321731      2.787224
  875.0     32.612908     35.256550      6.346431      2.773899
  880.0     33.000787     35.182890      6.371516      2.758902
  885.0     33.403144     35.085380      6.396931      2.742135
  890.0     33.819824     34.962716      6.422618      2.723526
  895.0     34.249734     34.815349      6.448515      2.703124
  900.0     34.691440     34.644358      6.474561      2.681023
  905.0     35.143511     34.450821      6.500690      2.657317
  910.0     35.604515     34.235817      6.526840      2.632102
  915.0     36.073021     34.000427      6.552948      2.605472
  920.0     36.547595     33.745727      6.578950      2.577520
  925.0     37.026806     33.472799      6.604784      2.548342
  930.0     37.509223     33.182720      6.630384      2.518032
  935.0     37.993412     32.876570      6.655690      2.486684
  940.0     38.477942     32.555428      6.680636      2.454392
  945.0     38.961382     32.220373      6.705161      2.421252
  950.0     39.442298     31.872484      6.729199      2.387357
  955.0     39.919260     31.512839      6.752689      2.352802
  960.0     40.390834     31.142519      6.775567      2.317682
  965.0     40.855590     30.762601      6.797770      2.282090
  970.0     41.312095     30.374166      6.819234      2.246122
  975.0     41.758916     29.978292      6.839896      2.209871
  980.0     42.194623     29.576058      6.859693      2.173432
  985.0     42.617783     29.168543      6.878561      2.136899
  990.0     43.026963     28.756826      6.896438      2.100367
  995.0     43.420733     28.341987      6.913259      2.063931
 1000.0     43.797660     27.925104      6.928962      2.027684
 1005.0     44.156312     27.507257      6.943483      1.991721
 1010.0     44.495257     27.089523      6.956759      1.956137
 1015.0     44.813063     26.672984      6.968727      1.921026
 1020.0     45.108297     26.258716      6.979323      1.886482
 1025.0     45.379529     25.847801      6.988484      1.852599
 1030.0     45.625326     25.441316      6.996148      1.819473
 1035.0     45.844281     25.040328      7.002250      1.787197
 1040.0     46.035937     24.645445      7.006779      1.755816
 1045.0     46.201077     24.256674      7.009782      1.725319
 1050.0     46.340564     23.873983      7.011313      1.695687
 1055.0     46.455263     23.497340      7.011423      1.666904
 1060.0     46.546037     23.126713      7.010167      1.638952
 1065.0     46.613750     22.762069      7.007596      1.611813
 1070.0     46.659266     22.403378      7.003764      1.585471
 1075.0     46.683449     22.050606      6.998723      1.559908
 1080.0     46.687164     21.703721      6.992526      1.535106
 1085.0     46.671273     21.362692      6.985226      1.511049
 1090.0     46.636642     21.027486      6.976876      1.487719
 1095.0     46.584134     20.698071      6.967529      1.465099
 1100.0     46.514612     20.374416      6.957237      1.443171
 1105.0     46.428941     20.056487      6.946053      1.421919
 1110.0     46.327986     19.744254      6.934031      1.401324
 1115.0     46.212609     19.437684      6.921222      1.381370
 1120.0     46.083675     19.136744      6.907680      1.362039
 1125.0     45.942048     18.841403      6.893457      1.343313
 1130.0     45.788591     18.551628      6.878607      1.325176
 1135.0     45.624169     18.267388      6.863182      1.307611
 1140.0     45.449646     17.988651      6.847235      1.290599
 1145.0     45.265885     17.715384      6.830819      1.274124
 1150.0     45.073751     17.447555      6.813986      1.258168
 1155.0     44.874108     17.185133      6.796790      1.242714
 1160.0     44.667819     16.928084      6.779283      1.227744
 1165.0     44.455748     16.676378      6.761518      1.213242
 1170.0     44.238760     16.429981      6.743547      1.199190
 1175.0     44.017719     16.188862      6.725425      1.185570
 1180.0     43.793487     15.952989      6.707203      1.172366
 1185.0     43.566930     15.722330      6.688934      1.159559
 1190.0     43.338911     15.496852      6.670671      1.147133
 1195.0     43.110295     15.276524      6.652468      1.135071
 1200.0     42.881944     15.061313      6.634376      1.123354
 1205.0     42.654724     14.851187      6.616448      1.111967
 1210.0     42.429498     14.646114      6.598738      1.100890
 1215.0     42.207130     14.446063      6.581298      1.090108
 1220.0     41.988484     14.251001      6.564181      1.079602
 1225.0     41.774424     14.060895      6.547440      1.069356
 1230.0     41.565814     13.875715      6.531128      1.059352
 1235.0     41.363518     13.695427      6.515297      1.049572
 1240.0     41.168400     13.520000      6.500000      1.040000
 1245.0     40.981154     13.349393      6.485280      1.030620
 1250.0     40.801793     13.183535      6.471135      1.021428
 1255.0     40.630161     13.022344      6.457555      1.012421
 1260.0     40.466102     12.865740      6.444528      1.003595
 1265.0     40.309460     12.713642      6.432044      0.994949
 1270.0     40.160078     12.565971      6.420090      0.986479
 1275.0     40.017800     12.422644      6.408655      0.978183
 1280.0     39.882470     12.283583      6.397729      0.970058
 1285.0     39.753930     12.148705      6.387300      0.962102
 1290.0     39.632026     12.017932      6.377356      0.954311
 1295.0     39.516600     11.891182      6.367886      0.946683
 1300.0     39.407497     11.768374      6.358880      0.939215
 1305.0     39.304559     11.649429      6.350326      0.931905
 1310.0     39.207631     11.534265      6.342212      0.924749
 1315.0     39.116556     11.422802      6.334528      0.917745
 1320.0     39.031179     11.314960      6.327261      0.910891
 1325.0     38.951342     11.210657      6.320401      0.904184
 1330.0     38.876889     11.109814      6.313937      0.897620
 1335.0     38.807664     11.012350      6.307857      0.891197
 1340.0     38.743511     10.918185      6.302150      0.884913
 1345.0     38.684273     10.827237      6.296805      0.878765
 1350.0     38.629794     10.739426      6.291810      0.872750
 1355.0     38.579918     10.654672      6.287155      0.866864
 1360.0     38.534489     10.572895      6.282827      0.861107
 1365.0     38.493349     10.494013      6.278816      0.855474
 1370.0     38.456343     10.417946      6.275110      0.849964
 1375.0     38.423314     10.344614      6.271698      0.844573
 1380.0     38.394106     10.273936      6.268569      0.839298
 1385.0     38.368563     10.205831      6.265712      0.834138
 1390.0     38.346529     10.140220      6.263115      0.829089
 1395.0     38.327847     10.077020      6.260767      0.824148
 1400.0     38.312360     10.016153      6.258656      0.819314
 1405.0     38.299913      9.957537      6.256773      0.814582
 1410.0     38.290348      9.901092      6.255104      0.809951
 1415.0     38.283511      9.846737      6.253639      0.805417
 1420.0     38.279244      9.794392      6.252367      0.800979
 1425.0     38.277391      9.743976      6.251276      0.796632
 1430.0     38.277796      9.695409      6.250356      0.792376
 1435.0     38.280302      9.648610      6.249594      0.788206
 1440.0     38.284754      9.603499      6.248980      0.784120
 1445.0     38.290994      9.559994      6.248502      0.780115
 1450.0     38.298867      9.518016      6.248149      0.776189
 1455.0     38.308216      9.477485      6.247910      0.772339
 1460.0     38.318884      9.438318      6.247774      0.768562
 1465.0     38.330717      9.400437      6.247729      0.764856
 1470.0     38.343556      9.363760      6.247763      0.761218
 1475.0     38.357246      9.328206      6.247867      0.757644
 1480.0     38.371631      9.293696      6.248028      0.754133
 1485.0     38.386554      9.260149      6.248235      0.750681
 1490.0     38.401859      9.227484      6.248477      0.747287
 1495.0     38.417389      9.195620      6.248742      0.743946
 1500.0     38.432989      9.164478      6.249020      0.740657
 1505.0     38.448501      9.133977      6.249299      0.737417
 1510.0     38.463770      9.104035      6.249568      0.734223
 1515.0     38.478640      9.074573      6.249815      0.731072
 1520.0     38.492953      9.045510      6.250030      0.727962
 1525.0     38.506554      9.016765      6.250201      0.724889
 1530.0     38.519286      8.988259      6.250316      0.721852
 1535.0     38.530993      8.959909      6.250365      0.718847
 1540.0     38.541518      8.931637      6.250336      0.715872
 1545.0     38.550706      8.903360      6.250218      0.712924
 1550.0     38.558400      8.875000      6.250000      0.710000
 1555.0     38.564475      8.846489      6.249672      0.707098
 1560.0     38.568936      8.817821      6.249236      0.704218
 1565.0     38.571816      8.789002      6.248693      0.701359
 1570.0     38.573152      8.760039      6.248046      0.698522
 1575.0     38.572978      8.730940      6.247298      0.695706
 1580.0     38.571330      8.701711      6.246451      0.692912
 1585.0     38.568244      8.672360      6.245508      0.690139
 1590.0     38.563754      8.642894      6.244471      0.687387
 1595.0     38.557895      8.613319      6.243343      0.684657
 1600.0     38.550703      8.583643      6.242128      0.681949
 1605.0     38.542214      8.553872      6.240826      0.679261
 1610.0     38.532461      8.524015      6.239441      0.676596
 1615.0     38.521482      8.494077      6.237975      0.673951
 1620.0     38.509310      8.464067      6.236431      0.671328
 1625.0     38.495981      8.433990      6.234812      0.668726
 1630.0     38.481531      8.403854      6.233120      0.666145
 1635.0     38.465994      8.373667      6.231357      0.663586
 1640.0     38.449406      8.343435      6.229527      0.661048
 1645.0     38.431803      8.313164      6.227632      0.658531
 1650.0     38.413218      8.282864      6.225674      0.656036
 1655.0     38.393689      8.252539      6.223656      0.653561
 1660.0     38.373249      8.222198      6.221580      0.651108
 1665.0     38.351934      8.191848      6.219450      0.648676
 1670.0     38.329779      8.161495      6.217267      0.646265
 1675.0     38.306821      8.131146      6.215035      0.643876
 1680.0     38.283093      8.100809      6.212755      0.641507
 1685.0     38.258631      8.070491      6.210431      0.639160
 1690.0     38.233470      8.040198      6.208065      0.636833
 1695.0     38.207646      8.009939      6.205659      0.634528
 1700.0     38.181194      7.979719      6.203217      0.632244
 1705.0     38.154149      7.949546      6.200741      0.629980
 1710.0     38.126547      7.919427      6.198232      0.627738
 1715.0     38.098422      7.889369      6.195695      0.625517
 1720.0     38.069809      7.859379      6.193131      0.623317
 1725.0     38.040745      7.829465      6.190544      0.621137
 1730.0     38.011264      7.799632      6.187935      0.618979
 1735.0     37.981402      7.769889      6.185307      0.616842
 1740.0     37.951194      7.740242      6.182663      0.614725
 1745.0     37.920675      7.710698      6.180005      0.612629
 1750.0     37.889880      7.681265      6.177337      0.610555
 1755.0     37.858845      7.651949      6.174660      0.608501
 1760.0     37.827604      7.622758      6.171977      0.606468
 1765.0     37.796194      7.593698      6.169290      0.604455
 1770.0     37.764649      7.564777      6.166603      0.602464
 1775.0     37.733004      7.536002      6.163918      0.600493
 1780.0     37.701295      7.507379      6.161238      0.598543
 1785.0     37.669558      7.478917      6.158564      0.596614
 1790.0     37.637827      7.450621      6.155900      0.594706
 1795.0     37.606137      7.422499      6.153248      0.592818
 1800.0     37.574524      7.394558      6.150611      0.590951
 1805.0     37.543023      7.366805      6.147991      0.589105
 1810.0     37.511670      7.339247      6.145391      0.587279
 1815.0     37.480499      7.311891      6.142814      0.585474
 1820.0     37.449546      7.284745      6.140262      0.583690
 1825.0     37.418846      7.257815      6.137737      0.581926
 1830.0     37.388435      7.231108      6.135243      0.580183
 1835.0     37.358347      7.204631      6.132781      0.578460
 1840.0     37.328617      7.178392      6.130355      0.576758
 1845.0     37.299282      7.152397      6.127966      0.575077
 1850.0     37.270376      7.126654      6.125619      0.573416
 1855.0     37.241935      7.101170      6.123314      0.571775
 1860.0     37.213994      7.075951      6.121055      0.570155
 1865.0     37.186587      7.051004      6.118845      0.568556
 1870.0     37.159751      7.026338      6.116685      0.566977
 1875.0     37.133521      7.001958      6.114579      0.565418
 1880.0     37.107931      6.977873      6.112528      0.563880
 1885.0     37.083017      6.954088      6.110537      0.562362
 1890.0     37.058815      6.930611      6.108606      0.560865
 1895.0     37.035359      6.907449      6.106739      0.559387
 1900.0     37.012685      6.884610      6.104939      0.557931
 1905.0     36.990828      6.862099      6.103207      0.556494
 1910.0     36.969824      6.839925      6.101547      0.555078
 1915.0     36.949706      6.818094      6.099961      0.553682
 1920.0     36.930512      6.796613      6.098452      0.552307
 1925.0     36.912276      6.775490      6.097022      0.550952
 1930.0     36.895033      6.754731      6.095674      0.549616
 1935.0     36.878819      6.734344      6.094410      0.548302
 1940.0     36.863668      6.714335      6.093233      0.547007
 1945.0     36.849617      6.694712      6.092145      0.545733
 1950.0     36.836699      6.675481      6.091150      0.544478
 1955.0     36.824952      6.656650      6.090250      0.543244
 1960.0     36.814409      6.638226      6.089446      0.542030
 1965.0     36.805106      6.620216      6.088743      0.540836
 1970.0     36.797079      6.602627      6.088142      0.539663
 1975.0     36.790362      6.585465      6.087646      0.538509
 1980.0     36.784990      6.568739      6.087257      0.537375
 1985.0     36.781000      6.552455      6.086979      0.536262
 1990.0     36.778426      6.536619      6.086814      0.535168
 1995.0     36.777304      6.521240      6.086763      0.534095
 2000.0     36.777669      6.506324      6.086831      0.533041
 2005.0     36.779555      6.491879      6.087019      0.532008
 2010.0     36.782999      6.477911      6.087331      0.530994
 2015.0     36.788035      6.464427      6.087768      0.530000
 2020.0     36.794699      6.451435      6.088333      0.529027
 2025.0     36.803026      6.438941      6.089029      0.528073
 2030.0     36.813052      6.426953      6.089858      0.527139
 2035.0     36.824811      6.415477      6.090823      0.526225
 2040.0     36.838338      6.404521      6.091927      0.525331
 2045.0     36.853670      6.394092      6.093172      0.524456
 2050.0     36.870841      6.384196      6.094561      0.523602
 2055.0     36.889887      6.374842      6.096096      0.522767
 2060.0     36.910842      6.366035      6.097779      0.521952
 2065.0     36.933742      6.357783      6.099615      0.521157
 2070.0     36.958484      6.350079      6.101593      0.520381
 2075.0     36.983931      6.342805      6.103621      0.519625
 2080.0     37.008489      6.335796      6.105572      0.518889
 2085.0     37.030559      6.328888      6.107316      0.518171
 2090.0     37.048542      6.321913      6.108724      0.517472
 2095.0     37.060841      6.314707      6.109666      0.516792
 2100.0     37.065856      6.307103      6.110013      0.516130
 2105.0     37.062309      6.298910      6.109662      0.515482
 2110.0     37.051286      6.289734      6.108699      0.514808
 2115.0     37.034930      6.279093      6.107295      0.514053
 2120.0     37.015393      6.266504      6.105620      0.513164
 2125.0     36.994823      6.251486      6.103846      0.512085
 2130.0     36.975371      6.233554      6.102145      0.510762
 2135.0     36.959185      6.212227      6.100687      0.509139
 2140.0     36.948378      6.187044      6.099640      0.507166
 2145.0     36.943606      6.158409      6.099062      0.504869
 2150.0     36.943630      6.127853      6.098860      0.502382
 2155.0     36.947086      6.096980      6.098935      0.499846
 2160.0     36.952608      6.067393      6.099187      0.497399
 2165.0     36.958834      6.040698      6.099515      0.495182
 2170.0     36.964398      6.018499      6.099820      0.493336
 2175.0     36.967936      6.002400      6.100000      0.492000
 2180.0     36.968486      5.993553      6.099986      0.491275
 2185.0     36.966695      5.991298      6.099825      0.491103
 2190.0     36.963613      5.994524      6.099595      0.491386
 2195.0     36.960291      6.002118      6.099375      0.492027
 2200.0     36.957778      6.012967      6.099243      0.492927
 2205.0     36.957124      6.025961      6.099276      0.493990
 2210.0     36.959380      6.039985      6.099552      0.495117
 2215.0     36.965591      6.053931      6.100149      0.496212
 2220.0     36.976174      6.067138      6.101096      0.497217
 2225.0     36.990137      6.079951      6.102316      0.498167
 2230.0     37.006294      6.092849      6.103715      0.499109
 2235.0     37.023464      6.106313      6.105200      0.500090
 2240.0     37.040463      6.120823      6.106680      0.501157
 2245.0     37.056107      6.136859      6.108060      0.502357
 2250.0     37.069213      6.154900      6.109249      0.503736
 2255.0     37.078598      6.175426      6.110154      0.505341
 2260.0     37.083293      6.198540      6.110696      0.507188
 2265.0     37.082800      6.223512      6.110829      0.509221
 2270.0     37.076685      6.249500      6.110512      0.511375
 2275.0     37.064516      6.275661      6.109704      0.513584
 2280.0     37.045859      6.301152      6.108362      0.515784
 2285.0     37.020282      6.325129      6.106445      0.517909
 2290.0     36.987351      6.346751      6.103912      0.519894
 2295.0     36.946632      6.365174      6.100721      0.521674
 2300.0     36.898004      6.379627      6.096856      0.523188
 2305.0     36.843641      6.389882      6.092494      0.524401
 2310.0     36.786747      6.395950      6.087895      0.525292
 2315.0     36.730531      6.397842      6.083322      0.525839
 2320.0     36.678201      6.395573      6.079037      0.526021
 2325.0     36.632967      6.389155      6.075302      0.525816
 2330.0     36.598037      6.378601      6.072379      0.525203
 2335.0     36.576619      6.363923      6.070530      0.524159
 2340.0     36.571915      6.345136      6.070016      0.522664
 2345.0     36.585277      6.322589      6.070951      0.520736
 2350.0     36.613939      6.297383      6.073116      0.518484
 2355.0     36.654576      6.270716      6.076248      0.516030
 2360.0     36.703864      6.243790      6.080084      0.513493
 2365.0     36.758479      6.217805      6.084361      0.510996
 2370.0     36.815097      6.193960      6.088816      0.508659
 2375.0     36.870393      6.173456      6.093187      0.506604
 2380.0     36.921043      6.157494      6.097209      0.504951
 2385.0     36.963728      6.147270      6.100621      0.503822
 2390.0     36.996254      6.143322      6.103247      0.503274
 2395.0     37.018937      6.144715      6.105107      0.503230
 2400.0     37.032429      6.150316      6.106245      0.503593
 2405.0     37.037388      6.158991      6.106709      0.504266
 2410.0     37.034466      6.169607      6.106543      0.505151
 2415.0     37.024319      6.181029      6.105792      0.506152
 2420.0     37.007601      6.192125      6.104504      0.507171
 2425.0     36.984967      6.201761      6.102723      0.508112
 2430.0     36.957072      6.208803      6.100495      0.508877
 2435.0     36.924600      6.212262      6.097869      0.509380
 2440.0     36.888457      6.212229      6.094920      0.509624
 2445.0     36.849649      6.209274      6.091734      0.509647
 2450.0     36.809181      6.203972      6.088396      0.509490
 2455.0     36.768060      6.196895      6.084992      0.509193
 2460.0     36.727291      6.188618      6.081609      0.508795
 2465.0     36.687879      6.179714      6.078333      0.508337
 2470.0     36.650832      6.170757      6.075248      0.507858
 2475.0     36.617154      6.162321      6.072442      0.507399
 2480.0     36.587851      6.154980      6.070000      0.507000
 2485.0     36.563641      6.149160      6.067984      0.506690
 2490.0     36.544090      6.144697      6.066356      0.506459
 2495.0     36.528472      6.141282      6.065057      0.506287
 2500.0     36.516067      6.138603      6.064024      0.506152
 2505.0     36.506150      6.136350      6.063196      0.506036
 2510.0     36.497998      6.134212      6.062513      0.505916
 2515.0     36.490887      6.131878      6.061913      0.505773
 2520.0     36.484095      6.129039      6.061335      0.505587
 2525.0     36.476899      6.125383      6.060718      0.505336
 2530.0     36.468575      6.120600      6.060000      0.505000
 2535.0     36.458597      6.114417      6.059137      0.504561
 2540.0     36.447230      6.106711      6.058151      0.504006
 2545.0     36.434935      6.097399      6.057077      0.503326
 2550.0     36.422174      6.086396      6.055954      0.502511
 2555.0     36.409409      6.073617      6.054820      0.501549
 2560.0     36.397100      6.058979      6.053711      0.500432
 2565.0     36.385711      6.042397      6.052665      0.499149
 2570.0     36.375702      6.023786      6.051720      0.497690
 2575.0     36.367535      6.003063      6.050912      0.496045
 2580.0     36.361671      5.980142      6.050280      0.494203
 2585.0     36.358568      5.954945      6.049860      0.492156
 2590.0     36.358480      5.927599      6.049674      0.489911
 2595.0     36.361402      5.898496      6.049724      0.487502
 2600.0     36.367311      5.868050      6.050011      0.484963
 2605.0     36.376182      5.836672      6.050535      0.482328
 2610.0     36.387994      5.804773      6.051298      0.479632
 2615.0     36.402722      5.772765      6.052299      0.476908
 2620.0     36.420343      5.741061      6.053540      0.474191
 2625.0     36.440834      5.710072      6.055021      0.471516
 2630.0     36.464172      5.680209      6.056743      0.468916
 2635.0     36.490333      5.651885      6.058706      0.466427
 2640.0     36.519288      5.625505      6.060911      0.464081
 2645.0     36.550795      5.601244      6.063338      0.461895
 2650.0     36.584332      5.578978      6.065945      0.459862
 2655.0     36.619357      5.558562      6.068686      0.457972
 2660.0     36.655330      5.539851      6.071515      0.456218
 2665.0     36.691712      5.522701      6.074388      0.454591
 2670.0     36.727960      5.506966      6.077259      0.453082
 2675.0     36.763535      5.492502      6.080082      0.451681
 2680.0     36.797896      5.479164      6.082814      0.450382
 2685.0     36.830503      5.466808      6.085407      0.449174
 2690.0     36.860815      5.455288      6.087818      0.448050
 2695.0     36.888291      5.444460      6.090000      0.447000
 2700.0     36.912518      5.434195      6.091919      0.446017
 2705.0     36.933585      5.424430      6.093583      0.445094
 2710.0     36.951709      5.415115      6.095008      0.444226
 2715.0     36.967108      5.406203      6.096212      0.443407
 2720.0     36.979997      5.397644      6.097213      0.442633
 2725.0     36.990593      5.389392      6.098028      0.441898
 2730.0     36.999113      5.381397      6.098675      0.441196
 2735.0     37.005774      5.373612      6.099171      0.440523
 2740.0     37.010792      5.365988      6.099534      0.439871
 2745.0     37.014384      5.358477      6.099781      0.439238
 2750.0     37.016766      5.351030      6.099931      0.438616
 2755.0     37.018156      5.343600      6.100000      0.438000
 2760.0     37.018824      5.336131      6.100011      0.437385
 2765.0     37.019259      5.328543      6.100002      0.436760
 2770.0     37.020004      5.320746      6.100017      0.436117
 2775.0     37.021602      5.312652      6.100101      0.435445
 2780.0     37.024596      5.304174      6.100297      0.434733
 2785.0     37.029529      5.295223      6.100648      0.433973
 2790.0     37.036945      5.285711      6.101198      0.433153
 2795.0     37.047386      5.275549      6.101990      0.432264
 2800.0     37.061396      5.264649      6.103069      0.431296
 2805.0     37.079517      5.252924      6.104478      0.430239
 2810.0     37.102293      5.240285      6.106261      0.429082
 2815.0     37.130266      5.226643      6.108461      0.427816
 2820.0     37.163958      5.211914      6.111121      0.426431
 2825.0     37.203013      5.196127      6.114211      0.424932
 2830.0     37.245939      5.179463      6.117610      0.423341
 2835.0     37.291167      5.162111      6.121193      0.421682
 2840.0     37.337130      5.144263      6.124833      0.419978
 2845.0     37.382258      5.126107      6.128403      0.418255
 2850.0     37.424984      5.107834      6.131776      0.416535
 2855.0     37.463738      5.089634      6.134826      0.414844
 2860.0     37.496953      5.071697      6.137425      0.413203
 2865.0     37.523060      5.054213      6.139448      0.411639
 2870.0     37.540491      5.037372      6.140768      0.410173
 2875.0     37.547677      5.021364      6.141258      0.408831
 2880.0     37.543050      5.006380      6.140792      0.407636
 2885.0     37.525077      4.992605      6.139245      0.406612
 2890.0     37.493618      4.980059      6.136606      0.405761
 2895.0     37.450337      4.968545      6.133011      0.405057
 2900.0     37.397024      4.957854      6.128603      0.404475
 2905.0     37.335465      4.947775      6.123527      0.403986
 2910.0     37.267446      4.938098      6.117928      0.403565
 2915.0     37.194756      4.928611      6.111950      0.403184
 2920.0     37.119182      4.919105      6.105737      0.402817
 2925.0     37.042510      4.909370      6.099434      0.402436
 2930.0     36.966528      4.899194      6.093185      0.402014
 2935.0     36.893023      4.888368      6.087136      0.401526
 2940.0     36.823783      4.876681      6.081430      0.400943
 2945.0     36.760594      4.863923      6.076211      0.400240
 2950.0     36.705244      4.849882      6.071625      0.399388
 2955.0     36.659428      4.834369      6.067808      0.398364
 2960.0     36.623462      4.817486      6.064787      0.397174
 2965.0     36.596605      4.799560      6.062503      0.395849
 2970.0     36.578084      4.780927      6.060895      0.394420
 2975.0     36.567129      4.761919      6.059902      0.392920
 2980.0     36.562970      4.742870      6.059463      0.391380
 2985.0     36.564835      4.724116      6.059516      0.389831
 2990.0     36.571954      4.705988      6.060001      0.388305
 2995.0     36.583556      4.688822      6.060857      0.386834
 3000.0     36.598871      4.672952      6.062022      0.385450
 3050.0     36.804425      4.639372      6.078624      0.381594
 3100.0     36.942176      4.652760      6.090000      0.382000
 3150.0     37.017814      4.398495      6.094954      0.360840
 3200.0     37.171141      4.221411      6.106577      0.345632
 3250.0     37.407118      4.238524      6.125897      0.345942
 3300.0     37.547631      4.121340      6.136835      0.335799
 3350.0     37.596430      3.932166      6.139949      0.320212
 3400.0     37.647630      3.867598      6.143814      0.314739
 3450.0     37.742899      3.750135      6.151086      0.304840
 3500.0     37.888078      3.405686      6.161540      0.276391
 3550.0     38.028271      2.949625      6.171339      0.238972
 3600.0     38.097106      2.529411      6.175724      0.204757
 3650.0     38.025941      2.246865      6.169199      0.182108
 3700.0     37.784779      2.116239      6.149220      0.172144
 3750.0     37.474000      1.882445      6.123499      0.153722
 3800.0     37.202361      1.314108      6.100479      0.107642
 3850.0     36.963375      0.668800      6.080000      0.055000
 3900.0     36.718060      0.294079      6.059402      0.024352
 3950.0     36.471608      0.158565      6.039035      0.013206
 4000.0     36.240272      0.136052      6.020000      0.011300
 4050.0     36.030712      0.122810      6.002646      0.010197
 4100.0     35.811214      0.104995      5.984307      0.008755
 4150.0     35.541429      0.091155      5.961640      0.007651
 4200.0     35.235963      0.085242      5.935924      0.007192
 4250.0     34.993098      0.084213      5.915471      0.007122
 4300.0     34.913018      0.084514      5.908750      0.007149
 4350.0     34.978065      0.084389      5.914267      0.007131
 4400.0     35.052741      0.083880      5.920564      0.007083
 4450.0     34.999933      0.083109      5.916049      0.007025
 4500.0     34.791558      0.082258      5.898356      0.006974
 4550.0     34.527059      0.081581      5.875912      0.006942
 4600.0     34.313008      0.081337      5.857747      0.006943
 4650.0     34.215667      0.081609      5.849476      0.006976
 4700.0     34.200577      0.082044      5.848176      0.007015
 4750.0     34.217812      0.082221      5.849616      0.007028
 4800.0     34.219959      0.081778      5.849774      0.006990
 4850.0     34.194424      0.081136      5.847584      0.006937
 4900.0     34.154034      0.081288      5.844136      0.006954
 4950.0     34.112197      0.083241      5.840567      0.007126
 5000.0     34.080376      0.087604      5.837851      0.007504
 5050.0     34.056528      0.092214      5.835811      0.007903
 5100.0     34.032896      0.093735      5.833784      0.008037
 5150.0     34.001698      0.088826      5.831104      0.007618
 5200.0     33.956449      0.074600      5.827218      0.006399
 5250.0     33.905012      0.053200      5.822801      0.004564
 5300.0     33.864180      0.029900      5.819295      0.002565
 5350.0     33.850883      0.010019      5.818153      0.000860
 5400.0     33.881965      0.000000      5.820821      0.000000
 5450.0     33.950686      0.000000      5.826720      0.000000
 5500.0     33.995001      0.000000      5.830524      0.000000
 5550.0     33.977890      0.000000      5.829056      0.000000
 5600.0     33.921480      0.000000      5.824214      0.000000
 5650.0     33.853933      0.000000      5.818414      0.000000
 5700.0     33.793870      0.000000      5.813253      0.000000
 5750.0     33.742838      0.000000      5.808864      0.000000
 5800.0     33.700610      0.000000      5.805229      0.000000
 5850.0     33.666963      0.000000      5.802328      0.000000
 5900.0     33.641669      0.000000      5.800144      0.000000
 5950.0     33.624458      0.000000      5.798654      0.000000
 6000.0     33.614821      0.000000      5.797816      0.000000
 6050.0     33.612174      0.000000      5.797582      0.000000
 6100.0     33.615934      0.000000      5.797905      0.000000
 6150.0     33.625519      0.000000      5.798737      0.000000
 6200.0     33.640344      0.000000      5.800030      0.000000
 6250.0     33.658686      0.000000      5.801637      0.000000
 6300.0     33.674521      0.000000      5.803030      0.000000
 6350.0     33.680816      0.000000      5.803596      0.000000
 6400.0     33.670534      0.000000      5.802719      0.000000
 6450.0     33.636642      0.000000      5.799784      0.000000
 6500.0     33.572105      0.000000      5.794177      0.000000
 6550.0     33.470223      0.000000      5.785310      0.000000
 6600.0     33.332753      0.000000      5.773337      0.000000
 6650.0     33.170367      0.000000      5.759189      0.000000
 6700.0     32.994160      0.000000      5.743834      0.000000
 6750.0     32.815228      0.000000      5.728240      0.000000
 6800.0     32.644666      0.000000      5.713374      0.000000
 6850.0     32.493570      0.000000      5.700205      0.000000
 6900.0     32.373036      0.000000      5.689702      0.000000
 6950.0     32.294160      0.000000      5.682830      0.000000
 7000.0     32.268036      0.000000      5.680560      0.000000
 7050.0     32.305761      0.000000      5.683859      0.000000
 7100.0     32.418255      0.000000      5.693679      0.000000
 7150.0     32.602897      0.000000      5.709793      0.000000
 7200.0     32.834110      0.000000      5.729968      0.000000
 7250.0     33.084095      0.000000      5.751781      0.000000
 7300.0     33.325066      0.000000      5.772807      0.000000
 7350.0     33.536371      0.000000      5.791245      0.000000
 7400.0     33.716229      0.000000      5.806939      0.000000
 7450.0     33.865949      0.000000      5.820004      0.000000
 7500.0     33.986837      0.000000      5.830554      0.000000
 7550.0     34.080199      0.000000      5.838703      0.000000
 7600.0     34.147342      0.000000      5.844564      0.000000
 7650.0     34.189574      0.000000      5.848252      0.000000
 7700.0     34.208200      0.000000      5.849880      0.000000
 7750.0     34.204528      0.000000      5.849564      0.000000
 7800.0     34.179864      0.000000      5.847415      0.000000
 7850.0     34.135515      0.000000      5.843549      0.000000
 7900.0     34.072788      0.000000      5.838080      0.000000
 7950.0     33.992989      0.000000      5.831121      0.000000
 8000.0     33.897425      0.000000      5.822787      0.000000
 8050.0     33.787403      0.000000      5.813191      0.000000
 8100.0     33.664230      0.000000      5.802448      0.000000
 8150.0     33.529211      0.000000      5.790671      0.000000
 8200.0     33.383655      0.000000      5.777974      0.000000
 8250.0     33.228868      0.000000      5.764472      0.000000
 8300.0     33.066156      0.000000      5.750278      0.000000
 8350.0     32.896827      0.000000      5.735507      0.000000
 8400.0     32.722186      0.000000      5.720272      0.000000
 8450.0     32.543541      0.000000      5.704687      0.000000
 8500.0     32.362199      0.000000      5.688867      0.000000
 8550.0     32.179465      0.000000      5.672925      0.000000
 8600.0     31.996647      0.000000      5.656975      0.000000
 8650.0     31.815052      0.000000      5.641131      0.000000
 8700.0     31.635987      0.000000      5.625508      0.000000
 8750.0     31.460757      0.000000      5.610219      0.000000
 8800.0     31.290670      0.000000      5.595378      0.000000
 8850.0     31.127033      0.000000      5.581099      0.000000
 8900.0     30.971151      0.000000      5.567496      0.000000
 8950.0     30.824333      0.000000      5.554683      0.000000
 9000.0     30.687884      0.000000      5.542775      0.000000
 9050.0     30.563112      0.000000      5.531885      0.000000
 9100.0     30.451323      0.000000      5.522126      0.000000
 9150.0     30.353824      0.000000      5.513614      0.000000
 9200.0     30.271921      0.000000      5.506462      0.000000
 9250.0     30.206921      0.000000      5.500784      0.000000
 9300.0     30.160132      0.000000      5.496693      0.000000
 9350.0     30.132859      0.000000      5.494305      0.000000
 9400.0     30.126410      0.000000      5.493733      0.000000
 9450.0     30.142091      0.000000      5.495091      0.000000
 9500.0     30.181209      0.000000      5.498492      0.000000
 9550.0     30.245071      0.000000      5.504052      0.000000
 9600.0     30.334983      0.000000      5.511883      0.000000
 9650.0     30.452252      0.000000      5.522101      0.000000
 9700.0     30.598185      0.000000      5.534818      0.000000
 9750.0     30.774088      0.000000      5.550149      0.000000
 9800.0     30.981269      0.000000      5.568207      0.000000
 9850.0     31.221034      0.000000      5.589108      0.000000
 9900.0     31.494690      0.000000      5.612964      0.000000
 9950.0     31.803543      0.000000      5.639890      0.000000
10000.0     32.148900      0.000000      5.670000      0.000000
