#Lambda        Dielectric Constant          Refractive Index
# [nm]        [Real]        [Imag]        [Real]        [Imag]
   40.0      0.546733      0.177082      0.748168      0.118031
   45.0      0.428420      0.177784      0.667930      0.133086
   50.0      0.293081      0.221959      0.574760      0.193110
   55.0      0.103684      0.240516      0.427501      0.281275
   60.0     -0.149425      0.359994      0.346171      0.519737
   65.0     -0.356614      0.519534      0.369817      0.702420
   70.0     -0.552656      0.709475      0.416310      0.852020
   75.0     -0.749781      0.902199      0.460058      0.980515
   80.0     -0.947856      1.126400      0.512000      1.100000
   85.0     -1.162596      1.385490      0.568357      1.218829
   90.0     -1.360248      1.661608      0.627336      1.324209
   95.0     -1.540812      1.943238      0.685268      1.417836
  100.0     -1.786417      2.253962      0.738106      1.526927
  105.0     -2.048636      2.634573      0.802710      1.640751
  110.0     -2.321350      3.094377      0.879492      1.759355
  115.0     -2.606935      3.667785      0.972867      1.885037
  120.0     -2.848923      4.347703      1.083765      2.005757
  125.0     -3.014604      5.200319      1.223999      2.124316
  130.0     -2.822123      6.351458      1.436605      2.210482
  135.0     -2.142363      6.857266      1.587619      2.159286
  140.0     -2.151360      6.986278      1.606073      2.175016
  145.0     -2.549027      7.468975      1.634530      2.284877
  150.0     -3.333540      8.639952      1.721663      2.509311
  155.0     -3.492800     10.865400      1.990000      2.730000
  160.0     -2.558189     13.304202      2.344015      2.837503
  165.0     -0.566419     15.731377      2.754502      2.855539
  170.0      2.543334     16.824828      3.127021      2.689850
  175.0      5.531398     16.911656      3.415147      2.476467
  180.0      7.885301     16.316506      3.606351      2.261058
  185.0     10.472062     15.687665      3.828238      2.050098
  190.0     13.256212     13.859157      4.029090      1.719350
  195.0     14.565372     10.741844      4.040114      1.329388
  200.0     14.558000      8.395200      3.960000      1.060000
  205.0     14.181752      6.623814      3.862595      0.857497
  210.0     13.634390      5.280290      3.758338      0.702405
  215.0     13.032223      4.260084      3.656837      0.582522
  220.0     12.476014      3.468994      3.565602      0.486495
  225.0     11.885288      2.882095      3.472168      0.414970
  230.0     11.316061      2.459208      3.383538      0.363417
  235.0     10.865370      2.150990      3.312385      0.324743
  240.0     10.479075      1.921047      3.250503      0.295493
  245.0     10.115375      1.737252      3.191896      0.272152
  250.0      9.799951      1.570704      3.140697      0.250022
  255.0      9.543312      1.412132      3.098580      0.227719
  260.0      9.328272      1.277445      3.062833      0.208316
  265.0      9.135800      1.184235      3.030447      0.195183
  270.0      8.946861      1.150094      2.998415      0.191689
  275.0      8.742420      1.192614      2.963730      0.201203
  280.0      8.509689      1.320239      2.924396      0.225452
  285.0      8.269651      1.491928      2.883891      0.257265
  290.0      8.054653      1.649987      2.847533      0.286477
  295.0      7.897054      1.736710      2.820644      0.302923
  300.0      7.829212      1.694391      2.808545      0.296436
  305.0      7.883482      1.465323      2.816557      0.256850
  310.0      8.092224      0.991800      2.850000      0.174000
  315.0      8.418908      0.327591      2.902884      0.057358
  320.0      8.560075      0.000000      2.925386      0.000000
  325.0      8.441956      0.008526      2.905367      0.001369
  330.0      8.331915      0.058144      2.886666      0.010137
  335.0      8.278150      0.028933      2.877185      0.005029
  340.0      8.216607      0.017665      2.866419      0.003072
  345.0      8.148909      0.021756      2.854637      0.003811
  350.0      8.088815      0.020219      2.844100      0.003555
  355.0      8.034364      0.015759      2.834495      0.002780
  360.0      7.982241      0.013050      2.825282      0.002310
  365.0      7.932588      0.011396      2.816486      0.002023
  370.0      7.885701      0.009652      2.808152      0.001718
  375.0      7.840632      0.007940      2.800114      0.001418
  380.0      7.796461      0.006564      2.792213      0.001176
  385.0      7.754039      0.005339      2.784607      0.000959
  390.0      7.714831      0.003912      2.777559      0.000704
  395.0      7.678963      0.002333      2.771095      0.000421
  400.0      7.645225      0.001056      2.765000      0.000191
  405.0      7.612678      0.000422      2.759107      0.000077
  410.0      7.581716      0.000251      2.753491      0.000046
  415.0      7.553053      0.000240      2.748282      0.000043
  420.0      7.526940      0.000203      2.743528      0.000036
  425.0      7.502910      0.000141      2.739146      0.000025
  430.0      7.480438      0.000070      2.735040      0.000013
  435.0      7.458999      0.000008      2.731117      0.000001
  440.0      7.438115      0.000000      2.727290      0.000000
  445.0      7.417599      0.000000      2.723527      0.000000
  450.0      7.397384      0.000000      2.719814      0.000000
  455.0      7.377405      0.000000      2.716139      0.000000
  460.0      7.357594      0.000000      2.712489      0.000000
  465.0      7.337885      0.000000      2.708853      0.000000
  470.0      7.318224      0.000000      2.705221      0.000000
  475.0      7.298753      0.000000      2.701618      0.000000
  480.0      7.279763      0.000000      2.698101      0.000000
  485.0      7.261552      0.000000      2.694724      0.000000
  490.0      7.244415      0.000000      2.691543      0.000000
  495.0      7.228648      0.000000      2.688613      0.000000
  500.0      7.214534      0.000000      2.685989      0.000000
  505.0      7.201802      0.000000      2.683619      0.000000
  510.0      7.189470      0.000000      2.681321      0.000000
  515.0      7.176505      0.000000      2.678900      0.000000
  520.0      7.162183      0.000000      2.676222      0.000000
  525.0      7.147007      0.000000      2.673383      0.000000
  530.0      7.131790      0.000000      2.670534      0.000000
  535.0      7.117342      0.000000      2.667828      0.000000
  540.0      7.104477      0.000000      2.665418      0.000000
  545.0      7.094004      0.000000      2.663456      0.000000
  550.0      7.086471      0.000000      2.662046      0.000000
  555.0      7.080336      0.000000      2.660896      0.000000
  560.0      7.073067      0.000000      2.659530      0.000000
  565.0      7.062125      0.000000      2.657469      0.000000
  570.0      7.045213      0.000000      2.654280      0.000000
  575.0      7.029335      0.000000      2.651287      0.000000
  580.0      7.032843      0.000000      2.651953      0.000000
  585.0      7.042511      0.000000      2.653779      0.000000
  590.0      7.002693      0.000000      2.646261      0.000000
  595.0      6.965088      0.000000      2.639166      0.000000
  600.0      6.964359      0.000000      2.639036      0.000000
  605.0      6.980379      0.000000      2.642066      0.000000
  610.0      6.993025      0.000000      2.644451      0.000000
  615.0      6.982171      0.000000      2.642383      0.000000
  620.0      6.936989      0.000000      2.633817      0.000000
  625.0      6.898979      0.000000      2.626612      0.000000
  630.0      6.878750      0.000000      2.622777      0.000000
  635.0      6.872529      0.000000      2.621597      0.000000
  640.0      6.876545      0.000000      2.622356      0.000000
  645.0      6.887025      0.000000      2.624341      0.000000
  650.0      6.900199      0.000000      2.626836      0.000000
  655.0      6.912293      0.000000      2.629126      0.000000
  660.0      6.919854      0.000000      2.630557      0.000000
  665.0      6.922272      0.000000      2.631013      0.000000
  670.0      6.920443      0.000000      2.630664      0.000000
  675.0      6.915279      0.000000      2.629682      0.000000
  680.0      6.907691      0.000000      2.628240      0.000000
  685.0      6.898589      0.000000      2.626511      0.000000
  690.0      6.888883      0.000000      2.624667      0.000000
  695.0      6.879407      0.000000      2.622866      0.000000
  700.0      6.870405      0.000000      2.621154      0.000000
  705.0      6.861863      0.000000      2.619529      0.000000
  710.0      6.853763      0.000000      2.617987      0.000000
  715.0      6.846088      0.000000      2.616525      0.000000
  720.0      6.838821      0.000000      2.615140      0.000000
  725.0      6.831946      0.000000      2.613829      0.000000
  730.0      6.825446      0.000000      2.612588      0.000000
  735.0      6.819302      0.000000      2.611414      0.000000
  740.0      6.813499      0.000000      2.610305      0.000000
  745.0      6.808019      0.000000      2.609257      0.000000
  750.0      6.802845      0.000000      2.608266      0.000000
  755.0      6.797961      0.000000      2.607330      0.000000
  760.0      6.793349      0.000000      2.606445      0.000000
  765.0      6.788992      0.000000      2.605608      0.000000
  770.0      6.784874      0.000000      2.604816      0.000000
  775.0      6.780976      0.000000      2.604066      0.000000
  780.0      6.777284      0.000000      2.603355      0.000000
  785.0      6.773778      0.000000      2.602679      0.000000
  790.0      6.770443      0.000000      2.602035      0.000000
  795.0      6.767260      0.000000      2.601420      0.000000
  800.0      6.764215      0.000000      2.600831      0.000000
  805.0      6.761288      0.000000      2.600265      0.000000
  810.0      6.758464      0.000000      2.599718      0.000000
  815.0      6.755725      0.000000      2.599187      0.000000
  820.0      6.753054      0.000000      2.598669      0.000000
  825.0      6.750434      0.000000      2.598161      0.000000
  830.0      6.747850      0.000000      2.597660      0.000000
  835.0      6.745294      0.000000      2.597164      0.000000
  840.0      6.742767      0.000000      2.596674      0.000000
  845.0      6.740269      0.000000      2.596190      0.000000
  850.0      6.737798      0.000000      2.595711      0.000000
  855.0      6.735356      0.000000      2.595238      0.000000
  860.0      6.732942      0.000000      2.594770      0.000000
  865.0      6.730556      0.000000      2.594308      0.000000
  870.0      6.728198      0.000000      2.593851      0.000000
  875.0      6.725867      0.000000      2.593399      0.000000
  880.0      6.723564      0.000000      2.592953      0.000000
  885.0      6.721288      0.000000      2.592512      0.000000
  890.0      6.719040      0.000000      2.592076      0.000000
  895.0      6.716818      0.000000      2.591646      0.000000
  900.0      6.714624      0.000000      2.591221      0.000000
  905.0      6.712456      0.000000      2.590801      0.000000
  910.0      6.710315      0.000000      2.590386      0.000000
  915.0      6.708201      0.000000      2.589977      0.000000
  920.0      6.706113      0.000000      2.589573      0.000000
  925.0      6.704052      0.000000      2.589174      0.000000
  930.0      6.702016      0.000000      2.588779      0.000000
  935.0      6.700007      0.000000      2.588390      0.000000
  940.0      6.698023      0.000000      2.588007      0.000000
  945.0      6.696066      0.000000      2.587628      0.000000
  950.0      6.694134      0.000000      2.587254      0.000000
  955.0      6.692227      0.000000      2.586885      0.000000
  960.0      6.690346      0.000000      2.586521      0.000000
  965.0      6.688490      0.000000      2.586162      0.000000
  970.0      6.686659      0.000000      2.585807      0.000000
  975.0      6.684854      0.000000      2.585458      0.000000
  980.0      6.683073      0.000000      2.585114      0.000000
  985.0      6.681316      0.000000      2.584774      0.000000
  990.0      6.679585      0.000000      2.584439      0.000000
  995.0      6.677877      0.000000      2.584109      0.000000
 1000.0      6.676194      0.000000      2.583783      0.000000
 1005.0      6.674536      0.000000      2.583463      0.000000
 1010.0      6.672901      0.000000      2.583146      0.000000
 1015.0      6.671290      0.000000      2.582835      0.000000
 1020.0      6.669703      0.000000      2.582528      0.000000
 1025.0      6.668140      0.000000      2.582226      0.000000
 1030.0      6.666600      0.000000      2.581928      0.000000
 1035.0      6.665083      0.000000      2.581635      0.000000
 1040.0      6.663590      0.000000      2.581347      0.000000
 1045.0      6.662119      0.000000      2.581063      0.000000
 1050.0      6.660672      0.000000      2.580783      0.000000
 1055.0      6.659248      0.000000      2.580508      0.000000
 1060.0      6.657846      0.000000      2.580237      0.000000
 1065.0      6.656467      0.000000      2.579971      0.000000
 1070.0      6.655110      0.000000      2.579709      0.000000
 1075.0      6.653775      0.000000      2.579451      0.000000
 1080.0      6.652463      0.000000      2.579197      0.000000
 1085.0      6.651173      0.000000      2.578948      0.000000
 1090.0      6.649904      0.000000      2.578703      0.000000
 1095.0      6.648658      0.000000      2.578463      0.000000
 1100.0      6.647433      0.000000      2.578226      0.000000
 1105.0      6.646229      0.000000      2.577994      0.000000
 1110.0      6.645047      0.000000      2.577766      0.000000
 1115.0      6.643886      0.000000      2.577542      0.000000
 1120.0      6.642746      0.000000      2.577322      0.000000
 1125.0      6.641628      0.000000      2.577106      0.000000
 1130.0      6.640530      0.000000      2.576894      0.000000
 1135.0      6.639452      0.000000      2.576686      0.000000
 1140.0      6.638395      0.000000      2.576482      0.000000
 1145.0      6.637359      0.000000      2.576282      0.000000
 1150.0      6.636343      0.000000      2.576086      0.000000
 1155.0      6.635347      0.000000      2.575894      0.000000
 1160.0      6.634371      0.000000      2.575706      0.000000
 1165.0      6.633415      0.000000      2.575522      0.000000
 1170.0      6.632479      0.000000      2.575341      0.000000
 1175.0      6.631562      0.000000      2.575165      0.000000
 1180.0      6.630665      0.000000      2.574992      0.000000
 1185.0      6.629787      0.000000      2.574822      0.000000
 1190.0      6.628929      0.000000      2.574657      0.000000
 1195.0      6.628089      0.000000      2.574495      0.000000
 1200.0      6.627268      0.000000      2.574337      0.000000
 1205.0      6.626467      0.000000      2.574182      0.000000
 1210.0      6.625684      0.000000      2.574032      0.000000
 1215.0      6.624919      0.000000      2.573884      0.000000
 1220.0      6.624173      0.000000      2.573741      0.000000
 1225.0      6.623445      0.000000      2.573600      0.000000
 1230.0      6.622736      0.000000      2.573464      0.000000
 1235.0      6.622044      0.000000      2.573330      0.000000
 1240.0      6.621370      0.000000      2.573201      0.000000
 1245.0      6.620714      0.000000      2.573074      0.000000
 1250.0      6.620076      0.000002      2.572951      0.000000
 1255.0      6.619455      0.000008      2.572832      0.000001
 1260.0      6.618851      0.000013      2.572715      0.000003
 1265.0      6.618264      0.000019      2.572602      0.000004
 1270.0      6.617695      0.000025      2.572493      0.000005
 1275.0      6.617142      0.000032      2.572386      0.000006
 1280.0      6.616605      0.000038      2.572283      0.000007
 1285.0      6.616085      0.000045      2.572183      0.000009
 1290.0      6.615581      0.000052      2.572086      0.000010
 1295.0      6.615093      0.000059      2.571992      0.000011
 1300.0      6.614620      0.000067      2.571901      0.000013
 1305.0      6.614164      0.000074      2.571813      0.000014
 1310.0      6.613722      0.000082      2.571728      0.000016
 1315.0      6.613296      0.000090      2.571646      0.000017
 1320.0      6.612884      0.000098      2.571567      0.000019
 1325.0      6.612488      0.000107      2.571490      0.000021
 1330.0      6.612106      0.000115      2.571417      0.000022
 1335.0      6.611739      0.000124      2.571346      0.000024
 1340.0      6.611385      0.000133      2.571278      0.000026
 1345.0      6.611046      0.000142      2.571213      0.000028
 1350.0      6.610721      0.000152      2.571150      0.000029
 1355.0      6.610409      0.000161      2.571090      0.000031
 1360.0      6.610111      0.000171      2.571033      0.000033
 1365.0      6.609826      0.000181      2.570978      0.000035
 1370.0      6.609554      0.000191      2.570926      0.000037
 1375.0      6.609295      0.000201      2.570876      0.000039
 1380.0      6.609049      0.000212      2.570829      0.000041
 1385.0      6.608815      0.000222      2.570784      0.000043
 1390.0      6.608594      0.000233      2.570741      0.000045
 1395.0      6.608384      0.000244      2.570701      0.000047
 1400.0      6.608187      0.000255      2.570663      0.000049
 1405.0      6.608001      0.000266      2.570628      0.000052
 1410.0      6.607827      0.000278      2.570594      0.000054
 1415.0      6.607665      0.000289      2.570563      0.000056
 1420.0      6.607513      0.000301      2.570534      0.000058
 1425.0      6.607373      0.000313      2.570507      0.000061
 1430.0      6.607243      0.000325      2.570482      0.000063
 1435.0      6.607124      0.000337      2.570459      0.000065
 1440.0      6.607016      0.000350      2.570438      0.000068
 1445.0      6.606917      0.000362      2.570420      0.000070
 1450.0      6.606829      0.000375      2.570403      0.000073
 1455.0      6.606751      0.000387      2.570388      0.000075
 1460.0      6.606682      0.000400      2.570375      0.000078
 1465.0      6.606623      0.000413      2.570363      0.000080
 1470.0      6.606573      0.000426      2.570354      0.000083
 1475.0      6.606532      0.000439      2.570346      0.000085
 1480.0      6.606500      0.000453      2.570340      0.000088
 1485.0      6.606476      0.000466      2.570336      0.000090
 1490.0      6.606462      0.000480      2.570333      0.000093
 1495.0      6.606455      0.000494      2.570332      0.000096
 1500.0      6.606457      0.000507      2.570332      0.000098
 1505.0      6.606467      0.000521      2.570334      0.000101
 1510.0      6.606484      0.000535      2.570338      0.000104
 1515.0      6.606509      0.000550      2.570343      0.000106
 1520.0      6.606542      0.000564      2.570349      0.000109
 1525.0      6.606582      0.000578      2.570357      0.000112
 1530.0      6.606628      0.000593      2.570366      0.000115
 1535.0      6.606682      0.000607      2.570376      0.000118
 1540.0      6.606742      0.000622      2.570388      0.000121
 1545.0      6.606808      0.000637      2.570401      0.000123
 1550.0      6.606881      0.000651      2.570415      0.000126
 1555.0      6.606960      0.000666      2.570430      0.000129
 1560.0      6.607045      0.000681      2.570447      0.000132
 1565.0      6.607135      0.000696      2.570464      0.000135
 1570.0      6.607231      0.000712      2.570483      0.000138
 1575.0      6.607332      0.000727      2.570502      0.000141
 1580.0      6.607439      0.000742      2.570523      0.000144
 1585.0      6.607550      0.000757      2.570544      0.000147
 1590.0      6.607666      0.000773      2.570567      0.000150
 1595.0      6.607787      0.000788      2.570590      0.000153
 1600.0      6.607911      0.000804      2.570614      0.000156
 1605.0      6.608041      0.000820      2.570639      0.000159
 1610.0      6.608174      0.000835      2.570665      0.000162
 1615.0      6.608310      0.000851      2.570691      0.000165
 1620.0      6.608451      0.000867      2.570718      0.000168
 1625.0      6.608595      0.000883      2.570746      0.000171
 1630.0      6.608742      0.000899      2.570774      0.000174
 1635.0      6.608892      0.000915      2.570803      0.000177
 1640.0      6.609044      0.000931      2.570833      0.000180
 1645.0      6.609200      0.000947      2.570863      0.000184
 1650.0      6.609358      0.000963      2.570893      0.000187
 1655.0      6.609518      0.000979      2.570924      0.000190
 1660.0      6.609680      0.000995      2.570956      0.000193
 1665.0      6.609845      0.001011      2.570987      0.000196
 1670.0      6.610011      0.001028      2.571019      0.000199
 1675.0      6.610178      0.001044      2.571051      0.000202
 1680.0      6.610347      0.001060      2.571084      0.000206
 1685.0      6.610516      0.001077      2.571117      0.000209
 1690.0      6.610687      0.001093      2.571149      0.000212
 1695.0      6.610859      0.001109      2.571182      0.000215
 1700.0      6.611031      0.001126      2.571216      0.000218
 1705.0      6.611203      0.001142      2.571249      0.000222
 1710.0      6.611376      0.001158      2.571282      0.000225
 1715.0      6.611548      0.001175      2.571315      0.000228
 1720.0      6.611721      0.001191      2.571348      0.000231
 1725.0      6.611893      0.001208      2.571381      0.000234
 1730.0      6.612064      0.001224      2.571414      0.000237
 1735.0      6.612235      0.001240      2.571447      0.000241
 1740.0      6.612404      0.001257      2.571480      0.000244
 1745.0      6.612573      0.001273      2.571512      0.000247
 1750.0      6.612740      0.001290      2.571544      0.000250
 1755.0      6.612905      0.001306      2.571576      0.000253
 1760.0      6.613069      0.001322      2.571608      0.000257
 1765.0      6.613231      0.001339      2.571639      0.000260
 1770.0      6.613391      0.001355      2.571669      0.000263
 1775.0      6.613549      0.001372      2.571700      0.000266
 1780.0      6.613704      0.001388      2.571729      0.000269
 1785.0      6.613856      0.001404      2.571759      0.000272
 1790.0      6.614006      0.001420      2.571787      0.000276
 1795.0      6.614152      0.001437      2.571815      0.000279
 1800.0      6.614295      0.001453      2.571843      0.000282
 1805.0      6.614435      0.001469      2.571870      0.000285
 1810.0      6.614571      0.001485      2.571896      0.000288
 1815.0      6.614704      0.001501      2.571921      0.000291
 1820.0      6.614832      0.001517      2.571945      0.000295
 1825.0      6.614956      0.001533      2.571969      0.000298
 1830.0      6.615076      0.001549      2.571992      0.000301
 1835.0      6.615191      0.001565      2.572014      0.000304
 1840.0      6.615302      0.001581      2.572035      0.000307
 1845.0      6.615407      0.001597      2.572055      0.000310
 1850.0      6.615508      0.001613      2.572074      0.000313
 1855.0      6.615603      0.001628      2.572092      0.000316
 1860.0      6.615692      0.001644      2.572109      0.000319
 1865.0      6.615776      0.001659      2.572125      0.000322
 1870.0      6.615854      0.001675      2.572140      0.000325
 1875.0      6.615925      0.001690      2.572153      0.000328
 1880.0      6.615991      0.001706      2.572166      0.000331
 1885.0      6.616050      0.001721      2.572177      0.000334
 1890.0      6.616102      0.001736      2.572187      0.000337
 1895.0      6.616148      0.001751      2.572195      0.000340
 1900.0      6.616186      0.001766      2.572202      0.000343
 1905.0      6.616218      0.001781      2.572208      0.000346
 1910.0      6.616241      0.001796      2.572212      0.000349
 1915.0      6.616258      0.001811      2.572215      0.000352
 1920.0      6.616266      0.001826      2.572216      0.000355
 1925.0      6.616266      0.001840      2.572216      0.000358
 1930.0      6.616259      0.001855      2.572214      0.000360
 1935.0      6.616242      0.001869      2.572210      0.000363
 1940.0      6.616218      0.001884      2.572205      0.000366
 1945.0      6.616184      0.001898      2.572198      0.000369
 1950.0      6.616142      0.001912      2.572190      0.000372
 1955.0      6.616090      0.001926      2.572179      0.000374
 1960.0      6.616029      0.001940      2.572167      0.000377
 1965.0      6.615959      0.001954      2.572153      0.000380
 1970.0      6.615879      0.001967      2.572137      0.000382
 1975.0      6.615789      0.001981      2.572119      0.000385
 1980.0      6.615689      0.001994      2.572099      0.000388
 1985.0      6.615579      0.002008      2.572078      0.000390
 1990.0      6.615458      0.002021      2.572054      0.000393
 1995.0      6.615326      0.002034      2.572028      0.000395
 2000.0      6.615184      0.002047      2.572000      0.000398
 2005.0      6.615031      0.002060      2.571970      0.000401
 2010.0      6.614867      0.002073      2.571938      0.000403
 2015.0      6.614692      0.002085      2.571903      0.000405
 2020.0      6.614506      0.002097      2.571867      0.000408
 2025.0      6.614310      0.002110      2.571829      0.000410
 2030.0      6.614103      0.002122      2.571788      0.000413
 2035.0      6.613886      0.002134      2.571746      0.000415
 2040.0      6.613658      0.002146      2.571701      0.000417
 2045.0      6.613421      0.002158      2.571655      0.000420
 2050.0      6.613173      0.002169      2.571606      0.000422
 2055.0      6.612916      0.002181      2.571556      0.000424
 2060.0      6.612649      0.002192      2.571504      0.000427
 2065.0      6.612372      0.002203      2.571450      0.000429
 2070.0      6.612085      0.002214      2.571394      0.000431
 2075.0      6.611789      0.002225      2.571336      0.000433
 2080.0      6.611484      0.002236      2.571277      0.000435
 2085.0      6.611169      0.002247      2.571215      0.000437
 2090.0      6.610846      0.002258      2.571152      0.000439
 2095.0      6.610513      0.002268      2.571087      0.000441
 2100.0      6.610171      0.002278      2.571021      0.000443
 2105.0      6.609821      0.002288      2.570952      0.000445
 2110.0      6.609461      0.002298      2.570882      0.000447
 2115.0      6.609094      0.002308      2.570811      0.000449
 2120.0      6.608718      0.002318      2.570737      0.000451
 2125.0      6.608333      0.002328      2.570662      0.000453
 2130.0      6.607940      0.002337      2.570586      0.000455
 2135.0      6.607539      0.002347      2.570508      0.000457
 2140.0      6.607130      0.002356      2.570428      0.000459
 2145.0      6.606713      0.002365      2.570347      0.000461
 2150.0      6.606289      0.002374      2.570264      0.000462
 2155.0      6.605856      0.002383      2.570180      0.000464
 2160.0      6.605417      0.002391      2.570094      0.000466
 2165.0      6.604969      0.002400      2.570007      0.000468
 2170.0      6.604515      0.002408      2.569919      0.000469
 2175.0      6.604053      0.002416      2.569829      0.000471
 2180.0      6.603583      0.002425      2.569737      0.000472
 2185.0      6.603107      0.002433      2.569645      0.000474
 2190.0      6.602624      0.002440      2.569550      0.000476
 2195.0      6.602135      0.002448      2.569455      0.000477
 2200.0      6.601638      0.002456      2.569358      0.000479
 2205.0      6.601135      0.002463      2.569261      0.000480
 2210.0      6.600626      0.002470      2.569161      0.000481
 2215.0      6.600110      0.002478      2.569061      0.000483
 2220.0      6.599588      0.002485      2.568959      0.000484
 2225.0      6.599059      0.002491      2.568856      0.000486
 2230.0      6.598525      0.002498      2.568752      0.000487
 2235.0      6.597985      0.002505      2.568647      0.000488
 2240.0      6.597439      0.002511      2.568541      0.000490
 2245.0      6.596888      0.002518      2.568434      0.000491
 2250.0      6.596331      0.002524      2.568325      0.000492
 2255.0      6.595768      0.002530      2.568216      0.000493
 2260.0      6.595200      0.002536      2.568105      0.000494
 2265.0      6.594627      0.002541      2.567994      0.000496
 2270.0      6.594049      0.002547      2.567881      0.000497
 2275.0      6.593465      0.002552      2.567768      0.000498
 2280.0      6.592877      0.002558      2.567653      0.000499
 2285.0      6.592284      0.002563      2.567538      0.000500
 2290.0      6.591686      0.002568      2.567421      0.000501
 2295.0      6.591084      0.002573      2.567304      0.000502
 2300.0      6.590478      0.002578      2.567186      0.000503
 2305.0      6.589867      0.002582      2.567067      0.000504
 2310.0      6.589251      0.002587      2.566947      0.000505
 2315.0      6.588632      0.002591      2.566827      0.000505
 2320.0      6.588009      0.002595      2.566706      0.000506
 2325.0      6.587382      0.002599      2.566583      0.000507
 2330.0      6.586751      0.002603      2.566461      0.000508
 2335.0      6.586116      0.002607      2.566337      0.000509
 2340.0      6.585478      0.002611      2.566213      0.000509
 2345.0      6.584836      0.002614      2.566088      0.000510
 2350.0      6.584191      0.002617      2.565962      0.000511
 2355.0      6.583543      0.002621      2.565836      0.000511
 2360.0      6.582891      0.002624      2.565709      0.000512
 2365.0      6.582237      0.002626      2.565582      0.000513
 2370.0      6.581580      0.002629      2.565454      0.000513
 2375.0      6.580920      0.002632      2.565326      0.000514
 2380.0      6.580257      0.002634      2.565197      0.000514
 2385.0      6.579592      0.002637      2.565067      0.000515
 2390.0      6.578924      0.002639      2.564937      0.000515
 2395.0      6.578254      0.002641      2.564807      0.000515
 2400.0      6.577582      0.002643      2.564676      0.000516
 2405.0      6.576908      0.002644      2.564545      0.000516
 2410.0      6.576231      0.002646      2.564413      0.000516
 2415.0      6.575553      0.002647      2.564281      0.000517
 2420.0      6.574873      0.002649      2.564148      0.000517
 2425.0      6.574192      0.002650      2.564016      0.000517
 2430.0      6.573509      0.002651      2.563883      0.000517
 2435.0      6.572824      0.002652      2.563749      0.000518
 2440.0      6.572138      0.002652      2.563616      0.000518
 2445.0      6.571451      0.002653      2.563482      0.000518
 2450.0      6.570763      0.002653      2.563348      0.000518
 2455.0      6.570073      0.002653      2.563214      0.000518
 2460.0      6.569383      0.002654      2.563079      0.000518
 2465.0      6.568692      0.002654      2.562945      0.000518
 2470.0      6.568001      0.002653      2.562810      0.000518
 2475.0      6.567309      0.002653      2.562675      0.000518
 2480.0      6.566616      0.002652      2.562540      0.000518
 2485.0      6.565923      0.002652      2.562405      0.000518
 2490.0      6.565230      0.002651      2.562270      0.000517
 2495.0      6.564537      0.002650      2.562135      0.000517
 2500.0      6.563844      0.002649      2.562000      0.000517
 2505.0      6.563151      0.002648      2.561865      0.000517
 2510.0      6.562458      0.002646      2.561730      0.000516
 2515.0      6.561765      0.002645      2.561595      0.000516
 2520.0      6.561073      0.002643      2.561460      0.000516
 2525.0      6.560380      0.002641      2.561325      0.000515
 2530.0      6.559687      0.002639      2.561190      0.000515
 2535.0      6.558995      0.002637      2.561055      0.000515
 2540.0      6.558303      0.002635      2.560920      0.000514
 2545.0      6.557610      0.002633      2.560785      0.000514
 2550.0      6.556918      0.002630      2.560650      0.000513
 2555.0      6.556226      0.002627      2.560515      0.000513
 2560.0      6.555534      0.002625      2.560380      0.000512
 2565.0      6.554842      0.002622      2.560245      0.000511
 2570.0      6.554150      0.002619      2.560110      0.000511
 2575.0      6.553458      0.002615      2.559975      0.000510
 2580.0      6.552766      0.002612      2.559840      0.000510
 2585.0      6.552074      0.002609      2.559705      0.000509
 2590.0      6.551382      0.002605      2.559570      0.000508
 2595.0      6.550690      0.002602      2.559435      0.000507
 2600.0      6.549998      0.002598      2.559300      0.000507
 2605.0      6.549306      0.002594      2.559165      0.000506
 2610.0      6.548614      0.002590      2.559030      0.000505
 2615.0      6.547922      0.002586      2.558895      0.000504
 2620.0      6.547230      0.002581      2.558760      0.000503
 2625.0      6.546538      0.002577      2.558625      0.000502
 2630.0      6.545845      0.002573      2.558490      0.000502
 2635.0      6.545153      0.002568      2.558355      0.000501
 2640.0      6.544461      0.002563      2.558220      0.000500
 2645.0      6.543769      0.002559      2.558085      0.000499
 2650.0      6.543076      0.002554      2.557950      0.000498
 2655.0      6.542384      0.002549      2.557815      0.000497
 2660.0      6.541691      0.002544      2.557679      0.000496
 2665.0      6.540998      0.002539      2.557544      0.000495
 2670.0      6.540306      0.002533      2.557409      0.000494
 2675.0      6.539613      0.002528      2.557274      0.000492
 2680.0      6.538920      0.002523      2.557138      0.000491
 2685.0      6.538226      0.002517      2.557003      0.000490
 2690.0      6.537533      0.002511      2.556868      0.000489
 2695.0      6.536840      0.002506      2.556732      0.000488
 2700.0      6.536146      0.002500      2.556597      0.000487
 2705.0      6.535452      0.002494      2.556461      0.000486
 2710.0      6.534759      0.002488      2.556326      0.000484
 2715.0      6.534064      0.002482      2.556190      0.000483
 2720.0      6.533370      0.002476      2.556054      0.000482
 2725.0      6.532676      0.002470      2.555919      0.000481
 2730.0      6.531981      0.002464      2.555783      0.000479
 2735.0      6.531286      0.002457      2.555647      0.000478
 2740.0      6.530591      0.002451      2.555511      0.000477
 2745.0      6.529896      0.002444      2.555376      0.000476
 2750.0      6.529201      0.002438      2.555240      0.000474
 2755.0      6.528505      0.002431      2.555104      0.000473
 2760.0      6.527809      0.002425      2.554968      0.000472
 2765.0      6.527113      0.002418      2.554832      0.000470
 2770.0      6.526417      0.002411      2.554695      0.000469
 2775.0      6.525720      0.002404      2.554559      0.000467
 2780.0      6.525023      0.002397      2.554423      0.000466
 2785.0      6.524326      0.002391      2.554287      0.000465
 2790.0      6.523629      0.002384      2.554150      0.000463
 2795.0      6.522931      0.002376      2.554014      0.000462
 2800.0      6.522233      0.002369      2.553877      0.000460
 2805.0      6.521535      0.002362      2.553741      0.000459
 2810.0      6.520836      0.002355      2.553604      0.000457
 2815.0      6.520137      0.002348      2.553468      0.000456
 2820.0      6.519438      0.002341      2.553331      0.000455
 2825.0      6.518739      0.002333      2.553194      0.000453
 2830.0      6.518039      0.002326      2.553057      0.000452
 2835.0      6.517339      0.002318      2.552920      0.000450
 2840.0      6.516638      0.002311      2.552783      0.000449
 2845.0      6.515938      0.002304      2.552646      0.000447
 2850.0      6.515236      0.002296      2.552509      0.000446
 2855.0      6.514535      0.002288      2.552371      0.000444
 2860.0      6.513833      0.002281      2.552234      0.000443
 2865.0      6.513131      0.002273      2.552096      0.000441
 2870.0      6.512428      0.002266      2.551959      0.000439
 2875.0      6.511725      0.002258      2.551821      0.000438
 2880.0      6.511021      0.002250      2.551684      0.000436
 2885.0      6.510317      0.002243      2.551546      0.000435
 2890.0      6.509613      0.002235      2.551408      0.000433
 2895.0      6.508908      0.002227      2.551270      0.000432
 2900.0      6.508203      0.002220      2.551132      0.000430
 2905.0      6.507498      0.002212      2.550994      0.000429
 2910.0      6.506792      0.002204      2.550855      0.000427
 2915.0      6.506085      0.002196      2.550717      0.000425
 2920.0      6.505378      0.002188      2.550578      0.000424
 2925.0      6.504671      0.002181      2.550440      0.000422
 2930.0      6.503963      0.002173      2.550301      0.000421
 2935.0      6.503255      0.002165      2.550162      0.000419
 2940.0      6.502546      0.002157      2.550024      0.000418
 2945.0      6.501837      0.002149      2.549885      0.000416
 2950.0      6.501127      0.002142      2.549745      0.000414
 2955.0      6.500417      0.002134      2.549606      0.000413
 2960.0      6.499706      0.002126      2.549467      0.000411
 2965.0      6.498995      0.002118      2.549328      0.000410
 2970.0      6.498283      0.002111      2.549188      0.000408
 2975.0      6.497571      0.002103      2.549048      0.000407
 2980.0      6.496858      0.002095      2.548909      0.000405
 2985.0      6.496145      0.002087      2.548769      0.000403
 2990.0      6.495431      0.002080      2.548629      0.000402
 2995.0      6.494716      0.002072      2.548489      0.000400
 3000.0      6.494001      0.002064      2.548348      0.000399
 3050.0      6.486818      0.001989      2.546939      0.000384
 3100.0      6.479571      0.001917      2.545516      0.000369
 3150.0      6.472252      0.001850      2.544079      0.000356
 3200.0      6.464856      0.001791      2.542624      0.000344
 3250.0      6.457376      0.001741      2.541152      0.000334
 3300.0      6.449803      0.001701      2.539661      0.000326
 3350.0      6.442132      0.001673      2.538150      0.000321
 3400.0      6.434355      0.001660      2.536616      0.000318
 3450.0      6.426465      0.001662      2.535060      0.000319
 3500.0      6.418456      0.001681      2.533478      0.000323
 3550.0      6.410320      0.001719      2.531871      0.000331
 3600.0      6.402051      0.001779      2.530236      0.000344
 3650.0      6.393641      0.001860      2.528572      0.000361
 3700.0      6.385084      0.001966      2.526878      0.000383
 3750.0      6.376372      0.002098      2.525152      0.000410
 3800.0      6.367499      0.002257      2.523393      0.000443
 3850.0      6.358458      0.002446      2.521600      0.000481
 3900.0      6.349242      0.002666      2.519771      0.000526
 3950.0      6.339844      0.002918      2.517905      0.000578
 4000.0      6.330256      0.003205      2.516000      0.000637
 4050.0      6.320472      0.003526      2.514055      0.000703
 4100.0      6.310484      0.003874      2.512068      0.000774
 4150.0      6.300282      0.004240      2.510038      0.000849
 4200.0      6.289860      0.004615      2.507962      0.000926
 4250.0      6.279207      0.004989      2.505838      0.001002
 4300.0      6.268316      0.005353      2.503665      0.001077
 4350.0      6.257179      0.005699      2.501441      0.001148
 4400.0      6.245786      0.006017      2.499163      0.001213
 4450.0      6.234129      0.006297      2.496831      0.001271
 4500.0      6.222200      0.006532      2.494441      0.001319
 4550.0      6.209991      0.006711      2.491993      0.001356
 4600.0      6.197493      0.006825      2.489484      0.001380
 4650.0      6.184697      0.006866      2.486912      0.001389
 4700.0      6.171595      0.006824      2.484276      0.001381
 4750.0      6.158179      0.006689      2.481574      0.001354
 4800.0      6.144441      0.006454      2.478803      0.001307
 4850.0      6.130370      0.006108      2.475962      0.001237
 4900.0      6.115961      0.005643      2.473049      0.001143
 4950.0      6.101203      0.005049      2.470063      0.001023
 5000.0      6.086088      0.004317      2.467000      0.000875
 5050.0      6.070623      0.003453      2.463863      0.000700
 5100.0      6.054872      0.002523      2.460664      0.000511
 5150.0      6.038914      0.001605      2.457419      0.000325
 5200.0      6.022828      0.000781      2.454144      0.000158
 5250.0      6.006693      0.000131      2.450855      0.000027
 5300.0      5.990576      0.000000      2.447566      0.000000
 5350.0      5.974420      0.000000      2.444264      0.000000
 5400.0      5.958108      0.000000      2.440926      0.000000
 5450.0      5.941520      0.000000      2.437525      0.000000
 5500.0      5.924537      0.000000      2.434038      0.000000
 5550.0      5.907040      0.000000      2.430440      0.000000
 5600.0      5.888934      0.000000      2.426712      0.000000
 5650.0      5.870269      0.000000      2.422862      0.000000
 5700.0      5.851143      0.000000      2.418911      0.000000
 5750.0      5.831656      0.000000      2.414879      0.000000
 5800.0      5.811907      0.000000      2.410788      0.000000
 5850.0      5.791997      0.000000      2.406656      0.000000
 5900.0      5.772024      0.000000      2.402504      0.000000
 5950.0      5.752012      0.000000      2.398337      0.000000
 6000.0      5.731882      0.000000      2.394138      0.000000
 6050.0      5.711546      0.000000      2.389888      0.000000
 6100.0      5.690916      0.000000      2.385567      0.000000
 6150.0      5.669905      0.000000      2.381159      0.000000
 6200.0      5.648423      0.000000      2.376642      0.000000
 6250.0      5.626384      0.000000      2.372000      0.000000
 6300.0      5.603717      0.000000      2.367216      0.000000
 6350.0      5.580426      0.000000      2.362291      0.000000
 6400.0      5.556531      0.000000      2.357228      0.000000
 6450.0      5.532053      0.000000      2.352030      0.000000
 6500.0      5.507014      0.000000      2.346702      0.000000
 6550.0      5.481434      0.000000      2.341246      0.000000
 6600.0      5.455335      0.000000      2.335666      0.000000
 6650.0      5.428737      0.000000      2.329965      0.000000
 6700.0      5.401660      0.000000      2.324147      0.000000
 6750.0      5.374104      0.000000      2.318211      0.000000
 6800.0      5.346055      0.000000      2.312152      0.000000
 6850.0      5.317500      0.000000      2.305968      0.000000
 6900.0      5.288425      0.000000      2.299654      0.000000
 6950.0      5.258818      0.000000      2.293207      0.000000
 7000.0      5.228664      0.000000      2.286622      0.000000
 7050.0      5.197951      0.000000      2.279897      0.000000
 7100.0      5.166664      0.000000      2.273027      0.000000
 7150.0      5.134791      0.000000      2.266008      0.000000
 7200.0      5.102313      0.000000      2.258836      0.000000
 7250.0      5.069200      0.000000      2.251501      0.000000
 7300.0      5.035418      0.000000      2.243993      0.000000
 7350.0      5.000936      0.000000      2.236302      0.000000
 7400.0      4.965719      0.000000      2.228418      0.000000
 7450.0      4.929736      0.000000      2.220330      0.000000
 7500.0      4.892953      0.000000      2.212031      0.000000
 7550.0      4.855338      0.000000      2.203508      0.000000
 7600.0      4.816858      0.000000      2.194752      0.000000
 7650.0      4.777480      0.000000      2.185754      0.000000
 7700.0      4.737171      0.000000      2.176502      0.000000
 7750.0      4.695902      0.000000      2.166989      0.000000
 7800.0      4.653652      0.000000      2.157205      0.000000
 7850.0      4.610401      0.000000      2.147143      0.000000
 7900.0      4.566130      0.000000      2.136794      0.000000
 7950.0      4.520819      0.000000      2.126150      0.000000
 8000.0      4.474449      0.000000      2.115204      0.000000
 8050.0      4.427000      0.000000      2.103948      0.000000
 8100.0      4.378452      0.000000      2.092373      0.000000
 8150.0      4.328786      0.000000      2.080472      0.000000
 8200.0      4.277982      0.000000      2.068236      0.000000
 8250.0      4.226020      0.000000      2.055658      0.000000
 8300.0      4.172882      0.000000      2.042729      0.000000
 8350.0      4.118546      0.000000      2.029441      0.000000
 8400.0      4.062971      0.000000      2.015776      0.000000
 8450.0      4.006081      0.000000      2.001696      0.000000
 8500.0      3.947798      0.000000      1.987164      0.000000
 8550.0      3.888042      0.000000      1.972142      0.000000
 8600.0      3.826734      0.000000      1.956593      0.000000
 8650.0      3.763797      0.000000      1.940479      0.000000
 8700.0      3.699152      0.000000      1.923763      0.000000
 8750.0      3.632719      0.000000      1.906406      0.000000
 8800.0      3.564421      0.000000      1.888371      0.000000
 8850.0      3.494178      0.000000      1.869620      0.000000
 8900.0      3.421912      0.000000      1.850115      0.000000
 8950.0      3.347544      0.000000      1.829820      0.000000
 9000.0      3.270995      0.000000      1.808696      0.000000
 9050.0      3.192187      0.000000      1.786705      0.000000
 9100.0      3.111042      0.000000      1.763810      0.000000
 9150.0      3.027449      0.000000      1.739950      0.000000
 9200.0      2.941230      0.000000      1.715004      0.000000
 9250.0      2.852196      0.000000      1.688847      0.000000
 9300.0      2.760186      0.000000      1.661363      0.000000
 9350.0      2.665252      0.000000      1.632519      0.000000
 9400.0      2.567531      0.000000      1.602315      0.000000
 9450.0      2.467159      0.000000      1.570749      0.000000
 9500.0      2.363915      0.000000      1.537639      0.000000
 9550.0      2.257017      0.000000      1.502510      0.000000
 9600.0      2.145627      0.000000      1.464861      0.000000
 9650.0      2.029013      0.004313      1.424238      0.001523
 9700.0      1.907501      0.013319      1.380674      0.004808
 9750.0      1.782043      0.024368      1.334487      0.009083
 9800.0      1.653600      0.036008      1.286000      0.014000
 9850.0      1.522729      0.046976      1.235153      0.019224
 9900.0      1.388380      0.056759      1.180353      0.024475
 9950.0      1.249103      0.065032      1.119627      0.029489
10000.0      1.103445      0.071468      1.051000      0.034000
10050.0      0.949873      0.076042      0.973229      0.038311
10100.0      0.786519      0.079920      0.888000      0.045000
10150.0      0.612986      0.084243      0.792501      0.055825
10200.0      0.435080      0.088842      0.663000      0.067000
10250.0      0.258106      0.093330      0.485403      0.083936
10300.0      0.079144      0.097751      0.305088      0.154364
10350.0     -0.106828      0.102298      0.175829      0.324067
10400.0     -0.305216      0.107478      0.103590      0.546225
10450.0     -0.521167      0.113885      0.072798      0.736869
10500.0     -0.753447      0.121331      0.066246      0.877102
10550.0     -0.996046      0.129043      0.065775      0.997890
10600.0     -1.248108      0.136831      0.062334      1.116893
10650.0     -1.515620      0.145278      0.058737      1.232818
10700.0     -1.801254      0.154750      0.057209      1.343876
10750.0     -2.099262      0.165010      0.056900      1.450000
10800.0     -2.404861      0.175839      0.056783      1.551679
10850.0     -2.721695      0.187417      0.056808      1.650681
10900.0     -3.055574      0.200033      0.057156      1.749073
10950.0     -3.413225      0.214057      0.057882      1.848587
11000.0     -3.802046      0.229922      0.058934      1.950695
11050.0     -4.222639      0.247731      0.060257      2.055417
11100.0     -4.660398      0.266843      0.061778      2.159560
11150.0     -5.103393      0.286756      0.063447      2.260452
11200.0     -5.574644      0.308762      0.065367      2.362481
11250.0     -6.112743      0.334950      0.067711      2.473183
11300.0     -6.735915      0.366511      0.070576      2.595852
11350.0     -7.416788      0.402626      0.073891      2.724282
11400.0     -8.125737      0.442349      0.077568      2.851835
11450.0     -8.862091      0.485785      0.081571      2.978162
11500.0     -9.638196      0.533522      0.085889      3.105736
11550.0    -10.474210      0.587027      0.090619      3.237736
11600.0    -11.407594      0.649731      0.096098      3.378878
11650.0    -12.477850      0.725343      0.102694      3.534017
11700.0    -13.712823      0.818093      0.110634      3.705271
11750.0    -15.125218      0.932882      0.119964      3.891201
11800.0    -16.721406      1.073449      0.130705      4.089889
11850.0    -18.468444      1.234596      0.142765      4.297648
11900.0    -20.315764      1.407120      0.156000      4.510000
11950.0    -22.278411      1.595332      0.170775      4.727654
12000.0    -24.634208      1.857669      0.189476      4.972094
12050.0    -27.726675      2.266100      0.215000      5.270000
12100.0    -31.635651      2.820841      0.248161      5.627027
12150.0    -35.536771      3.292365      0.282866      5.975095
12200.0    -40.594176      4.236320      0.332000      6.380000
12250.0    -48.325093      6.026976      0.410984      6.948297
12300.0    -55.475450      6.279583      0.488858      7.506841
12350.0    -67.984579     10.569060      0.639000      8.270000
12400.0    -91.239497     21.749440      0.940424      9.502772
12450.0   -102.095581     12.320917      1.204629     10.434929
12500.0   -158.911600     56.832000      2.220000     12.800000
12550.0   -291.102100    237.590677      5.425457     17.830701
12600.0   -148.856511    331.867871     11.516535     16.430377
12650.0    230.198412    240.332450     17.284424      7.583629
12700.0    278.823701    113.809030     16.141098      2.600133
12750.0    136.760569     34.698335     12.064062      1.645050
12800.0    104.509949     17.893697     10.561846      1.057655
12850.0     99.151634     15.776656      9.806646      0.680283
12900.0     79.106139      9.462420      8.910000      0.531000
12950.0     68.112887      6.525215      8.327578      0.431465
13000.0     62.742932      5.634006      7.917808      0.349178
13050.0     56.341294      4.404015      7.500796      0.287359
13100.0     51.079035      3.431548      7.159106      0.244012
13150.0     47.617481      2.931374      6.905947      0.213335
13200.0     44.654143      2.545676      6.679609      0.187844
13250.0     41.842722      2.175454      6.464651      0.165333
13300.0     39.289700      1.844742      6.267311      0.145995
13350.0     37.101520      1.577688      6.093798      0.130024
13400.0     35.299991      1.380267      5.945316      0.117237
13450.0     33.796984      1.234842      5.816558      0.106972
13500.0     32.497021      1.122204      5.701782      0.098531
13550.0     31.312823      1.024745      5.595737      0.091262
13600.0     30.217722      0.936728      5.496777      0.084855
13650.0     29.212214      0.857731      5.404872      0.079153
13700.0     28.296924      0.787360      5.320000      0.074000
13750.0     27.469679      0.725114      5.241935      0.069263
13800.0     26.717117      0.670063      5.169630      0.064908
13850.0     26.023083      0.621173      5.101833      0.060925
13900.0     25.371446      0.577408      5.037295      0.057304
13950.0     24.752267      0.537974      4.975304      0.054033
14000.0     24.169409      0.502610      4.916355      0.051088
14050.0     23.628604      0.471126      4.861103      0.048448
14100.0     23.135431      0.443329      4.810190      0.046088
14150.0     22.689489      0.418846      4.763648      0.043978
14200.0     22.282616      0.397069      4.720723      0.042070
14250.0     21.906128      0.377374      4.680610      0.040319
14300.0     21.551352      0.359141      4.642501      0.038679
14350.0     21.211943      0.341913      4.605808      0.037116
14400.0     20.886748      0.325609      4.570431      0.035624
14450.0     20.575318      0.310198      4.536332      0.034202
14500.0     20.277200      0.295649      4.503476      0.032847
14550.0     19.991946      0.281931      4.471827      0.031558
14600.0     19.719104      0.269011      4.441348      0.030333
14650.0     19.458224      0.256859      4.412003      0.029169
14700.0     19.208856      0.245445      4.383757      0.028066
14750.0     18.970549      0.234736      4.356573      0.027020
14800.0     18.742852      0.224701      4.330414      0.026030
14850.0     18.525316      0.215309      4.305246      0.025095
14900.0     18.317490      0.206530      4.281032      0.024211
14950.0     18.118923      0.198331      4.257735      0.023377
