#Lambda        Dielectric Constant          Refractive Index
# [nm]        [Real]        [Imag]        [Real]        [Imag]
   50.0      0.667276      0.478846      0.862699      0.277530
   55.0      0.563530      0.627619      0.838758      0.374137
   60.0      0.541151      0.800961      0.868269      0.461249
   65.0      0.553171      0.973600      0.914592      0.532264
   70.0      0.600392      1.144312      0.972788      0.588151
   75.0      0.673486      1.304233      1.034732      0.630227
   80.0      0.774480      1.441894      1.098000      0.656600
   85.0      0.898850      1.551782      1.160204      0.668756
   90.0      1.025224      1.623073      1.213456      0.668786
   95.0      1.141276      1.661002      1.256297      0.661068
  100.0      1.235458      1.678831      1.288368      0.651525
  105.0      1.309351      1.673531      1.310416      0.638545
  110.0      1.319375      1.671404      1.313184      0.636385
  115.0      1.328188      1.761055      1.329250      0.662446
  120.0      1.381953      1.829460      1.355496      0.674809
  125.0      1.443467      1.898297      1.383516      0.686051
  130.0      1.508610      1.949604      1.409563      0.691566
  135.0      1.567472      1.995720      1.432687      0.696495
  140.0      1.620925      2.047645      1.454730      0.703786
  145.0      1.674527      2.108515      1.477681      0.713453
  150.0      1.734136      2.174824      1.502618      0.723681
  155.0      1.803171      2.243898      1.530000      0.733300
  160.0      1.883315      2.313031      1.559812      0.741430
  165.0      1.973500      2.377314      1.591102      0.747064
  170.0      2.071778      2.432173      1.622764      0.749407
  175.0      2.175271      2.477258      1.654088      0.748835
  180.0      2.280918      2.513488      1.684502      0.746061
  185.0      2.387162      2.541851      1.713807      0.741582
  190.0      2.493670      2.563391      1.742111      0.735714
  195.0      2.600105      2.578996      1.769500      0.728735
  200.0      2.705892      2.588594      1.795900      0.720695
  205.0      2.810365      2.591749      1.821173      0.711560
  210.0      2.912936      2.588193      1.845214      0.701327
  215.0      3.013878      2.579498      1.868276      0.690342
  220.0      3.113755      2.567821      1.890726      0.679055
  225.0      3.211725      2.552095      1.912323      0.667276
  230.0      3.306834      2.530682      1.932741      0.654688
  235.0      3.400120      2.504895      1.952349      0.641508
  240.0      3.492970      2.476604      1.971644      0.628055
  245.0      3.584423      2.444430      1.990344      0.614072
  250.0      3.672374      2.405443      2.007793      0.599027
  255.0      3.756119      2.359823      2.023869      0.582999
  260.0      3.836771      2.311748      2.039133      0.566846
  265.0      3.914472      2.262944      2.053765      0.550926
  270.0      3.987707      2.210989      2.067287      0.534756
  275.0      4.055417      2.154211      2.079368      0.517996
  280.0      4.118331      2.094197      2.090283      0.500936
  285.0      4.177460      2.033032      2.100397      0.483964
  290.0      4.233242      1.971436      2.109859      0.467197
  295.0      4.285720      1.909183      2.118662      0.450564
  300.0      4.334918      1.846006      2.126796      0.433985
  305.0      4.380820      1.781534      2.134247      0.417365
  310.0      4.423401      1.715369      2.141000      0.400600
  315.0      4.462478      1.647301      2.147012      0.383634
  320.0      4.497243      1.577880      2.152126      0.366596
  325.0      4.526733      1.507843      2.156154      0.349663
  330.0      4.550140      1.437912      2.158943      0.333004
  335.0      4.568077      1.368643      2.160646      0.316704
  340.0      4.581905      1.300505      2.161574      0.300812
  345.0      4.592990      1.233968      2.162042      0.285373
  350.0      4.602220      1.169325      2.162250      0.270408
  355.0      4.609130      1.106372      2.162078      0.255874
  360.0      4.613019      1.044821      2.161349      0.241716
  365.0      4.613189      0.984384      2.159889      0.227878
  370.0      4.609170      0.924936      2.157576      0.214336
  375.0      4.601272      0.866902      2.154479      0.201172
  380.0      4.589963      0.810819      2.150704      0.188491
  385.0      4.575713      0.757227      2.146356      0.176396
  390.0      4.558992      0.706650      2.141541      0.164987
  395.0      4.540282      0.659317      2.136365      0.154307
  400.0      4.520076      0.615156      2.130931      0.144336
  405.0      4.498870      0.574083      2.125342      0.135053
  410.0      4.477158      0.536015      2.119701      0.126434
  415.0      4.455431      0.500866      2.114111      0.118459
  420.0      4.433995      0.468491      2.108634      0.111093
  425.0      4.412872      0.438647      2.103270      0.104284
  430.0      4.392063      0.411085      2.098012      0.097976
  435.0      4.371566      0.385555      2.092856      0.092117
  440.0      4.351381      0.361808      2.087795      0.086650
  445.0      4.331507      0.339598      2.082823      0.081523
  450.0      4.311940      0.318761      2.077938      0.076700
  455.0      4.292677      0.299233      2.073135      0.072168
  460.0      4.273711      0.280954      2.068412      0.067914
  465.0      4.255037      0.263866      2.063765      0.063928
  470.0      4.236649      0.247909      2.059193      0.060195
  475.0      4.218543      0.233024      2.054692      0.056705
  480.0      4.200715      0.219153      2.050260      0.053445
  485.0      4.183195      0.206235      2.045904      0.050402
  490.0      4.166040      0.194210      2.041638      0.047563
  495.0      4.149305      0.183019      2.037474      0.044914
  500.0      4.133046      0.172602      2.033427      0.042442
  505.0      4.117319      0.162899      2.029510      0.040133
  510.0      4.102181      0.153849      2.025737      0.037973
  515.0      4.087686      0.145394      2.022121      0.035951
  520.0      4.073885      0.137474      2.018676      0.034051
  525.0      4.060761      0.130048      2.015395      0.032265
  530.0      4.048251      0.123084      2.012264      0.030586
  535.0      4.036297      0.116549      2.009269      0.029007
  540.0      4.024837      0.110412      2.006395      0.027519
  545.0      4.013809      0.104642      2.003626      0.026117
  550.0      4.003154      0.099207      2.000947      0.024793
  555.0      3.992811      0.094074      1.998344      0.023540
  560.0      3.982718      0.089212      1.995801      0.022351
  565.0      3.972815      0.084590      1.993305      0.021218
  570.0      3.963066      0.080184      1.990845      0.020137
  575.0      3.953480      0.075984      1.988424      0.019105
  580.0      3.944070      0.071984      1.986046      0.018120
  585.0      3.934848      0.068175      1.983714      0.017181
  590.0      3.925828      0.064549      1.981432      0.016286
  595.0      3.917023      0.061099      1.979202      0.015433
  600.0      3.908445      0.057818      1.977028      0.014621
  605.0      3.900109      0.054697      1.974914      0.013846
  610.0      3.892026      0.051728      1.972863      0.013109
  615.0      3.884211      0.048905      1.970878      0.012406
  620.0      3.876675      0.046220      1.968962      0.011737
  625.0      3.869427      0.043664      1.967119      0.011099
  630.0      3.862453      0.041234      1.965344      0.010491
  635.0      3.855734      0.038924      1.963632      0.009913
  640.0      3.849253      0.036729      1.961980      0.009362
  645.0      3.842991      0.034645      1.960382      0.008839
  650.0      3.836930      0.032666      1.958833      0.008341
  655.0      3.831050      0.030789      1.957330      0.007868
  660.0      3.825335      0.029007      1.955868      0.007418
  665.0      3.819764      0.027317      1.954441      0.006991
  670.0      3.814321      0.025714      1.953046      0.006585
  675.0      3.808987      0.024192      1.951677      0.006199
  680.0      3.803743      0.022747      1.950331      0.005832
  685.0      3.798571      0.021374      1.949001      0.005484
  690.0      3.793453      0.020069      1.947685      0.005152
  695.0      3.788378      0.018826      1.946379      0.004836
  700.0      3.783356      0.017645      1.945086      0.004535
  705.0      3.778395      0.016523      1.943807      0.004249
  710.0      3.773507      0.015457      1.942547      0.003978
  715.0      3.768699      0.014447      1.941307      0.003720
  720.0      3.763984      0.013488      1.940090      0.003475
  725.0      3.759369      0.012581      1.938899      0.003243
  730.0      3.754866      0.011721      1.937736      0.003023
  735.0      3.750484      0.010908      1.936605      0.002815
  740.0      3.746234      0.010139      1.935506      0.002618
  745.0      3.742124      0.009412      1.934445      0.002432
  750.0      3.738165      0.008725      1.933422      0.002256
  755.0      3.734367      0.008076      1.932441      0.002089
  760.0      3.730739      0.007463      1.931504      0.001931
  765.0      3.727292      0.006883      1.930614      0.001782
  770.0      3.724036      0.006335      1.929773      0.001641
  775.0      3.720980      0.005816      1.928985      0.001507
  780.0      3.718128      0.005325      1.928249      0.001381
  785.0      3.715459      0.004860      1.927562      0.001261
  790.0      3.712947      0.004421      1.926915      0.001148
  795.0      3.710566      0.004007      1.926302      0.001041
  800.0      3.708289      0.003618      1.925716      0.000940
  805.0      3.706091      0.003252      1.925149      0.000846
  810.0      3.703944      0.002909      1.924596      0.000757
  815.0      3.701824      0.002588      1.924049      0.000674
  820.0      3.699702      0.002289      1.923501      0.000596
  825.0      3.697554      0.002010      1.922946      0.000524
  830.0      3.695354      0.001752      1.922375      0.000457
  835.0      3.693073      0.001512      1.921783      0.000395
  840.0      3.690688      0.001291      1.921163      0.000337
  845.0      3.688170      0.001088      1.920507      0.000284
  850.0      3.685495      0.000901      1.919808      0.000236
  855.0      3.682635      0.000731      1.919060      0.000191
  860.0      3.679564      0.000576      1.918256      0.000151
  865.0      3.676257      0.000437      1.917389      0.000114
  870.0      3.672687      0.000311      1.916452      0.000081
  875.0      3.668827      0.000198      1.915437      0.000052
  880.0      3.664652      0.000098      1.914339      0.000026
  885.0      3.660135      0.000010      1.913149      0.000003
  890.0      3.655256      0.000000      1.911863      0.000000
  895.0      3.650024      0.000000      1.910484      0.000000
  900.0      3.644461      0.000000      1.909016      0.000000
  905.0      3.638589      0.000000      1.907467      0.000000
  910.0      3.632430      0.000000      1.905841      0.000000
  915.0      3.626004      0.000000      1.904144      0.000000
  920.0      3.619334      0.000000      1.902382      0.000000
  925.0      3.612440      0.000000      1.900560      0.000000
  930.0      3.605345      0.000000      1.898685      0.000000
  935.0      3.598070      0.000000      1.896762      0.000000
  940.0      3.590636      0.000000      1.894797      0.000000
  945.0      3.583065      0.000000      1.892795      0.000000
  950.0      3.575379      0.000000      1.890763      0.000000
  955.0      3.567599      0.000000      1.888705      0.000000
  960.0      3.559746      0.000000      1.886628      0.000000
  965.0      3.551843      0.000000      1.884537      0.000000
  970.0      3.543910      0.000000      1.882439      0.000000
  975.0      3.535969      0.000000      1.880338      0.000000
  980.0      3.528042      0.000000      1.878240      0.000000
  985.0      3.520150      0.000000      1.876152      0.000000
  990.0      3.512314      0.000000      1.874079      0.000000
  995.0      3.504557      0.000000      1.872026      0.000000
 1000.0      3.496900      0.000000      1.870000      0.000000
 1005.0      3.489360      0.000000      1.868005      0.000000
 1010.0      3.481941      0.000000      1.866041      0.000000
 1015.0      3.474642      0.000000      1.864110      0.000000
 1020.0      3.467461      0.000000      1.862209      0.000000
 1025.0      3.460399      0.000000      1.860340      0.000000
 1030.0      3.453454      0.000000      1.858502      0.000000
 1035.0      3.446626      0.000000      1.856695      0.000000
 1040.0      3.439914      0.000000      1.854919      0.000000
 1045.0      3.433318      0.000000      1.853172      0.000000
 1050.0      3.426835      0.000000      1.851457      0.000000
 1055.0      3.420466      0.000000      1.849771      0.000000
 1060.0      3.414211      0.000000      1.848115      0.000000
 1065.0      3.408067      0.000000      1.846489      0.000000
 1070.0      3.402034      0.000000      1.844892      0.000000
 1075.0      3.396113      0.000000      1.843324      0.000000
 1080.0      3.390301      0.000000      1.841785      0.000000
 1085.0      3.384598      0.000000      1.840275      0.000000
 1090.0      3.379004      0.000000      1.838794      0.000000
 1095.0      3.373517      0.000000      1.837341      0.000000
 1100.0      3.368136      0.000000      1.835917      0.000000
 1105.0      3.362862      0.000000      1.834520      0.000000
 1110.0      3.357694      0.000000      1.833152      0.000000
 1115.0      3.352629      0.000000      1.831811      0.000000
 1120.0      3.347669      0.000000      1.830497      0.000000
 1125.0      3.342811      0.000000      1.829210      0.000000
 1130.0      3.338056      0.000000      1.827951      0.000000
 1135.0      3.333402      0.000000      1.826718      0.000000
 1140.0      3.328849      0.000000      1.825512      0.000000
 1145.0      3.324395      0.000000      1.824333      0.000000
 1150.0      3.320041      0.000000      1.823179      0.000000
 1155.0      3.315786      0.000000      1.822052      0.000000
 1160.0      3.311628      0.000000      1.820950      0.000000
 1165.0      3.307566      0.000000      1.819874      0.000000
 1170.0      3.303601      0.000000      1.818824      0.000000
 1175.0      3.299732      0.000000      1.817798      0.000000
 1180.0      3.295957      0.000000      1.816798      0.000000
 1185.0      3.292275      0.000000      1.815822      0.000000
 1190.0      3.288687      0.000000      1.814871      0.000000
 1195.0      3.285191      0.000000      1.813944      0.000000
 1200.0      3.281787      0.000000      1.813042      0.000000
 1205.0      3.278473      0.000000      1.812164      0.000000
 1210.0      3.275250      0.000000      1.811309      0.000000
 1215.0      3.272115      0.000000      1.810478      0.000000
 1220.0      3.269069      0.000000      1.809670      0.000000
 1225.0      3.266111      0.000000      1.808886      0.000000
 1230.0      3.263240      0.000000      1.808124      0.000000
 1235.0      3.260455      0.000000      1.807385      0.000000
 1240.0      3.257756      0.000000      1.806669      0.000000
 1245.0      3.255141      0.000000      1.805975      0.000000
 1250.0      3.252610      0.000000      1.805304      0.000000
 1255.0      3.250162      0.000000      1.804654      0.000000
 1260.0      3.247797      0.000000      1.804026      0.000000
 1265.0      3.245513      0.000000      1.803420      0.000000
 1270.0      3.243310      0.000000      1.802835      0.000000
 1275.0      3.241188      0.000000      1.802271      0.000000
 1280.0      3.239144      0.000000      1.801728      0.000000
 1285.0      3.237179      0.000000      1.801206      0.000000
 1290.0      3.235292      0.000000      1.800705      0.000000
 1295.0      3.233482      0.000000      1.800223      0.000000
 1300.0      3.231748      0.000000      1.799762      0.000000
 1305.0      3.230090      0.000000      1.799321      0.000000
 1310.0      3.228507      0.000000      1.798900      0.000000
 1315.0      3.226997      0.000000      1.798498      0.000000
 1320.0      3.225561      0.000000      1.798116      0.000000
 1325.0      3.224197      0.000000      1.797753      0.000000
 1330.0      3.222905      0.000000      1.797409      0.000000
 1335.0      3.221684      0.000000      1.797083      0.000000
 1340.0      3.220533      0.000000      1.796776      0.000000
 1345.0      3.219452      0.000000      1.796487      0.000000
 1350.0      3.218439      0.000000      1.796217      0.000000
 1355.0      3.217494      0.000000      1.795964      0.000000
 1360.0      3.216616      0.000000      1.795730      0.000000
 1365.0      3.215805      0.000000      1.795512      0.000000
 1370.0      3.215059      0.000000      1.795312      0.000000
 1375.0      3.214378      0.000000      1.795129      0.000000
 1380.0      3.213761      0.000000      1.794964      0.000000
 1385.0      3.213208      0.000000      1.794814      0.000000
 1390.0      3.212717      0.000000      1.794682      0.000000
 1395.0      3.212287      0.000000      1.794566      0.000000
 1400.0      3.211919      0.000000      1.794465      0.000000
 1405.0      3.211611      0.000000      1.794381      0.000000
 1410.0      3.211363      0.000000      1.794313      0.000000
 1415.0      3.211173      0.000000      1.794260      0.000000
 1420.0      3.211041      0.000000      1.794222      0.000000
 1425.0      3.210967      0.000000      1.794199      0.000000
 1430.0      3.210949      0.000000      1.794192      0.000000
 1435.0      3.210986      0.000000      1.794199      0.000000
 1440.0      3.211079      0.000000      1.794220      0.000000
 1445.0      3.211226      0.000000      1.794256      0.000000
 1450.0      3.211426      0.000000      1.794306      0.000000
 1455.0      3.211679      0.000000      1.794370      0.000000
 1460.0      3.211983      0.000000      1.794448      0.000000
 1465.0      3.212339      0.000000      1.794539      0.000000
 1470.0      3.212745      0.000000      1.794643      0.000000
 1475.0      3.213201      0.000000      1.794761      0.000000
 1480.0      3.213705      0.000000      1.794891      0.000000
 1485.0      3.214258      0.000000      1.795035      0.000000
 1490.0      3.214858      0.000000      1.795190      0.000000
 1495.0      3.215504      0.000000      1.795358      0.000000
 1500.0      3.216196      0.000000      1.795538      0.000000
 1505.0      3.216934      0.000000      1.795730      0.000000
 1510.0      3.217715      0.000000      1.795934      0.000000
 1515.0      3.218540      0.000000      1.796149      0.000000
 1520.0      3.219408      0.000000      1.796375      0.000000
 1525.0      3.220317      0.000000      1.796613      0.000000
 1530.0      3.221268      0.000000      1.796861      0.000000
 1535.0      3.222259      0.000000      1.797120      0.000000
 1540.0      3.223290      0.000000      1.797389      0.000000
 1545.0      3.224360      0.000000      1.797669      0.000000
 1550.0      3.225468      0.000000      1.797959      0.000000
 1555.0      3.226613      0.000000      1.798259      0.000000
 1560.0      3.227795      0.000000      1.798568      0.000000
 1565.0      3.229013      0.000000      1.798887      0.000000
 1570.0      3.230266      0.000000      1.799215      0.000000
 1575.0      3.231553      0.000000      1.799553      0.000000
 1580.0      3.232874      0.000000      1.799899      0.000000
 1585.0      3.234228      0.000000      1.800253      0.000000
 1590.0      3.235614      0.000000      1.800617      0.000000
 1595.0      3.237031      0.000000      1.800988      0.000000
 1600.0      3.238478      0.000000      1.801368      0.000000
 1605.0      3.239955      0.000000      1.801755      0.000000
 1610.0      3.241462      0.000000      1.802150      0.000000
 1615.0      3.242996      0.000000      1.802553      0.000000
 1620.0      3.244558      0.000000      1.802963      0.000000
 1625.0      3.246147      0.000000      1.803379      0.000000
 1630.0      3.247761      0.000000      1.803803      0.000000
 1635.0      3.249401      0.000000      1.804234      0.000000
 1640.0      3.251065      0.000000      1.804670      0.000000
 1645.0      3.252753      0.000000      1.805113      0.000000
 1650.0      3.254463      0.000000      1.805562      0.000000
 1655.0      3.256196      0.000000      1.806017      0.000000
 1660.0      3.257951      0.000000      1.806478      0.000000
 1665.0      3.259725      0.000000      1.806944      0.000000
 1670.0      3.261520      0.000000      1.807415      0.000000
 1675.0      3.263334      0.000000      1.807892      0.000000
 1680.0      3.265166      0.000000      1.808373      0.000000
 1685.0      3.267015      0.000000      1.808858      0.000000
 1690.0      3.268882      0.000000      1.809349      0.000000
 1695.0      3.270764      0.000000      1.809843      0.000000
 1700.0      3.272662      0.000000      1.810342      0.000000
 1705.0      3.274574      0.000000      1.810844      0.000000
 1710.0      3.276500      0.000000      1.811350      0.000000
 1715.0      3.278438      0.000000      1.811859      0.000000
 1720.0      3.280390      0.000000      1.812372      0.000000
 1725.0      3.282352      0.000000      1.812887      0.000000
 1730.0      3.284325      0.000000      1.813406      0.000000
 1735.0      3.286308      0.000000      1.813927      0.000000
 1740.0      3.288301      0.000000      1.814450      0.000000
 1745.0      3.290301      0.000000      1.814976      0.000000
 1750.0      3.292310      0.000000      1.815504      0.000000
 1755.0      3.294325      0.000000      1.816033      0.000000
 1760.0      3.296346      0.000000      1.816564      0.000000
 1765.0      3.298373      0.000000      1.817097      0.000000
 1770.0      3.300404      0.000000      1.817630      0.000000
 1775.0      3.302439      0.000000      1.818165      0.000000
 1780.0      3.304477      0.000000      1.818701      0.000000
 1785.0      3.306517      0.000000      1.819237      0.000000
 1790.0      3.308559      0.000000      1.819773      0.000000
 1795.0      3.310602      0.000000      1.820310      0.000000
 1800.0      3.312645      0.000000      1.820847      0.000000
 1805.0      3.314687      0.000000      1.821383      0.000000
 1810.0      3.316727      0.000000      1.821919      0.000000
 1815.0      3.318765      0.000000      1.822455      0.000000
 1820.0      3.320800      0.000000      1.822990      0.000000
 1825.0      3.322832      0.000000      1.823523      0.000000
 1830.0      3.324858      0.000000      1.824056      0.000000
 1835.0      3.326880      0.000000      1.824587      0.000000
 1840.0      3.328895      0.000000      1.825116      0.000000
 1845.0      3.330903      0.000000      1.825644      0.000000
 1850.0      3.332904      0.000000      1.826170      0.000000
 1855.0      3.334896      0.000000      1.826693      0.000000
 1860.0      3.336880      0.000000      1.827214      0.000000
 1865.0      3.338853      0.000000      1.827732      0.000000
 1870.0      3.340816      0.000000      1.828248      0.000000
 1875.0      3.342767      0.000000      1.828760      0.000000
 1880.0      3.344706      0.000000      1.829270      0.000000
 1885.0      3.346632      0.000000      1.829776      0.000000
 1890.0      3.348544      0.000000      1.830278      0.000000
 1895.0      3.350442      0.000000      1.830776      0.000000
 1900.0      3.352325      0.000000      1.831271      0.000000
 1905.0      3.354192      0.000000      1.831761      0.000000
 1910.0      3.356041      0.000000      1.832246      0.000000
 1915.0      3.357874      0.000000      1.832727      0.000000
 1920.0      3.359688      0.000000      1.833204      0.000000
 1925.0      3.361483      0.000000      1.833675      0.000000
 1930.0      3.363258      0.000000      1.834141      0.000000
 1935.0      3.365012      0.000000      1.834601      0.000000
 1940.0      3.366745      0.000000      1.835056      0.000000
 1945.0      3.368456      0.000000      1.835505      0.000000
 1950.0      3.370145      0.000000      1.835948      0.000000
 1955.0      3.371809      0.000000      1.836385      0.000000
 1960.0      3.373449      0.000000      1.836815      0.000000
 1965.0      3.375064      0.000000      1.837238      0.000000
 1970.0      3.376653      0.000000      1.837655      0.000000
 1975.0      3.378215      0.000000      1.838065      0.000000
 1980.0      3.379750      0.000000      1.838467      0.000000
 1985.0      3.381257      0.000000      1.838862      0.000000
 1990.0      3.382735      0.000000      1.839249      0.000000
 1995.0      3.384183      0.000000      1.839629      0.000000
 2000.0      3.385600      0.000000      1.840000      0.000000
 2005.0      3.386986      0.000000      1.840363      0.000000
 2010.0      3.388342      0.000000      1.840718      0.000000
 2015.0      3.389666      0.000000      1.841065      0.000000
 2020.0      3.390960      0.000000      1.841403      0.000000
 2025.0      3.392223      0.000000      1.841734      0.000000
 2030.0      3.393456      0.000000      1.842057      0.000000
 2035.0      3.394659      0.000000      1.842371      0.000000
 2040.0      3.395832      0.000000      1.842678      0.000000
 2045.0      3.396976      0.000000      1.842977      0.000000
 2050.0      3.398090      0.000000      1.843268      0.000000
 2055.0      3.399175      0.000000      1.843551      0.000000
 2060.0      3.400230      0.000000      1.843827      0.000000
 2065.0      3.401257      0.000000      1.844095      0.000000
 2070.0      3.402256      0.000000      1.844356      0.000000
 2075.0      3.403226      0.000000      1.844609      0.000000
 2080.0      3.404167      0.000000      1.844854      0.000000
 2085.0      3.405081      0.000000      1.845093      0.000000
 2090.0      3.405967      0.000000      1.845323      0.000000
 2095.0      3.406825      0.000000      1.845547      0.000000
 2100.0      3.407656      0.000000      1.845763      0.000000
 2105.0      3.408460      0.000000      1.845972      0.000000
 2110.0      3.409237      0.000000      1.846174      0.000000
 2115.0      3.409987      0.000000      1.846369      0.000000
 2120.0      3.410710      0.000000      1.846557      0.000000
 2125.0      3.411407      0.000000      1.846738      0.000000
 2130.0      3.412078      0.000000      1.846912      0.000000
 2135.0      3.412723      0.000000      1.847079      0.000000
 2140.0      3.413342      0.000000      1.847239      0.000000
 2145.0      3.413936      0.000000      1.847393      0.000000
 2150.0      3.414504      0.000000      1.847539      0.000000
 2155.0      3.415047      0.000000      1.847680      0.000000
 2160.0      3.415565      0.000000      1.847813      0.000000
 2165.0      3.416058      0.000000      1.847940      0.000000
 2170.0      3.416527      0.000000      1.848061      0.000000
 2175.0      3.416972      0.000000      1.848175      0.000000
 2180.0      3.417392      0.000000      1.848283      0.000000
 2185.0      3.417788      0.000000      1.848384      0.000000
 2190.0      3.418161      0.000000      1.848479      0.000000
 2195.0      3.418510      0.000000      1.848568      0.000000
 2200.0      3.418836      0.000000      1.848651      0.000000
 2205.0      3.419139      0.000000      1.848727      0.000000
 2210.0      3.419418      0.000000      1.848798      0.000000
 2215.0      3.419675      0.000000      1.848862      0.000000
 2220.0      3.419910      0.000000      1.848921      0.000000
 2225.0      3.420122      0.000000      1.848974      0.000000
 2230.0      3.420313      0.000000      1.849021      0.000000
 2235.0      3.420481      0.000000      1.849062      0.000000
 2240.0      3.420627      0.000000      1.849097      0.000000
 2245.0      3.420753      0.000000      1.849127      0.000000
 2250.0      3.420856      0.000000      1.849151      0.000000
 2255.0      3.420939      0.000000      1.849169      0.000000
 2260.0      3.421001      0.000000      1.849182      0.000000
 2265.0      3.421042      0.000000      1.849190      0.000000
 2270.0      3.421063      0.000000      1.849192      0.000000
 2275.0      3.421064      0.000000      1.849189      0.000000
 2280.0      3.421044      0.000000      1.849180      0.000000
 2285.0      3.421005      0.000000      1.849166      0.000000
 2290.0      3.420946      0.000000      1.849147      0.000000
 2295.0      3.420867      0.000000      1.849123      0.000000
 2300.0      3.420769      0.000000      1.849094      0.000000
 2305.0      3.420653      0.000000      1.849060      0.000000
 2310.0      3.420517      0.000000      1.849021      0.000000
 2315.0      3.420363      0.000000      1.848976      0.000000
 2320.0      3.420190      0.000000      1.848927      0.000000
 2325.0      3.419999      0.000000      1.848874      0.000000
 2330.0      3.419790      0.000000      1.848815      0.000000
 2335.0      3.419564      0.000000      1.848752      0.000000
 2340.0      3.419319      0.000000      1.848684      0.000000
 2345.0      3.419057      0.000000      1.848611      0.000000
 2350.0      3.418779      0.000000      1.848534      0.000000
 2355.0      3.418483      0.000000      1.848452      0.000000
 2360.0      3.418170      0.000000      1.848366      0.000000
 2365.0      3.417840      0.000000      1.848276      0.000000
 2370.0      3.417495      0.000000      1.848181      0.000000
 2375.0      3.417133      0.000000      1.848082      0.000000
 2380.0      3.416755      0.000000      1.847979      0.000000
 2385.0      3.416361      0.000000      1.847871      0.000000
 2390.0      3.415952      0.000000      1.847760      0.000000
 2395.0      3.415527      0.000000      1.847644      0.000000
 2400.0      3.415088      0.000000      1.847525      0.000000
 2405.0      3.414633      0.000000      1.847401      0.000000
 2410.0      3.414163      0.000000      1.847274      0.000000
 2415.0      3.413679      0.000000      1.847142      0.000000
 2420.0      3.413181      0.000000      1.847007      0.000000
 2425.0      3.412668      0.000000      1.846868      0.000000
 2430.0      3.412142      0.000000      1.846726      0.000000
 2435.0      3.411602      0.000000      1.846580      0.000000
 2440.0      3.411048      0.000000      1.846430      0.000000
 2445.0      3.410481      0.000000      1.846277      0.000000
 2450.0      3.409901      0.000000      1.846120      0.000000
 2455.0      3.409308      0.000000      1.845960      0.000000
 2460.0      3.408702      0.000000      1.845796      0.000000
 2465.0      3.408083      0.000000      1.845630      0.000000
 2470.0      3.407453      0.000000      1.845460      0.000000
 2475.0      3.406810      0.000000      1.845286      0.000000
 2480.0      3.406155      0.000000      1.845110      0.000000
 2485.0      3.405489      0.000000      1.844930      0.000000
 2490.0      3.404811      0.000000      1.844748      0.000000
 2495.0      3.404122      0.000000      1.844562      0.000000
 2500.0      3.403421      0.000000      1.844374      0.000000
 2505.0      3.402710      0.000000      1.844183      0.000000
 2510.0      3.401988      0.000000      1.843988      0.000000
 2515.0      3.401256      0.000000      1.843792      0.000000
 2520.0      3.400514      0.000000      1.843592      0.000000
 2525.0      3.399761      0.000000      1.843390      0.000000
 2530.0      3.398998      0.000000      1.843185      0.000000
 2535.0      3.398226      0.000000      1.842977      0.000000
 2540.0      3.397445      0.000000      1.842767      0.000000
 2545.0      3.396654      0.000000      1.842555      0.000000
 2550.0      3.395854      0.000000      1.842340      0.000000
 2555.0      3.395045      0.000000      1.842123      0.000000
 2560.0      3.394228      0.000000      1.841904      0.000000
 2565.0      3.393402      0.000000      1.841682      0.000000
 2570.0      3.392568      0.000000      1.841459      0.000000
 2575.0      3.391725      0.000000      1.841233      0.000000
 2580.0      3.390876      0.000000      1.841005      0.000000
 2585.0      3.390018      0.000000      1.840775      0.000000
 2590.0      3.389153      0.000000      1.840543      0.000000
 2595.0      3.388281      0.000000      1.840309      0.000000
 2600.0      3.387402      0.000000      1.840073      0.000000
 2605.0      3.386515      0.000000      1.839836      0.000000
 2610.0      3.385623      0.000000      1.839597      0.000000
 2615.0      3.384724      0.000000      1.839356      0.000000
 2620.0      3.383819      0.000000      1.839113      0.000000
 2625.0      3.382907      0.000000      1.838869      0.000000
 2630.0      3.381990      0.000000      1.838623      0.000000
 2635.0      3.381068      0.000000      1.838376      0.000000
 2640.0      3.380140      0.000000      1.838128      0.000000
 2645.0      3.379207      0.000000      1.837878      0.000000
 2650.0      3.378269      0.000000      1.837627      0.000000
 2655.0      3.377326      0.000000      1.837374      0.000000
 2660.0      3.376378      0.000000      1.837120      0.000000
 2665.0      3.375426      0.000000      1.836866      0.000000
 2670.0      3.374470      0.000000      1.836610      0.000000
 2675.0      3.373510      0.000000      1.836353      0.000000
 2680.0      3.372547      0.000000      1.836095      0.000000
 2685.0      3.371580      0.000000      1.835836      0.000000
 2690.0      3.370609      0.000000      1.835576      0.000000
 2695.0      3.369635      0.000000      1.835315      0.000000
 2700.0      3.368659      0.000000      1.835054      0.000000
 2705.0      3.367679      0.000000      1.834792      0.000000
 2710.0      3.366697      0.000000      1.834529      0.000000
 2715.0      3.365713      0.000000      1.834266      0.000000
 2720.0      3.364727      0.000000      1.834002      0.000000
 2725.0      3.363739      0.000000      1.833738      0.000000
 2730.0      3.362749      0.000000      1.833473      0.000000
 2735.0      3.361757      0.000000      1.833208      0.000000
 2740.0      3.360764      0.000000      1.832942      0.000000
 2745.0      3.359770      0.000000      1.832676      0.000000
 2750.0      3.358776      0.000000      1.832410      0.000000
 2755.0      3.357780      0.000000      1.832144      0.000000
 2760.0      3.356784      0.000000      1.831877      0.000000
 2765.0      3.355788      0.000000      1.831611      0.000000
 2770.0      3.354792      0.000000      1.831344      0.000000
 2775.0      3.353796      0.000000      1.831078      0.000000
 2780.0      3.352800      0.000000      1.830811      0.000000
 2785.0      3.351804      0.000000      1.830545      0.000000
 2790.0      3.350810      0.000000      1.830279      0.000000
 2795.0      3.349816      0.000000      1.830013      0.000000
 2800.0      3.348824      0.000000      1.829748      0.000000
 2805.0      3.347832      0.000000      1.829483      0.000000
 2810.0      3.346843      0.000000      1.829218      0.000000
 2815.0      3.345855      0.000000      1.828954      0.000000
 2820.0      3.344869      0.000000      1.828690      0.000000
 2825.0      3.343885      0.000000      1.828427      0.000000
 2830.0      3.342904      0.000000      1.828165      0.000000
 2835.0      3.341925      0.000000      1.827903      0.000000
 2840.0      3.340949      0.000000      1.827642      0.000000
 2845.0      3.339976      0.000000      1.827381      0.000000
 2850.0      3.339006      0.000000      1.827122      0.000000
 2855.0      3.338040      0.000000      1.826863      0.000000
 2860.0      3.337077      0.000000      1.826606      0.000000
 2865.0      3.336118      0.000000      1.826349      0.000000
 2870.0      3.335162      0.000000      1.826094      0.000000
 2875.0      3.334212      0.000000      1.825839      0.000000
 2880.0      3.333265      0.000000      1.825586      0.000000
 2885.0      3.332323      0.000000      1.825334      0.000000
 2890.0      3.331386      0.000000      1.825083      0.000000
 2895.0      3.330454      0.000000      1.824834      0.000000
 2900.0      3.329527      0.000000      1.824586      0.000000
 2905.0      3.328606      0.000000      1.824339      0.000000
 2910.0      3.327690      0.000000      1.824094      0.000000
 2915.0      3.326780      0.000000      1.823851      0.000000
 2920.0      3.325876      0.000000      1.823609      0.000000
 2925.0      3.324978      0.000000      1.823369      0.000000
 2930.0      3.324087      0.000000      1.823130      0.000000
 2935.0      3.323202      0.000000      1.822893      0.000000
 2940.0      3.322325      0.000000      1.822658      0.000000
 2945.0      3.321454      0.000000      1.822425      0.000000
 2950.0      3.320590      0.000000      1.822194      0.000000
 2955.0      3.319734      0.000000      1.821965      0.000000
 2960.0      3.318886      0.000000      1.821738      0.000000
 2965.0      3.318046      0.000000      1.821513      0.000000
 2970.0      3.317213      0.000000      1.821290      0.000000
 2975.0      3.316389      0.000000      1.821069      0.000000
 2980.0      3.315574      0.000000      1.820850      0.000000
 2985.0      3.314767      0.000000      1.820634      0.000000
 2990.0      3.313969      0.000000      1.820420      0.000000
 2995.0      3.313180      0.000000      1.820209      0.000000
 3000.0      3.312400      0.000000      1.820000      0.000000
 3050.0      3.305112      0.000000      1.818045      0.000000
 3100.0      3.298694      0.000000      1.816320      0.000000
 3150.0      3.293064      0.000000      1.814804      0.000000
 3200.0      3.288143      0.000000      1.813475      0.000000
 3250.0      3.283850      0.000000      1.812311      0.000000
 3300.0      3.280104      0.000000      1.811291      0.000000
 3350.0      3.276824      0.000000      1.810393      0.000000
 3400.0      3.273931      0.000000      1.809596      0.000000
 3450.0      3.271343      0.000000      1.808877      0.000000
 3500.0      3.268980      0.000000      1.808216      0.000000
 3550.0      3.266762      0.000000      1.807591      0.000000
 3600.0      3.264607      0.000000      1.806979      0.000000
 3650.0      3.262436      0.000000      1.806360      0.000000
 3700.0      3.260167      0.000000      1.805712      0.000000
 3750.0      3.257720      0.000000      1.805013      0.000000
 3800.0      3.255015      0.000000      1.804242      0.000000
 3850.0      3.251972      0.000000      1.803376      0.000000
 3900.0      3.248508      0.000000      1.802395      0.000000
 3950.0      3.244544      0.000000      1.801277      0.000000
 4000.0      3.240000      0.000000      1.800000      0.000000
 4050.0      3.234814      0.000000      1.798548      0.000000
 4100.0      3.229006      0.000000      1.796925      0.000000
 4150.0      3.222615      0.000000      1.795142      0.000000
 4200.0      3.215680      0.000000      1.793209      0.000000
 4250.0      3.208239      0.000000      1.791135      0.000000
 4300.0      3.200332      0.000000      1.788931      0.000000
 4350.0      3.191997      0.000000      1.786606      0.000000
 4400.0      3.183275      0.000000      1.784171      0.000000
 4450.0      3.174202      0.000000      1.781636      0.000000
 4500.0      3.164820      0.000000      1.779011      0.000000
 4550.0      3.155166      0.000000      1.776306      0.000000
 4600.0      3.145280      0.000000      1.773530      0.000000
 4650.0      3.135200      0.000000      1.770694      0.000000
 4700.0      3.124966      0.000000      1.767808      0.000000
 4750.0      3.114616      0.000000      1.764882      0.000000
 4800.0      3.104190      0.000000      1.761926      0.000000
 4850.0      3.093726      0.000000      1.758949      0.000000
 4900.0      3.083264      0.000000      1.755963      0.000000
 4950.0      3.072842      0.000000      1.752976      0.000000
 5000.0      3.062500      0.000000      1.750000      0.000000
 5050.0      3.052271      0.000000      1.747043      0.000000
 5100.0      3.042168      0.000000      1.744109      0.000000
 5150.0      3.032197      0.000000      1.741204      0.000000
 5200.0      3.022366      0.000000      1.738331      0.000000
 5250.0      3.012683      0.000000      1.735493      0.000000
 5300.0      3.003154      0.000000      1.732696      0.000000
 5350.0      2.993787      0.000000      1.729943      0.000000
 5400.0      2.984589      0.000000      1.727239      0.000000
 5450.0      2.975567      0.000000      1.724586      0.000000
 5500.0      2.966728      0.000000      1.721989      0.000000
 5550.0      2.958079      0.000000      1.719453      0.000000
 5600.0      2.949628      0.000000      1.716981      0.000000
 5650.0      2.941382      0.000000      1.714577      0.000000
 5700.0      2.933348      0.000000      1.712246      0.000000
 5750.0      2.925533      0.000000      1.709991      0.000000
 5800.0      2.917945      0.000000      1.707816      0.000000
 5850.0      2.910590      0.000000      1.705725      0.000000
 5900.0      2.903476      0.000000      1.703723      0.000000
 5950.0      2.896611      0.000000      1.701813      0.000000
 6000.0      2.890000      0.000000      1.700000      0.000000
 6050.0      2.883619      0.000000      1.698276      0.000000
 6100.0      2.877311      0.000000      1.696588      0.000000
 6150.0      2.870886      0.000000      1.694874      0.000000
 6200.0      2.864155      0.000000      1.693069      0.000000
 6250.0      2.856927      0.000000      1.691111      0.000000
 6300.0      2.849013      0.000000      1.688934      0.000000
 6350.0      2.840224      0.000000      1.686477      0.000000
 6400.0      2.830370      0.000000      1.683675      0.000000
 6450.0      2.819261      0.000000      1.680464      0.000000
 6500.0      2.806708      0.000000      1.676781      0.000000
 6550.0      2.792520      0.000000      1.672563      0.000000
 6600.0      2.776508      0.000000      1.667745      0.000000
 6650.0      2.758483      0.000000      1.662265      0.000000
 6700.0      2.738255      0.000000      1.656058      0.000000
 6750.0      2.715634      0.000000      1.649061      0.000000
 6800.0      2.690431      0.000000      1.641211      0.000000
 6850.0      2.662456      0.000000      1.632443      0.000000
 6900.0      2.631518      0.000000      1.622694      0.000000
 6950.0      2.597430      0.000000      1.611901      0.000000
 7000.0      2.560000      0.000000      1.600000      0.000000
 7050.0      2.519096      0.000000      1.586941      0.000000
 7100.0      2.474808      0.000000      1.572731      0.000000
 7150.0      2.427285      0.000000      1.557389      0.000000
 7200.0      2.376673      0.000000      1.540936      0.000000
 7250.0      2.323120      0.000000      1.523391      0.000000
 7300.0      2.266773      0.000000      1.504775      0.000000
 7350.0      2.207780      0.000000      1.485108      0.000000
 7400.0      2.146289      0.000000      1.464410      0.000000
 7450.0      2.082446      0.000000      1.442700      0.000000
 7500.0      2.016400      0.000000      1.420000      0.000000
 7550.0      1.948352      0.000000      1.396336      0.000000
 7600.0      1.878728      0.000000      1.371764      0.000000
 7650.0      1.808006      0.000000      1.346346      0.000000
 7700.0      1.736666      0.000000      1.320145      0.000000
 7750.0      1.665188      0.000000      1.293223      0.000000
 7800.0      1.594050      0.000000      1.265644      0.000000
 7850.0      1.523733      0.000000      1.237469      0.000000
 7900.0      1.454716      0.000000      1.208762      0.000000
 7950.0      1.387479      0.000000      1.179585      0.000000
 8000.0      1.322500      0.000000      1.150000      0.000000
 8050.0      1.260135      0.008060      1.120125      0.004139
 8100.0      1.200238      0.019292      1.090295      0.009987
 8150.0      1.142541      0.034533      1.060899      0.018057
 8200.0      1.086774      0.054624      1.032326      0.028864
 8250.0      1.032666      0.080403      1.004967      0.042922
 8300.0      0.979950      0.112711      0.979210      0.060747
 8350.0      0.928354      0.152385      0.955446      0.082853
 8400.0      0.877611      0.200265      0.934063      0.109754
 8450.0      0.827449      0.257190      0.915451      0.141965
 8500.0      0.777600      0.324000      0.900000      0.180000
 8550.0      0.727823      0.401178      0.888004      0.224130
 8600.0      0.677990      0.487787      0.879378      0.273651
 8650.0      0.628005      0.582533      0.873940      0.327613
 8700.0      0.577769      0.684124      0.871511      0.385067
 8750.0      0.527184      0.791267      0.871910      0.445065
 8800.0      0.476152      0.902668      0.874955      0.506658
 8850.0      0.424576      1.017035      0.880468      0.568897
 8900.0      0.372357      1.133075      0.888267      0.630833
 8950.0      0.319398      1.249494      0.898171      0.691517
 9000.0      0.265600      1.365000      0.910000      0.750000
 9050.0      0.211206      1.478994      0.923679      0.805529
 9100.0      0.157817      1.593657      0.939555      0.858129
 9150.0      0.107377      1.711863      0.958081      0.908022
 9200.0      0.061827      1.836487      0.979710      0.955427
 9250.0      0.023110      1.970404      1.004895      1.000567
 9300.0     -0.006832      2.116489      1.034088      1.043661
 9350.0     -0.026056      2.277616      1.067742      1.084930
 9400.0     -0.032620      2.456660      1.106310      1.124596
 9450.0     -0.024582      2.656497      1.150245      1.162879
 9500.0     -0.000000      2.880000      1.200000      1.200000
 9550.0      0.043582      3.128516      1.255910      1.236004
 9600.0      0.110668      3.397273      1.317842      1.270232
 9650.0      0.206276      3.679971      1.385545      1.301850
 9700.0      0.335423      3.970311      1.458768      1.330023
 9750.0      0.503126      4.261991      1.537261      1.353918
 9800.0      0.714403      4.548712      1.620773      1.372699
 9850.0      0.974272      4.824174      1.709054      1.385532
 9900.0      1.287750      5.082076      1.801852      1.391583
 9950.0      1.659853      5.316118      1.898918      1.390017
10000.0      2.095600      5.520000      2.000000      1.380000
10050.0      2.596263      5.688038      2.104521      1.360966
10100.0      3.148136      5.817012      2.210598      1.333423
10150.0      3.733767      5.904317      2.316021      1.298148
10200.0      4.335705      5.947350      2.418578      1.255919
10250.0      4.936498      5.943507      2.516061      1.207512
10300.0      5.518695      5.890183      2.606260      1.153703
10350.0      6.064846      5.784774      2.686963      1.095271
10400.0      6.557497      5.624677      2.755960      1.032992
10450.0      6.979199      5.407287      2.811043      0.967643
10500.0      7.312500      5.130000      2.850000      0.900000
10550.0      7.546356      4.794721      2.871697      0.831045
10600.0      7.695357      4.421392      2.879302      0.762570
10650.0      7.780500      4.034462      2.877059      0.696573
10700.0      7.822782      3.658381      2.869210      0.635051
10750.0      7.843200      3.317600      2.860000      0.580000
10800.0      7.858273      3.030625      2.852696      0.532844
10850.0      7.866605      2.792189      2.846659      0.492712
10900.0      7.862320      2.591080      2.840273      0.458158
10950.0      7.839544      2.416088      2.831926      0.427735
11000.0      7.792400      2.256000      2.820000      0.400000
11050.0      7.716536      2.101597      2.803233      0.373754
11100.0      7.613685      1.951627      2.781766      0.348789
11150.0      7.487102      1.806826      2.756092      0.325145
11200.0      7.340043      1.667934      2.726705      0.302863
11250.0      7.175764      1.535689      2.694097      0.281983
11300.0      6.997520      1.410828      2.658761      0.262543
11350.0      6.808566      1.294091      2.621190      0.244585
11400.0      6.612158      1.186215      2.581878      0.228149
11450.0      6.411551      1.087939      2.541317      0.213274
11500.0      6.210000      1.000000      2.500000      0.200000
11550.0      6.010420      0.922882      2.458397      0.188343
11600.0      5.814358      0.856048      2.416881      0.178224
11650.0      5.623021      0.798703      2.375804      0.169535
11700.0      5.437616      0.750056      2.335516      0.162174
11750.0      5.259348      0.709312      2.296369      0.156035
11800.0      5.089424      0.675680      2.258711      0.151012
11850.0      4.929051      0.648365      2.222895      0.147003
11900.0      4.779435      0.626576      2.189271      0.143901
11950.0      4.641783      0.609518      2.158189      0.141601
12000.0      4.517300      0.596400      2.130000      0.140000
12050.0      4.406877      0.586537      2.104971      0.139005
12100.0      4.310140      0.579684      2.083031      0.138579
12150.0      4.226398      0.575705      2.064025      0.138696
12200.0      4.154960      0.574464      2.047799      0.139332
12250.0      4.095135      0.575825      2.034198      0.140463
12300.0      4.046232      0.579652      2.023068      0.142064
12350.0      4.007561      0.585809      2.014253      0.144110
12400.0      3.978431      0.594160      2.007599      0.146576
12450.0      3.958150      0.604569      2.002951      0.149439
12500.0      3.946029      0.616900      2.000155      0.152672
12550.0      3.941376      0.631017      1.999056      0.156252
12600.0      3.943501      0.646784      1.999499      0.160154
12650.0      3.951713      0.664065      2.001330      0.164354
12700.0      3.965321      0.682724      2.004393      0.168825
12750.0      3.983634      0.702625      2.008534      0.173545
12800.0      4.005961      0.723632      2.013599      0.178488
12850.0      4.031612      0.745609      2.019433      0.183630
12900.0      4.059896      0.768420      2.025881      0.188946
12950.0      4.090123      0.791929      2.032788      0.194410
13000.0      4.121600      0.816000      2.040000      0.200000
13050.0      4.153638      0.840497      2.047362      0.205690
13100.0      4.185546      0.865284      2.054719      0.211454
13150.0      4.216632      0.890225      2.061917      0.217270
13200.0      4.246207      0.915184      2.068801      0.223112
13250.0      4.273579      0.940025      2.075216      0.228955
13300.0      4.298057      0.964612      2.081007      0.234775
13350.0      4.318951      0.988809      2.086020      0.240546
13400.0      4.335571      1.012480      2.090101      0.246246
13450.0      4.347224      1.035489      2.093094      0.251848
13500.0      4.353221      1.057700      2.094845      0.257328
13550.0      4.352870      1.078977      2.095199      0.262661
13600.0      4.345481      1.099184      2.094001      0.267824
13650.0      4.330364      1.118185      2.091097      0.272790
13700.0      4.306826      1.135844      2.086332      0.277536
13750.0      4.274178      1.152025      2.079552      0.282037
13800.0      4.231728      1.166592      2.070601      0.286268
13850.0      4.178786      1.179409      2.059325      0.290204
13900.0      4.114662      1.190340      2.045569      0.293821
13950.0      4.038663      1.199249      2.029179      0.297095
14000.0      3.950100      1.206000      2.010000      0.300000
