#Lambda        Dielectric Constant          Refractive Index
# [nm]        [Real]        [Imag]        [Real]        [Imag]
   30.0      0.647992      1.448272      0.847818      0.845103
   35.0      0.684560      0.132756      0.831201      0.079842
   40.0      0.527307      0.157076      0.734000      0.107000
   45.0      0.376240      0.243427      0.642028      0.189632
   50.0      0.238425      0.344173      0.573136      0.300244
   55.0      0.055282      0.480907      0.519274      0.463020
   60.0     -0.076111      0.715233      0.567027      0.630771
   65.0     -0.100452      0.948029      0.653010      0.725825
   70.0     -0.098599      1.056123      0.693659      0.761181
   75.0     -0.170169      1.181320      0.714931      0.825979
   80.0     -0.294622      1.318400      0.727679      0.906767
   85.0     -0.373874      1.575622      0.787974      0.998629
   90.0     -0.264598      1.853104      0.897035      1.033467
   95.0     -0.128912      1.954220      0.956516      1.021580
  100.0     -0.070556      1.930727      0.964839      1.001135
  105.0     -0.085973      1.780042      0.920674      0.965807
  110.0     -0.323854      1.597641      0.808643      0.989693
  115.0     -0.771941      1.639995      0.720933      1.136111
  120.0     -1.199111      1.953219      0.739522      1.320561
  125.0     -1.444914      2.403403      0.824208      1.458297
  130.0     -1.347208      2.834485      0.946228      1.497874
  135.0     -1.350158      3.024472      0.990984      1.526353
  140.0     -1.442187      3.191727      1.014547      1.572340
  145.0     -1.505538      3.447572      1.062044      1.622785
  150.0     -1.530502      3.627340      1.097024      1.654024
  155.0     -1.601700      3.785600      1.120000      1.690000
  160.0     -1.784872      4.048416      1.149535      1.760481
  165.0     -1.919685      4.426810      1.205376      1.836247
  170.0     -1.841841      4.881184      1.297977      1.880685
  175.0     -1.638977      5.267649      1.391942      1.892518
  180.0     -1.468367      5.423049      1.440883      1.881414
  185.0     -1.394555      5.377539      1.442604      1.863136
  190.0     -1.406842      5.318125      1.430765      1.858396
  195.0     -1.489758      5.410307      1.435800      1.884389
  200.0     -1.611937      5.660361      1.462078      1.935936
  205.0     -1.736005      6.014380      1.504117      1.999403
  210.0     -1.826563      6.419847      1.556514      2.061759
  215.0     -1.870222      6.840921      1.614952      2.116844
  220.0     -1.867292      7.252139      1.675789      2.162775
  225.0     -1.818294      7.628193      1.735394      2.197732
  230.0     -1.725490      7.949106      1.790719      2.220608
  235.0     -1.600008      8.222022      1.841685      2.233915
  240.0     -1.455795      8.462689      1.889157      2.241313
  245.0     -1.306795      8.686861      1.933999      2.246465
  250.0     -1.166787      8.910045      1.977057      2.252979
  255.0     -1.042979      9.138193      2.018567      2.262472
  260.0     -0.934051      9.364845      2.057965      2.273972
  265.0     -0.838111      9.582710      2.094632      2.286334
  270.0     -0.753268      9.784500      2.127952      2.298411
  275.0     -0.677630      9.962923      2.157306      2.309058
  280.0     -0.609067     10.112406      2.182301      2.317313
  285.0     -0.544148     10.236647      2.203740      2.323206
  290.0     -0.479007     10.342468      2.222837      2.327102
  295.0     -0.409779     10.436690      2.240800      2.329364
  300.0     -0.332596     10.526138      2.258841      2.330359
  305.0     -0.243592     10.617633      2.278171      2.330449
  310.0     -0.138900     10.718000      2.300000      2.330000
  315.0     -0.016025     10.832561      2.325218      2.329348
  320.0      0.122044     10.960644      2.353430      2.328712
  325.0      0.270945     11.100075      2.383917      2.328286
  330.0      0.426320     11.248682      2.415964      2.328262
  335.0      0.583807     11.404291      2.448853      2.328830
  340.0      0.739045     11.564730      2.481867      2.330184
  345.0      0.887674     11.727827      2.514289      2.332515
  350.0      1.025333     11.891408      2.545401      2.336016
  355.0      1.147667     12.053301      2.574489      2.340877
  360.0      1.252047     12.211732      2.601075      2.347167
  365.0      1.340157     12.365919      2.625283      2.354643
  370.0      1.414346     12.515232      2.647330      2.363017
  375.0      1.476962     12.659041      2.667431      2.371997
  380.0      1.530352     12.796716      2.685805      2.381296
  385.0      1.576865     12.927628      2.702665      2.390622
  390.0      1.618848     13.051146      2.718230      2.399687
  395.0      1.658650     13.166641      2.732715      2.408201
  400.0      1.698619     13.273483      2.746336      2.415873
  405.0      1.741102     13.371042      2.759310      2.422416
  410.0      1.788448     13.458689      2.771853      2.427538
  415.0      1.842981     13.535804      2.784179      2.430954
  420.0      1.905695     13.602395      2.796411      2.432564
  425.0      1.975559     13.659420      2.808530      2.432555
  430.0      2.051371     13.707920      2.820503      2.431136
  435.0      2.131929     13.748934      2.832300      2.428517
  440.0      2.216031     13.783501      2.843889      2.424909
  445.0      2.302476     13.812662      2.855240      2.420521
  450.0      2.390061     13.837455      2.866321      2.415564
  455.0      2.477584     13.858920      2.877101      2.410247
  460.0      2.563845     13.878097      2.887548      2.404780
  465.0      2.647640     13.896025      2.897633      2.399373
  470.0      2.727768     13.913743      2.907322      2.394237
  475.0      2.803028     13.932292      2.916586      2.389581
  480.0      2.872217     13.952711      2.925392      2.385615
  485.0      2.934134     13.976039      2.933710      2.382549
  490.0      2.987576     14.003317      2.941509      2.380594
  495.0      3.031342     14.035582      2.948756      2.379958
  500.0      3.064401     14.073760      2.955429      2.380826
  505.0      3.086895     14.117969      2.961550      2.383196
  510.0      3.099471     14.167990      2.967162      2.386991
  515.0      3.102772     14.223600      2.972310      2.392129
  520.0      3.097444     14.284577      2.977036      2.398533
  525.0      3.084133     14.350700      2.981385      2.406123
  530.0      3.063484     14.421746      2.985399      2.414820
  535.0      3.036142     14.497493      2.989123      2.424544
  540.0      3.002754     14.577720      2.992599      2.435216
  545.0      2.963963     14.662204      2.995872      2.446758
  550.0      2.920417     14.750724      2.998984      2.459090
  555.0      2.872759     14.843057      3.001980      2.472132
  560.0      2.821637     14.938982      3.004903      2.485805
  565.0      2.767694     15.038277      3.007796      2.500031
  570.0      2.711577     15.140720      3.010703      2.514729
  575.0      2.653931     15.246088      3.013667      2.529822
  580.0      2.595401     15.354160      3.016732      2.545228
  585.0      2.536632     15.464714      3.019942      2.560871
  590.0      2.478271     15.577528      3.023340      2.576669
  595.0      2.420963     15.692380      3.026970      2.592544
  600.0      2.365352     15.809048      3.030874      2.608416
  605.0      2.312085     15.927310      3.035097      2.624207
  610.0      2.261807     16.046945      3.039683      2.639837
  615.0      2.215163     16.167729      3.044673      2.655227
  620.0      2.172799     16.289442      3.050113      2.670298
  625.0      2.135218     16.411894      3.056036      2.684986
  630.0      2.102392     16.535024      3.062433      2.699287
  635.0      2.074167     16.658797      3.069288      2.713213
  640.0      2.050387     16.783181      3.076585      2.726774
  645.0      2.030900     16.908142      3.084308      2.739980
  650.0      2.015549     17.033648      3.092440      2.752841
  655.0      2.004181     17.159665      3.100964      2.765369
  660.0      1.996642     17.286160      3.109863      2.777574
  665.0      1.992776     17.413100      3.119122      2.789465
  670.0      1.992431     17.540453      3.128724      2.801055
  675.0      1.995451     17.668184      3.138652      2.812352
  680.0      2.001681     17.796261      3.148889      2.823368
  685.0      2.010969     17.924650      3.159420      2.834114
  690.0      2.023158     18.053319      3.170227      2.844599
  695.0      2.038095     18.182234      3.181295      2.854834
  700.0      2.055626     18.311362      3.192605      2.864830
  705.0      2.075596     18.440670      3.204143      2.874597
  710.0      2.097850     18.570125      3.215892      2.884145
  715.0      2.122235     18.699694      3.227834      2.893486
  720.0      2.148595     18.829344      3.239954      2.902629
  725.0      2.176777     18.959041      3.252235      2.911585
  730.0      2.206626     19.088752      3.264660      2.920365
  735.0      2.237988     19.218445      3.277213      2.928979
  740.0      2.270709     19.348086      3.289878      2.937438
  745.0      2.304633     19.477642      3.302637      2.945751
  750.0      2.339607     19.607080      3.315474      2.953930
  755.0      2.375476     19.736367      3.328373      2.961985
  760.0      2.412086     19.865470      3.341318      2.969927
  765.0      2.449283     19.994355      3.354291      2.977766
  770.0      2.486911     20.122989      3.367276      2.985512
  775.0      2.524817     20.251340      3.380257      2.993177
  780.0      2.562847     20.379373      3.393217      3.000769
  785.0      2.600846     20.507057      3.406140      3.008301
  790.0      2.638659     20.634358      3.419008      3.015782
  795.0      2.676132     20.761242      3.431806      3.023224
  800.0      2.713111     20.887678      3.444517      3.030635
  805.0      2.749442     21.013630      3.457125      3.038028
  810.0      2.784970     21.139067      3.469613      3.045412
  815.0      2.819540     21.263956      3.481964      3.052798
  820.0      2.852998     21.388262      3.494161      3.060197
  825.0      2.885191     21.511954      3.506190      3.067619
  830.0      2.915972     21.634999      3.518032      3.075073
  835.0      2.945291     21.757390      3.529685      3.082564
  840.0      2.973159     21.879132      3.541148      3.090091
  845.0      2.999586     22.000230      3.552424      3.097654
  850.0      3.024584     22.120690      3.563513      3.105252
  855.0      3.048163     22.240518      3.574418      3.112886
  860.0      3.070335     22.359719      3.585139      3.120555
  865.0      3.091110     22.478299      3.595678      3.128258
  870.0      3.110499     22.596264      3.606036      3.135996
  875.0      3.128514     22.713619      3.616215      3.143767
  880.0      3.145165     22.830371      3.626216      3.151572
  885.0      3.160464     22.946523      3.636041      3.159410
  890.0      3.174420     23.062083      3.645691      3.167281
  895.0      3.187046     23.177056      3.655167      3.175185
  900.0      3.198352     23.291447      3.664471      3.183121
  905.0      3.208350     23.405263      3.673604      3.191089
  910.0      3.217049     23.518508      3.682567      3.199088
  915.0      3.224462     23.631189      3.691363      3.207119
  920.0      3.230598     23.743311      3.699992      3.215180
  925.0      3.235470     23.854880      3.708455      3.223272
  930.0      3.239088     23.965901      3.716755      3.231394
  935.0      3.241462     24.076380      3.724893      3.239547
  940.0      3.242605     24.186323      3.732869      3.247729
  945.0      3.242527     24.295735      3.740686      3.255940
  950.0      3.241238     24.404622      3.748345      3.264180
  955.0      3.238751     24.512990      3.755847      3.272448
  960.0      3.235075     24.620844      3.763193      3.280745
  965.0      3.230222     24.728190      3.770386      3.289070
  970.0      3.224203     24.835033      3.777426      3.297422
  975.0      3.217028     24.941380      3.784315      3.305801
  980.0      3.208710     25.047236      3.791054      3.314208
  985.0      3.199258     25.152606      3.797645      3.322641
  990.0      3.188683     25.257496      3.804089      3.331100
  995.0      3.176998     25.361912      3.810388      3.339585
 1000.0      3.164212     25.465859      3.816542      3.348096
 1005.0      3.150336     25.569344      3.822553      3.356632
 1010.0      3.135382     25.672371      3.828424      3.365193
 1015.0      3.119361     25.774947      3.834154      3.373779
 1020.0      3.102283     25.877077      3.839746      3.382389
 1025.0      3.084159     25.978766      3.845201      3.391022
 1030.0      3.065001     26.080021      3.850520      3.399680
 1035.0      3.044820     26.180846      3.855705      3.408360
 1040.0      3.023625     26.281248      3.860757      3.417064
 1045.0      3.001430     26.381233      3.865677      3.425790
 1050.0      2.978243     26.480805      3.870467      3.434538
 1055.0      2.954077     26.579971      3.875129      3.443309
 1060.0      2.928942     26.678736      3.879664      3.452101
 1065.0      2.902849     26.777106      3.884072      3.460914
 1070.0      2.875809     26.875086      3.888357      3.469748
 1075.0      2.847834     26.972683      3.892518      3.478603
 1080.0      2.818933     27.069901      3.896557      3.487478
 1085.0      2.789119     27.166747      3.900477      3.496372
 1090.0      2.758402     27.263226      3.904277      3.505287
 1095.0      2.726793     27.359343      3.907960      3.514221
 1100.0      2.694303     27.455105      3.911527      3.523173
 1105.0      2.660943     27.550517      3.914980      3.532145
 1110.0      2.626723     27.645584      3.918319      3.541134
 1115.0      2.591656     27.740313      3.921547      3.550142
 1120.0      2.555752     27.834708      3.924664      3.559167
 1125.0      2.519021     27.928776      3.927672      3.568209
 1130.0      2.481476     28.022523      3.930573      3.577269
 1135.0      2.443126     28.115953      3.933367      3.586345
 1140.0      2.403983     28.209073      3.936057      3.595437
 1145.0      2.364058     28.301888      3.938643      3.604545
 1150.0      2.323361     28.394404      3.941128      3.613669
 1155.0      2.281904     28.486626      3.943512      3.622808
 1160.0      2.239698     28.578560      3.945796      3.631962
 1165.0      2.196753     28.670212      3.947983      3.641130
 1170.0      2.153081     28.761587      3.950074      3.650313
 1175.0      2.108693     28.852692      3.952070      3.659510
 1180.0      2.063599     28.943531      3.953972      3.668721
 1185.0      2.017811     29.034110      3.955782      3.677944
 1190.0      1.971339     29.124436      3.957502      3.687181
 1195.0      1.924195     29.214513      3.959132      3.696430
 1200.0      1.876389     29.304347      3.960674      3.705692
 1205.0      1.827932     29.393944      3.962130      3.714965
 1210.0      1.778836     29.483310      3.963501      3.724251
 1215.0      1.729111     29.572450      3.964788      3.733547
 1220.0      1.678768     29.661370      3.965992      3.742854
 1225.0      1.627819     29.750075      3.967116      3.752173
 1230.0      1.576274     29.838571      3.968161      3.761501
 1235.0      1.524144     29.926864      3.969127      3.770839
 1240.0      1.471440     30.014960      3.970017      3.780187
 1245.0      1.418174     30.102864      3.970832      3.789544
 1250.0      1.364356     30.190581      3.971572      3.798910
 1255.0      1.309996     30.278118      3.972241      3.808285
 1260.0      1.255107     30.365479      3.972838      3.817668
 1265.0      1.199699     30.452672      3.973366      3.827059
 1270.0      1.143783     30.539700      3.973825      3.836458
 1275.0      1.087370     30.626571      3.974218      3.845864
 1280.0      1.030470     30.713289      3.974545      3.855277
 1285.0      0.973096     30.799861      3.974808      3.864697
 1290.0      0.915258     30.886291      3.975009      3.874122
 1295.0      0.856966     30.972586      3.975149      3.883554
 1300.0      0.798232     31.058751      3.975228      3.892992
 1305.0      0.739067     31.144791      3.975250      3.902434
 1310.0      0.679482     31.230714      3.975214      3.911882
 1315.0      0.619488     31.316523      3.975123      3.921335
 1320.0      0.559095     31.402225      3.974978      3.930791
 1325.0      0.498315     31.487825      3.974780      3.940252
 1330.0      0.437159     31.573330      3.974530      3.949716
 1335.0      0.375637     31.658744      3.974231      3.959184
 1340.0      0.313761     31.744074      3.973883      3.968655
 1345.0      0.251541     31.829324      3.973489      3.978128
 1350.0      0.188989     31.914501      3.973048      3.987603
 1355.0      0.126116     31.999611      3.972563      3.997081
 1360.0      0.062932     32.084658      3.972035      4.006560
 1365.0     -0.000552     32.169649      3.971466      4.016040
 1370.0     -0.064324     32.254589      3.970856      4.025522
 1375.0     -0.128374     32.339484      3.970208      4.035004
 1380.0     -0.192690     32.424339      3.969523      4.044486
 1385.0     -0.257262     32.509161      3.968802      4.053969
 1390.0     -0.322079     32.593954      3.968046      4.063451
 1395.0     -0.387130     32.678725      3.967257      4.072932
 1400.0     -0.452403     32.763479      3.966437      4.082413
 1405.0     -0.517888     32.848221      3.965586      4.091892
 1410.0     -0.583574     32.932958      3.964707      4.101369
 1415.0     -0.649450     33.017695      3.963800      4.110844
 1420.0     -0.715504     33.102438      3.962867      4.120317
 1425.0     -0.781727     33.187192      3.961909      4.129788
 1430.0     -0.848106     33.271963      3.960928      4.139255
 1435.0     -0.914632     33.356756      3.959926      4.148719
 1440.0     -0.981292     33.441578      3.958903      4.158179
 1445.0     -1.048077     33.526433      3.957861      4.167635
 1450.0     -1.114974     33.611328      3.956801      4.177087
 1455.0     -1.181974     33.696269      3.955725      4.186534
 1460.0     -1.249065     33.781260      3.954635      4.195977
 1465.0     -1.316236     33.866307      3.953531      4.205414
 1470.0     -1.383476     33.951417      3.952415      4.214845
 1475.0     -1.450774     34.036595      3.951288      4.224270
 1480.0     -1.518119     34.121845      3.950152      4.233689
 1485.0     -1.585501     34.207175      3.949009      4.243101
 1490.0     -1.652908     34.292590      3.947859      4.252506
 1495.0     -1.720330     34.378095      3.946704      4.261904
 1500.0     -1.787754     34.463696      3.945546      4.271294
 1505.0     -1.855171     34.549398      3.944386      4.280677
 1510.0     -1.922570     34.635208      3.943225      4.290051
 1515.0     -1.989939     34.721131      3.942064      4.299416
 1520.0     -2.057267     34.807172      3.940906      4.308772
 1525.0     -2.124544     34.893338      3.939751      4.318119
 1530.0     -2.191759     34.979633      3.938601      4.327456
 1535.0     -2.258900     35.066064      3.937457      4.336783
 1540.0     -2.325956     35.152636      3.936321      4.346100
 1545.0     -2.392918     35.239355      3.935194      4.355407
 1550.0     -2.459772     35.326226      3.934078      4.364702
 1555.0     -2.526510     35.413256      3.932974      4.373986
 1560.0     -2.593119     35.500449      3.931883      4.383258
 1565.0     -2.659589     35.587811      3.930806      4.392518
 1570.0     -2.725909     35.675349      3.929746      4.401766
 1575.0     -2.792068     35.763067      3.928703      4.411002
 1580.0     -2.858054     35.850971      3.927680      4.420224
 1585.0     -2.923857     35.939068      3.926676      4.429433
 1590.0     -2.989466     36.027362      3.925695      4.438628
 1595.0     -3.054871     36.115859      3.924737      4.447810
 1600.0     -3.120059     36.204565      3.923803      4.456977
 1605.0     -3.185019     36.293486      3.922895      4.466129
 1610.0     -3.249742     36.382627      3.922015      4.475267
 1615.0     -3.314216     36.471994      3.921163      4.484389
 1620.0     -3.378431     36.561592      3.920341      4.493495
 1625.0     -3.442374     36.651427      3.919552      4.502586
 1630.0     -3.506035     36.741506      3.918795      4.511660
 1635.0     -3.569404     36.831832      3.918072      4.520718
 1640.0     -3.632468     36.922413      3.917386      4.529758
 1645.0     -3.695218     37.013253      3.916737      4.538782
 1650.0     -3.757642     37.104359      3.916126      4.547787
 1655.0     -3.819729     37.195735      3.915555      4.556775
 1660.0     -3.881469     37.287389      3.915026      4.565744
 1665.0     -3.942850     37.379324      3.914540      4.574695
 1670.0     -4.003861     37.471548      3.914098      4.583627
 1675.0     -4.064492     37.564065      3.913701      4.592539
 1680.0     -4.124731     37.656881      3.913352      4.601432
 1685.0     -4.184568     37.750002      3.913051      4.610305
 1690.0     -4.243991     37.843434      3.912800      4.619157
 1695.0     -4.302990     37.937182      3.912600      4.627989
 1700.0     -4.361553     38.031252      3.912453      4.636800
 1705.0     -4.419669     38.125649      3.912360      4.645590
 1710.0     -4.477329     38.220379      3.912323      4.654358
 1715.0     -4.534520     38.315448      3.912343      4.663104
 1720.0     -4.591231     38.410861      3.912420      4.671827
 1725.0     -4.647452     38.506625      3.912558      4.680529
 1730.0     -4.703172     38.602744      3.912757      4.689207
 1735.0     -4.758380     38.699224      3.913018      4.697862
 1740.0     -4.813065     38.796071      3.913343      4.706493
 1745.0     -4.867215     38.893291      3.913734      4.715100
 1750.0     -4.920820     38.990890      3.914191      4.723683
 1755.0     -4.973869     39.088872      3.914716      4.732241
 1760.0     -5.026351     39.187243      3.915311      4.740775
 1765.0     -5.078255     39.286010      3.915977      4.749283
 1770.0     -5.129570     39.385178      3.916716      4.757765
 1775.0     -5.180284     39.484752      3.917528      4.766222
 1780.0     -5.230388     39.584739      3.918415      4.774652
 1785.0     -5.279870     39.685143      3.919379      4.783056
 1790.0     -5.328719     39.785970      3.920421      4.791432
 1795.0     -5.376924     39.887227      3.921542      4.799782
 1800.0     -5.424474     39.988918      3.922745      4.808103
 1805.0     -5.471358     40.091050      3.924029      4.816397
 1810.0     -5.517566     40.193628      3.925397      4.824663
 1815.0     -5.563085     40.296657      3.926850      4.832900
 1820.0     -5.607906     40.400143      3.928389      4.841108
 1825.0     -5.652017     40.504093      3.930017      4.849286
 1830.0     -5.695408     40.608511      3.931733      4.857436
 1835.0     -5.738067     40.713404      3.933540      4.865555
 1840.0     -5.779983     40.818776      3.935440      4.873643
 1845.0     -5.821146     40.924634      3.937432      4.881702
 1850.0     -5.861544     41.030983      3.939520      4.889729
 1855.0     -5.901166     41.137829      3.941704      4.897725
 1860.0     -5.940002     41.245177      3.943985      4.905690
 1865.0     -5.978041     41.353033      3.946366      4.913622
 1870.0     -6.015271     41.461403      3.948847      4.921522
 1875.0     -6.051681     41.570293      3.951430      4.929390
 1880.0     -6.087261     41.679707      3.954116      4.937224
 1885.0     -6.122000     41.789653      3.956907      4.945026
 1890.0     -6.155887     41.900134      3.959804      4.952794
 1895.0     -6.188910     42.011158      3.962809      4.960528
 1900.0     -6.221059     42.122729      3.965923      4.968227
 1905.0     -6.252323     42.234853      3.969147      4.975892
 1910.0     -6.282690     42.347537      3.972482      4.983522
 1915.0     -6.312150     42.460785      3.975931      4.991117
 1920.0     -6.340692     42.574603      3.979495      4.998676
 1925.0     -6.368305     42.688997      3.983174      5.006199
 1930.0     -6.394978     42.803972      3.986971      5.013686
 1935.0     -6.420700     42.919535      3.990886      5.021137
 1940.0     -6.445460     43.035690      3.994922      5.028550
 1945.0     -6.469247     43.152444      3.999079      5.035927
 1950.0     -6.492049     43.269802      4.003359      5.043265
 1955.0     -6.513857     43.387770      4.007764      5.050566
 1960.0     -6.534659     43.506353      4.012294      5.057828
 1965.0     -6.554444     43.625557      4.016952      5.065052
 1970.0     -6.573201     43.745388      4.021738      5.072237
 1975.0     -6.590920     43.865851      4.026654      5.079383
 1980.0     -6.607588     43.986951      4.031702      5.086489
 1985.0     -6.623196     44.108696      4.036882      5.093555
 1990.0     -6.637732     44.231090      4.042197      5.100581
 1995.0     -6.651185     44.354139      4.047647      5.107566
 2000.0     -6.663545     44.477848      4.053235      5.114511
 2005.0     -6.674800     44.602223      4.058961      5.121414
 2010.0     -6.684939     44.727270      4.064826      5.128276
 2015.0     -6.693952     44.852995      4.070833      5.135095
 2020.0     -6.701827     44.979403      4.076983      5.141873
 2025.0     -6.708553     45.106500      4.083277      5.148608
 2030.0     -6.714120     45.234291      4.089716      5.155299
 2035.0     -6.718517     45.362782      4.096302      5.161948
 2040.0     -6.721732     45.491978      4.103036      5.168553
 2045.0     -6.723755     45.621886      4.109920      5.175114
 2050.0     -6.724574     45.752512      4.116955      5.181631
 2055.0     -6.724179     45.883859      4.124143      5.188104
 2060.0     -6.722559     46.015935      4.131485      5.194531
 2065.0     -6.719702     46.148745      4.138981      5.200913
 2070.0     -6.715599     46.282295      4.146635      5.207250
 2075.0     -6.710236     46.416589      4.154447      5.213541
 2080.0     -6.703605     46.551635      4.162418      5.219785
 2085.0     -6.695694     46.687437      4.170550      5.225983
 2090.0     -6.686491     46.824001      4.178845      5.232134
 2095.0     -6.675986     46.961333      4.187303      5.238238
 2100.0     -6.664168     47.099439      4.195927      5.244294
 2105.0     -6.651026     47.238323      4.204717      5.250303
 2110.0     -6.636549     47.377993      4.213675      5.256263
 2115.0     -6.620726     47.518452      4.222802      5.262174
 2120.0     -6.603546     47.659708      4.232101      5.268037
 2125.0     -6.584998     47.801765      4.241571      5.273850
 2130.0     -6.565072     47.944630      4.251215      5.279614
 2135.0     -6.543755     48.088308      4.261034      5.285328
 2140.0     -6.521037     48.232804      4.271029      5.290992
 2145.0     -6.496908     48.378124      4.281203      5.296605
 2150.0     -6.471356     48.524275      4.291555      5.302167
 2155.0     -6.444370     48.671261      4.302088      5.307678
 2160.0     -6.415939     48.819088      4.312803      5.313138
 2165.0     -6.386053     48.967762      4.323702      5.318545
 2170.0     -6.354700     49.117288      4.334785      5.323901
 2175.0     -6.321869     49.267673      4.346055      5.329203
 2180.0     -6.287550     49.418921      4.357512      5.334453
 2185.0     -6.251731     49.571039      4.369158      5.339650
 2190.0     -6.214401     49.724032      4.380995      5.344793
 2195.0     -6.175550     49.877906      4.393024      5.349882
 2200.0     -6.135167     50.032666      4.405246      5.354918
 2205.0     -6.093240     50.188317      4.417663      5.359898
 2210.0     -6.049758     50.344867      4.430275      5.364824
 2215.0     -6.004711     50.502320      4.443086      5.369694
 2220.0     -5.958088     50.660682      4.456095      5.374509
 2225.0     -5.909877     50.819958      4.469304      5.379268
 2230.0     -5.860069     50.980155      4.482715      5.383971
 2235.0     -5.808650     51.141277      4.496330      5.388617
 2240.0     -5.755612     51.303331      4.510148      5.393206
 2245.0     -5.700942     51.466322      4.524173      5.397738
 2250.0     -5.644630     51.630256      4.538405      5.402213
 2255.0     -5.586665     51.795138      4.552846      5.406629
 2260.0     -5.527036     51.960975      4.567497      5.410988
 2265.0     -5.465732     52.127771      4.582359      5.415288
 2270.0     -5.402741     52.295533      4.597435      5.419529
 2275.0     -5.338054     52.464266      4.612725      5.423711
 2280.0     -5.271658     52.633975      4.628230      5.427833
 2285.0     -5.203544     52.804667      4.643953      5.431895
 2290.0     -5.133699     52.976346      4.659894      5.435898
 2295.0     -5.062114     53.149020      4.676056      5.439839
 2300.0     -4.988777     53.322692      4.692438      5.443720
 2305.0     -4.913676     53.497370      4.709044      5.447540
 2310.0     -4.836802     53.673058      4.725874      5.451298
 2315.0     -4.758144     53.849762      4.742929      5.454994
 2320.0     -4.677689     54.027488      4.760211      5.458628
 2325.0     -4.595427     54.206241      4.777722      5.462200
 2330.0     -4.511348     54.386028      4.795463      5.465708
 2335.0     -4.425440     54.566853      4.813435      5.469154
 2340.0     -4.337693     54.748723      4.831639      5.472536
 2345.0     -4.248095     54.931643      4.850078      5.475854
 2350.0     -4.156635     55.115619      4.868752      5.479108
 2355.0     -4.063303     55.300656      4.887663      5.482297
 2360.0     -3.968087     55.486760      4.906812      5.485421
 2365.0     -3.870976     55.673937      4.926201      5.488481
 2370.0     -3.771960     55.862192      4.945830      5.491474
 2375.0     -3.671028     56.051531      4.965703      5.494402
 2380.0     -3.568168     56.241959      4.985819      5.497264
 2385.0     -3.463370     56.433483      5.006181      5.500059
 2390.0     -3.356622     56.626108      5.026789      5.502787
 2395.0     -3.247915     56.819839      5.047645      5.505449
 2400.0     -3.137235     57.014682      5.068751      5.508042
 2405.0     -3.024574     57.210643      5.090108      5.510568
 2410.0     -2.909919     57.407728      5.111717      5.513026
 2415.0     -2.793260     57.605942      5.133580      5.515415
 2420.0     -2.674586     57.805290      5.155698      5.517735
 2425.0     -2.553885     58.005779      5.178072      5.519986
 2430.0     -2.431148     58.207414      5.200704      5.522167
 2435.0     -2.306362     58.410201      5.223596      5.524279
 2440.0     -2.179517     58.614145      5.246749      5.526320
 2445.0     -2.050603     58.819252      5.270163      5.528291
 2450.0     -1.919607     59.025527      5.293842      5.530192
 2455.0     -1.786519     59.232977      5.317785      5.532021
 2460.0     -1.651328     59.441607      5.341995      5.533778
 2465.0     -1.514024     59.651422      5.366472      5.535464
 2470.0     -1.374594     59.862429      5.391219      5.537077
 2475.0     -1.233029     60.074632      5.416236      5.538618
 2480.0     -1.089317     60.288038      5.441525      5.540086
