#Lambda        Dielectric Constant          Refractive Index
# [nm]        [Real]        [Imag]        [Real]        [Imag]
  100.0      0.139119      1.102998      0.790283      0.705021
  105.0      0.008909      1.426782      0.846624      0.840176
  110.0     -0.023063      1.570087      0.879577      0.892753
  115.0     -0.032217      1.608590      0.888792      0.906806
  120.0     -0.093973      1.617970      0.873919      0.926387
  125.0     -0.268490      1.658670      0.837528      0.986796
  130.0     -0.554881      1.730201      0.793865      1.088316
  135.0     -0.916161      1.861882      0.768424      1.222375
  140.0     -1.232000      2.263200      0.820000      1.380000
  145.0     -1.380869      3.050220      0.983010      1.540630
  150.0     -1.319775      3.785156      1.161051      1.637767
  155.0     -1.051437      4.062168      1.260330      1.622873
  160.0     -0.682868      4.157062      1.328314      1.565194
  165.0     -0.321220      4.384136      1.423843      1.536391
  170.0      0.030100      4.530000      1.510000      1.500000
  175.0      0.349827      4.381000      1.541532      1.421671
  180.0      0.441528      4.250117      1.535615      1.383634
  185.0      0.156688      4.443678      1.518470      1.460391
  190.0     -0.286363      4.714775      1.490065      1.578940
  195.0     -0.625813      4.767058      1.448605      1.650199
  200.0     -0.792772      4.659655      1.411488      1.668274
  205.0     -0.787108      4.584042      1.403527      1.657508
  210.0     -0.690800      4.905600      1.460000      1.680000
  215.0     -0.584244      5.907030      1.605720      1.787452
  220.0     -0.459376      7.366405      1.813190      1.952222
  225.0     -0.286069      8.928554      2.040903      2.126060
  230.0     -0.034385     10.209953      2.243633      2.257634
  235.0      0.316337     10.900622      2.384314      2.305883
  240.0      0.749844     11.013115      2.462249      2.273914
  245.0      1.240033     10.656461      2.487691      2.177985
  250.0      1.758315     10.003040      2.478327      2.042775
  255.0      2.270349      9.245568      2.453891      1.896000
  260.0      2.721265      8.594746      2.434882      1.769088
  265.0      3.073674      8.226632      2.438837      1.687783
  270.0      3.380624      8.160738      2.470691      1.651371
  275.0      3.702155      8.378477      2.531700      1.653310
  280.0      4.035831      8.865413      2.621017      1.690197
  285.0      4.384473      9.629485      2.738258      1.760290
  290.0      4.834394     10.763963      2.886994      1.865356
  295.0      5.509900     12.330057      3.072026      2.001751
  300.0      6.603763     14.175389      3.299132      2.140681
  305.0      8.228776     15.952673      3.561456      2.237972
  310.0     10.109344     16.748576      3.800646      2.213071
  315.0     11.893255     15.703131      3.954410      1.995035
  320.0     13.310233     12.735899      3.996201      1.587733
  325.0     14.144266      8.312645      3.924701      1.048552
  330.0     14.314477      4.304435      3.803775      0.574144
  335.0     13.852878      2.351777      3.698344      0.334201
  340.0     13.107892      1.767640      3.612379      0.251315
  345.0     12.438439      1.483012      3.536613      0.207852
  350.0     11.929002      1.228500      3.469787      0.172363
  355.0     11.575390      0.955300      3.411763      0.137382
  360.0     11.293153      0.697334      3.358877      0.105179
  365.0     10.998630      0.497283      3.307493      0.079397
  370.0     10.691575      0.350136      3.257624      0.059423
  375.0     10.389293      0.241073      3.210045      0.043790
  380.0     10.095872      0.163733      3.164943      0.031858
  385.0      9.812925      0.113341      3.122393      0.023144
  390.0      9.545397      0.083002      3.082616      0.016955
  395.0      9.299039      0.065295      3.045870      0.012546
  400.0      9.079502      0.052821      3.012425      0.009185
  405.0      8.890686      0.039532      2.982445      0.006260
  410.0      8.729571      0.024774      2.955663      0.003639
  415.0      8.590991      0.010039      2.931682      0.001401
  420.0      8.468100      0.000000      2.910000      0.000000
  425.0      8.354846      0.000000      2.890159      0.000000
  430.0      8.250037      0.000000      2.871966      0.000000
  435.0      8.153663      0.000000      2.855291      0.000008
  440.0      8.065600      0.000000      2.840000      0.000000
  445.0      7.985549      0.000000      2.825956      0.000000
  450.0      7.912632      0.000000      2.813029      0.000000
  455.0      7.845827      0.000000      2.801087      0.000000
  460.0      7.784100      0.000000      2.790000      0.000000
  465.0      7.726343      0.000000      2.779611      0.000000
  470.0      7.671147      0.000000      2.769667      0.000000
  475.0      7.617027      0.000000      2.759889      0.000000
  480.0      7.562500      0.000000      2.750000      0.000000
  485.0      7.506604      0.000000      2.739818      0.000000
  490.0      7.450469      0.000000      2.729552      0.000000
  495.0      7.395750      0.000000      2.719510      0.000000
  500.0      7.344100      0.000000      2.710000      0.000000
  505.0      7.296879      0.000000      2.701275      0.000000
  510.0      7.254266      0.000000      2.693376      0.000000
  515.0      7.216145      0.000000      2.686289      0.000000
  520.0      7.182400      0.000000      2.680000      0.000000
  525.0      7.152709      0.000000      2.674457      0.000000
  530.0      7.125918      0.000000      2.669445      0.000000
  535.0      7.100668      0.000000      2.664711      0.000000
  540.0      7.075600      0.000000      2.660000      0.000000
  545.0      7.049660      0.000000      2.655117      0.000000
  550.0      7.023025      0.000000      2.650096      0.000000
  555.0      6.996177      0.000000      2.645027      0.000000
  560.0      6.969600      0.000000      2.640000      0.000000
  565.0      6.943600      0.000000      2.635073      0.000000
  570.0      6.917781      0.000000      2.630171      0.000000
  575.0      6.891572      0.000000      2.625183      0.000000
  580.0      6.864400      0.000000      2.620000      0.000000
  585.0      6.836090      0.000000      2.614588      0.000000
  590.0      6.808050      0.000000      2.609218      0.000000
  595.0      6.782085      0.000000      2.604239      0.000000
  600.0      6.760000      0.000000      2.600000      0.000000
  605.0      6.742999      0.000000      2.596732      0.000000
  610.0      6.729882      0.000000      2.594206      0.000000
  615.0      6.718849      0.000000      2.592077      0.000000
  620.0      6.708100      0.000000      2.590000      0.000000
  625.0      6.696217      0.000000      2.587703      0.000000
  630.0      6.683311      0.000000      2.585208      0.000000
  635.0      6.669874      0.000000      2.582609      0.000000
  640.0      6.656400      0.000000      2.580000      0.000000
  645.0      6.643270      0.000000      2.577455      0.000000
  650.0      6.630424      0.000000      2.574962      0.000000
  655.0      6.617691      0.000000      2.572488      0.000000
  660.0      6.604900      0.000000      2.570000      0.000000
  665.0      6.591941      0.000000      2.567477      0.000000
  670.0      6.578944      0.000000      2.564944      0.000000
  675.0      6.566100      0.000000      2.562439      0.000000
  680.0      6.553600      0.000000      2.560000      0.000000
  685.0      6.541504      0.000000      2.557637      0.000000
  690.0      6.529351      0.000000      2.555261      0.000000
  695.0      6.516547      0.000000      2.552754      0.000000
  700.0      6.502500      0.000000      2.550000      0.000000
  705.0      6.487078      0.000000      2.546972      0.000000
  710.0      6.472001      0.000000      2.544010      0.000000
  715.0      6.459448      0.000000      2.541543      0.000000
  720.0      6.451600      0.000000      2.540000      0.000000
  725.0      6.449711      0.000000      2.539629      0.000000
  730.0      6.451331      0.000000      2.539948      0.000000
  735.0      6.453086      0.000000      2.540293      0.000000
  740.0      6.451600      0.000000      2.540000      0.000000
  745.0      6.444361      0.000000      2.538574      0.000000
  750.0      6.432301      0.000000      2.536197      0.000000
  755.0      6.417216      0.000000      2.533222      0.000000
  760.0      6.400900      0.000000      2.530000      0.000000
  765.0      6.385011      0.000000      2.526858      0.000000
  770.0      6.370654      0.000000      2.524015      0.000000
  775.0      6.358795      0.000000      2.521665      0.000000
  780.0      6.350400      0.000000      2.520000      0.000000
  785.0      6.346117      0.000000      2.519150      0.000000
  790.0      6.345319      0.000000      2.518991      0.000000
  795.0      6.347062      0.000000      2.519337      0.000000
  800.0      6.350400      0.000000      2.520000      0.000000
  805.0      6.354226      0.000000      2.520761      0.000000
  810.0      6.356782      0.000000      2.521269      0.000000
  815.0      6.356147      0.000000      2.521143      0.000000
  820.0      6.350400      0.000000      2.520000      0.000000
  825.0      6.338593      0.000000      2.517652      0.000000
  830.0      6.323666      0.000000      2.514684      0.000000
  835.0      6.309531      0.000000      2.511874      0.000000
  840.0      6.300100      0.000000      2.510000      0.000000
  845.0      6.297917      0.000000      2.509568      0.000000
  850.0      6.300053      0.000000      2.509994      0.000000
  855.0      6.302213      0.000000      2.510423      0.000000
  860.0      6.300100      0.000000      2.510000      0.000000
  865.0      6.290778      0.000000      2.508138      0.000000
  870.0      6.276747      0.000000      2.505338      0.000000
  875.0      6.261868      0.000000      2.502369      0.000000
  880.0      6.250000      0.000000      2.500000      0.000000
  885.0      6.244068      0.000000      2.498815      0.000000
  890.0      6.243258      0.000000      2.498653      0.000000
  895.0      6.245819      0.000000      2.499164      0.000000
  900.0      6.250000      0.000000      2.500000      0.000000
  905.0      6.254085      0.000000      2.500817      0.000000
  910.0      6.256484      0.000000      2.501298      0.000000
  915.0      6.255641      0.000000      2.501130      0.000000
  920.0      6.250000      0.000000      2.500000      0.000000
  925.0      6.238812      0.000000      2.497758      0.000000
  930.0      6.224567      0.000000      2.494903      0.000000
  935.0      6.210563      0.000000      2.492097      0.000000
  940.0      6.200100      0.000000      2.490000      0.000000
  945.0      6.195545      0.000000      2.489087      0.000000
  950.0      6.195548      0.000000      2.489088      0.000000
  955.0      6.197827      0.000000      2.489545      0.000000
  960.0      6.200100      0.000000      2.490000      0.000000
  965.0      6.200658      0.000000      2.490112      0.000000
  970.0      6.200079      0.000000      2.489995      0.000000
  975.0      6.199510      0.000000      2.489881      0.000000
  980.0      6.200100      0.000000      2.490000      0.000000
  985.0      6.202420      0.000000      2.490467      0.000000
  990.0      6.204734      0.000000      2.490933      0.000000
  995.0      6.204732      0.000000      2.490932      0.000000
 1000.0      6.200100      0.000000      2.490000      0.000000
 1005.0      6.189485      0.000000      2.487864      0.000000
 1010.0      6.175370      0.000000      2.485024      0.000000
 1015.0      6.161195      0.000000      2.482172      0.000000
 1020.0      6.150400      0.000000      2.480000      0.000000
 1025.0      6.145498      0.000000      2.479014      0.000000
 1030.0      6.145285      0.000000      2.478971      0.000000
 1035.0      6.147630      0.000000      2.479443      0.000000
 1040.0      6.150400      0.000000      2.480000      0.000000
 1045.0      6.151890      0.000000      2.480300      0.000000
 1050.0      6.152102      0.000000      2.480343      0.000000
 1055.0      6.151463      0.000000      2.480214      0.000000
 1060.0      6.150400      0.000000      2.480000      0.000000
 1065.0      6.149341      0.000000      2.479786      0.000000
 1070.0      6.148707      0.000000      2.479658      0.000000
 1075.0      6.148920      0.000000      2.479701      0.000000
 1080.0      6.150400      0.000000      2.480000      0.000000
 1085.0      6.153147      0.000000      2.480555      0.000000
 1090.0      6.155470      0.000000      2.481024      0.000000
 1095.0      6.155258      0.000000      2.480981      0.000000
 1100.0      6.150400      0.000000      2.480000      0.000000
 1105.0      6.139700      0.000000      2.477838      0.000000
 1110.0      6.125626      0.000000      2.474995      0.000000
 1115.0      6.111564      0.000000      2.472154      0.000000
 1120.0      6.100900      0.000000      2.470000      0.000000
 1125.0      6.096096      0.000000      2.469029      0.000000
 1130.0      6.095926      0.000000      2.468995      0.000000
 1135.0      6.098243      0.000000      2.469463      0.000000
 1140.0      6.100900      0.000000      2.470000      0.000000
 1145.0      6.102200      0.000000      2.470263      0.000000
 1150.0      6.102256      0.000000      2.470274      0.000000
 1155.0      6.101634      0.000000      2.470148      0.000000
 1160.0      6.100900      0.000000      2.470000      0.000000
 1165.0      6.100504      0.000000      2.469920      0.000000
 1170.0      6.100448      0.000000      2.469909      0.000000
 1175.0      6.100618      0.000000      2.469943      0.000000
 1180.0      6.100900      0.000000      2.470000      0.000000
 1185.0      6.101182      0.000000      2.470057      0.000000
 1190.0      6.101351      0.000000      2.470091      0.000000
 1195.0      6.101295      0.000000      2.470080      0.000000
 1200.0      6.100900      0.000000      2.470000      0.000000
 1205.0      6.100167      0.000000      2.469852      0.000000
 1210.0      6.099547      0.000000      2.469726      0.000000
 1215.0      6.099603      0.000000      2.469737      0.000000
 1220.0      6.100900      0.000000      2.470000      0.000000
 1225.0      6.103550      0.000000      2.470537      0.000000
 1230.0      6.105861      0.000000      2.471006      0.000000
 1235.0      6.105692      0.000000      2.470972      0.000000
 1240.0      6.100900      0.000000      2.470000      0.000000
 1245.0      6.090265      0.000000      2.467843      0.000000
 1250.0      6.076248      0.000000      2.465000      0.000000
 1255.0      6.062232      0.000000      2.462157      0.000000
 1260.0      6.051600      0.000000      2.460000      0.000000
 1265.0      6.046813      0.000000      2.459029      0.000000
 1270.0      6.046647      0.000000      2.458995      0.000000
 1275.0      6.048958      0.000000      2.459464      0.000000
 1280.0      6.051600      0.000000      2.460000      0.000000
 1285.0      6.052883      0.000000      2.460260      0.000000
 1290.0      6.052927      0.000000      2.460269      0.000000
 1295.0      6.052308      0.000000      2.460143      0.000000
 1300.0      6.051600      0.000000      2.460000      0.000000
 1305.0      6.051256      0.000000      2.459930      0.000000
 1310.0      6.051244      0.000000      2.459928      0.000000
 1315.0      6.051410      0.000000      2.459962      0.000000
 1320.0      6.051600      0.000000      2.460000      0.000000
 1325.0      6.051692      0.000000      2.460018      0.000000
 1330.0      6.051695      0.000000      2.460019      0.000000
 1335.0      6.051650      0.000000      2.460010      0.000000
 1340.0      6.051600      0.000000      2.460000      0.000000
 1345.0      6.051576      0.000000      2.459995      0.000000
 1350.0      6.051576      0.000000      2.459995      0.000000
 1355.0      6.051588      0.000000      2.459997      0.000000
 1360.0      6.051600      0.000000      2.460000      0.000000
 1365.0      6.051604      0.000000      2.460001      0.000000
 1370.0      6.051602      0.000000      2.460000      0.000000
 1375.0      6.051599      0.000000      2.460000      0.000000
 1380.0      6.051600      0.000000      2.460000      0.000000
 1385.0      6.051608      0.000000      2.460001      0.000000
 1390.0      6.051617      0.000000      2.460003      0.000000
 1395.0      6.051617      0.000000      2.460003      0.000000
 1400.0      6.051600      0.000000      2.460000      0.000000
 1405.0      6.051563      0.000000      2.459993      0.000000
 1410.0      6.051530      0.000000      2.459986      0.000000
 1415.0      6.051532      0.000000      2.459986      0.000000
 1420.0      6.051600      0.000000      2.460000      0.000000
 1425.0      6.051740      0.000000      2.460029      0.000000
 1430.0      6.051863      0.000000      2.460054      0.000000
 1435.0      6.051854      0.000000      2.460052      0.000000
 1440.0      6.051600      0.000000      2.460000      0.000000
 1445.0      6.051077      0.000000      2.459893      0.000000
 1450.0      6.050619      0.000000      2.459800      0.000000
 1455.0      6.050652      0.000000      2.459807      0.000000
 1460.0      6.051600      0.000000      2.460000      0.000000
 1465.0      6.053553      0.000000      2.460398      0.000000
 1470.0      6.055261      0.000000      2.460746      0.000000
 1475.0      6.055139      0.000000      2.460721      0.000000
 1480.0      6.051600      0.000000      2.460000      0.000000
 1485.0      6.043543      0.000000      2.458359      0.000000
 1490.0      6.031798      0.000000      2.455967      0.000000
 1495.0      6.017679      0.000000      2.453091      0.000000
 1500.0      6.002500      0.000000      2.450000      0.000000
 1505.0      5.987355      0.000000      2.446916      0.000000
 1510.0      5.972461      0.000000      2.443882      0.000000
 1515.0      5.957816      0.000000      2.440899      0.000000
 1520.0      5.943420      0.000000      2.437966      0.000000
 1525.0      5.929270      0.000000      2.435084      0.000000
 1530.0      5.915366      0.000000      2.432252      0.000000
 1535.0      5.901705      0.000000      2.429469      0.000000
 1540.0      5.888285      0.000000      2.426735      0.000000
 1545.0      5.875105      0.000000      2.424050      0.000000
 1550.0      5.862163      0.000000      2.421413      0.000000
 1555.0      5.849458      0.000000      2.418825      0.000000
 1560.0      5.836988      0.000000      2.416284      0.000000
 1565.0      5.824751      0.000000      2.413791      0.000000
 1570.0      5.812746      0.000000      2.411344      0.000000
 1575.0      5.800971      0.000000      2.408944      0.000000
 1580.0      5.789424      0.000000      2.406591      0.000000
 1585.0      5.778104      0.000000      2.404284      0.000000
 1590.0      5.767009      0.000000      2.402023      0.000000
 1595.0      5.756137      0.000000      2.399808      0.000000
 1600.0      5.745487      0.000000      2.397637      0.000000
 1605.0      5.735057      0.000000      2.395511      0.000000
 1610.0      5.724845      0.000000      2.393429      0.000000
 1615.0      5.714850      0.000000      2.391392      0.000000
 1620.0      5.705070      0.000000      2.389398      0.000000
 1625.0      5.695504      0.000000      2.387447      0.000000
 1630.0      5.686149      0.000000      2.385540      0.000000
 1635.0      5.677004      0.000000      2.383676      0.000000
 1640.0      5.668068      0.000000      2.381854      0.000000
 1645.0      5.659339      0.000000      2.380074      0.000000
 1650.0      5.650815      0.000000      2.378335      0.000000
 1655.0      5.642495      0.000000      2.376638      0.000000
 1660.0      5.634376      0.000000      2.374982      0.000000
 1665.0      5.626457      0.000000      2.373367      0.000000
 1670.0      5.618737      0.000000      2.371792      0.000000
 1675.0      5.611214      0.000000      2.370257      0.000000
 1680.0      5.603886      0.000000      2.368762      0.000000
 1685.0      5.596752      0.000000      2.367307      0.000000
 1690.0      5.589810      0.000000      2.365890      0.000000
 1695.0      5.583058      0.000000      2.364512      0.000000
 1700.0      5.576494      0.000000      2.363172      0.000000
 1705.0      5.570118      0.000000      2.361871      0.000000
 1710.0      5.563927      0.000000      2.360607      0.000000
 1715.0      5.557920      0.000000      2.359380      0.000000
 1720.0      5.552094      0.000000      2.358190      0.000000
 1725.0      5.546449      0.000000      2.357037      0.000000
 1730.0      5.540982      0.000000      2.355921      0.000000
 1735.0      5.535692      0.000000      2.354841      0.000000
 1740.0      5.530578      0.000000      2.353796      0.000000
 1745.0      5.525638      0.000000      2.352787      0.000000
 1750.0      5.520870      0.000000      2.351812      0.000000
 1755.0      5.516272      0.000000      2.350872      0.000000
 1760.0      5.511843      0.000000      2.349966      0.000000
 1765.0      5.507581      0.000000      2.349095      0.000000
 1770.0      5.503485      0.000000      2.348257      0.000000
 1775.0      5.499553      0.000000      2.347453      0.000000
 1780.0      5.495782      0.000000      2.346681      0.000000
 1785.0      5.492172      0.000000      2.345942      0.000000
 1790.0      5.488720      0.000000      2.345235      0.000000
 1795.0      5.485426      0.000000      2.344561      0.000000
 1800.0      5.482288      0.000000      2.343918      0.000000
 1805.0      5.479304      0.000000      2.343306      0.000000
 1810.0      5.476471      0.000000      2.342725      0.000000
 1815.0      5.473789      0.000000      2.342175      0.000000
 1820.0      5.471256      0.000000      2.341655      0.000000
 1825.0      5.468871      0.000000      2.341165      0.000000
 1830.0      5.466631      0.000000      2.340705      0.000000
 1835.0      5.464535      0.000000      2.340274      0.000000
 1840.0      5.462581      0.000000      2.339872      0.000000
 1845.0      5.460768      0.000000      2.339499      0.000000
 1850.0      5.459094      0.000000      2.339154      0.000000
 1855.0      5.457557      0.000000      2.338837      0.000000
 1860.0      5.456156      0.000000      2.338547      0.000000
 1865.0      5.454889      0.000000      2.338285      0.000000
 1870.0      5.453754      0.000000      2.338050      0.000000
 1875.0      5.452750      0.000000      2.337841      0.000000
 1880.0      5.451875      0.000000      2.337658      0.000000
 1885.0      5.451128      0.000000      2.337502      0.000000
 1890.0      5.450506      0.000000      2.337371      0.000000
 1895.0      5.450008      0.000000      2.337265      0.000000
 1900.0      5.449633      0.000000      2.337184      0.000000
 1905.0      5.449378      0.000000      2.337128      0.000000
 1910.0      5.449243      0.000000      2.337096      0.000000
 1915.0      5.449225      0.000000      2.337088      0.000000
 1920.0      5.449323      0.000000      2.337104      0.000000
 1925.0      5.449535      0.000000      2.337143      0.000000
 1930.0      5.449860      0.000000      2.337204      0.000000
 1935.0      5.450295      0.000000      2.337288      0.000000
 1940.0      5.450840      0.000000      2.337395      0.000000
 1945.0      5.451492      0.000000      2.337523      0.000000
 1950.0      5.452251      0.000000      2.337673      0.000000
 1955.0      5.453114      0.000000      2.337844      0.000000
 1960.0      5.454079      0.000000      2.338036      0.000000
 1965.0      5.455145      0.000000      2.338249      0.000000
 1970.0      5.456310      0.000000      2.338482      0.000000
 1975.0      5.457573      0.000000      2.338735      0.000000
 1980.0      5.458932      0.000000      2.339007      0.000000
 1985.0      5.460385      0.000000      2.339298      0.000000
 1990.0      5.461931      0.000000      2.339608      0.000000
 1995.0      5.463568      0.000000      2.339937      0.000000
 2000.0      5.465294      0.000000      2.340284      0.000000
 2005.0      5.467108      0.000000      2.340649      0.000000
 2010.0      5.469008      0.000000      2.341031      0.000000
 2015.0      5.470993      0.000000      2.341430      0.000000
 2020.0      5.473060      0.000000      2.341847      0.000000
 2025.0      5.475208      0.000000      2.342280      0.000000
 2030.0      5.477435      0.000000      2.342730      0.000000
 2035.0      5.479740      0.000000      2.343195      0.000000
 2040.0      5.482122      0.000000      2.343675      0.000000
 2045.0      5.484578      0.000000      2.344171      0.000000
 2050.0      5.487107      0.000000      2.344681      0.000000
 2055.0      5.489707      0.000000      2.345206      0.000000
 2060.0      5.492377      0.000000      2.345745      0.000000
 2065.0      5.495114      0.000000      2.346298      0.000000
 2070.0      5.497918      0.000000      2.346865      0.000000
 2075.0      5.500786      0.000000      2.347445      0.000000
 2080.0      5.503717      0.000000      2.348037      0.000000
 2085.0      5.506709      0.000000      2.348642      0.000000
 2090.0      5.509761      0.000000      2.349259      0.000000
 2095.0      5.512871      0.000000      2.349888      0.000000
 2100.0      5.516037      0.000000      2.350528      0.000000
 2105.0      5.519258      0.000000      2.351180      0.000000
 2110.0      5.522531      0.000000      2.351842      0.000000
 2115.0      5.525856      0.000000      2.352515      0.000000
 2120.0      5.529230      0.000000      2.353198      0.000000
 2125.0      5.532653      0.000000      2.353890      0.000000
 2130.0      5.536122      0.000000      2.354592      0.000000
 2135.0      5.539636      0.000000      2.355304      0.000000
 2140.0      5.543192      0.000000      2.356024      0.000000
 2145.0      5.546790      0.000000      2.356753      0.000000
 2150.0      5.550428      0.000000      2.357489      0.000000
 2155.0      5.554104      0.000000      2.358233      0.000000
 2160.0      5.557816      0.000000      2.358985      0.000000
 2165.0      5.561563      0.000000      2.359744      0.000000
 2170.0      5.565343      0.000000      2.360510      0.000000
 2175.0      5.569154      0.000000      2.361282      0.000000
 2180.0      5.572995      0.000000      2.362060      0.000000
 2185.0      5.576865      0.000000      2.362844      0.000000
 2190.0      5.580761      0.000000      2.363634      0.000000
 2195.0      5.584682      0.000000      2.364428      0.000000
 2200.0      5.588626      0.000000      2.365227      0.000000
 2205.0      5.592592      0.000000      2.366031      0.000000
 2210.0      5.596577      0.000000      2.366839      0.000000
 2215.0      5.600580      0.000000      2.367650      0.000000
 2220.0      5.604600      0.000000      2.368465      0.000000
 2225.0      5.608635      0.000000      2.369283      0.000000
 2230.0      5.612684      0.000000      2.370104      0.000000
 2235.0      5.616744      0.000000      2.370928      0.000000
 2240.0      5.620814      0.000000      2.371753      0.000000
 2245.0      5.624892      0.000000      2.372580      0.000000
 2250.0      5.628977      0.000000      2.373408      0.000000
 2255.0      5.633067      0.000000      2.374237      0.000000
 2260.0      5.637160      0.000000      2.375067      0.000000
 2265.0      5.641255      0.000000      2.375897      0.000000
 2270.0      5.645350      0.000000      2.376728      0.000000
 2275.0      5.649443      0.000000      2.377558      0.000000
 2280.0      5.653533      0.000000      2.378388      0.000000
 2285.0      5.657618      0.000000      2.379217      0.000000
 2290.0      5.661696      0.000000      2.380044      0.000000
 2295.0      5.665766      0.000000      2.380870      0.000000
 2300.0      5.669827      0.000000      2.381694      0.000000
 2305.0      5.673876      0.000000      2.382515      0.000000
 2310.0      5.677911      0.000000      2.383334      0.000000
 2315.0      5.681931      0.000000      2.384150      0.000000
 2320.0      5.685935      0.000000      2.384962      0.000000
 2325.0      5.689921      0.000000      2.385771      0.000000
 2330.0      5.693887      0.000000      2.386576      0.000000
 2335.0      5.697832      0.000000      2.387377      0.000000
 2340.0      5.701753      0.000000      2.388173      0.000000
 2345.0      5.705650      0.000000      2.388964      0.000000
 2350.0      5.709520      0.000000      2.389749      0.000000
 2355.0      5.713362      0.000000      2.390529      0.000000
 2360.0      5.717175      0.000000      2.391303      0.000000
 2365.0      5.720956      0.000000      2.392071      0.000000
 2370.0      5.724704      0.000000      2.392832      0.000000
 2375.0      5.728417      0.000000      2.393586      0.000000
 2380.0      5.732094      0.000000      2.394332      0.000000
 2385.0      5.735732      0.000000      2.395071      0.000000
 2390.0      5.739331      0.000000      2.395802      0.000000
 2395.0      5.742889      0.000000      2.396524      0.000000
 2400.0      5.746404      0.000000      2.397238      0.000000
 2405.0      5.749874      0.000000      2.397943      0.000000
 2410.0      5.753298      0.000000      2.398639      0.000000
 2415.0      5.756674      0.000000      2.399325      0.000000
 2420.0      5.760000      0.000000      2.400000      0.000000
 2425.0      5.763275      0.000000      2.400666      0.000000
 2430.0      5.766500      0.000000      2.401321      0.000000
 2435.0      5.769674      0.000000      2.401966      0.000000
 2440.0      5.772797      0.000000      2.402600      0.000000
 2445.0      5.775870      0.000000      2.403224      0.000000
 2450.0      5.778894      0.000000      2.403839      0.000000
 2455.0      5.781868      0.000000      2.404443      0.000000
 2460.0      5.784793      0.000000      2.405038      0.000000
 2465.0      5.787669      0.000000      2.405623      0.000000
 2470.0      5.790497      0.000000      2.406198      0.000000
 2475.0      5.793276      0.000000      2.406763      0.000000
 2480.0      5.796007      0.000000      2.407318      0.000000
 2485.0      5.798691      0.000000      2.407864      0.000000
 2490.0      5.801328      0.000000      2.408400      0.000000
 2495.0      5.803918      0.000000      2.408927      0.000000
 2500.0      5.806461      0.000000      2.409444      0.000000
 2505.0      5.808957      0.000000      2.409952      0.000000
 2510.0      5.811407      0.000000      2.410450      0.000000
 2515.0      5.813812      0.000000      2.410939      0.000000
 2520.0      5.816171      0.000000      2.411419      0.000000
 2525.0      5.818485      0.000000      2.411890      0.000000
 2530.0      5.820754      0.000000      2.412352      0.000000
 2535.0      5.822979      0.000000      2.412805      0.000000
 2540.0      5.825159      0.000000      2.413249      0.000000
 2545.0      5.827295      0.000000      2.413684      0.000000
 2550.0      5.829388      0.000000      2.414110      0.000000
 2555.0      5.831437      0.000000      2.414527      0.000000
 2560.0      5.833444      0.000000      2.414936      0.000000
 2565.0      5.835408      0.000000      2.415336      0.000000
 2570.0      5.837329      0.000000      2.415727      0.000000
 2575.0      5.839208      0.000000      2.416110      0.000000
 2580.0      5.841045      0.000000      2.416484      0.000000
 2585.0      5.842841      0.000000      2.416850      0.000000
 2590.0      5.844595      0.000000      2.417208      0.000000
 2595.0      5.846309      0.000000      2.417557      0.000000
 2600.0      5.847982      0.000000      2.417898      0.000000
 2605.0      5.849615      0.000000      2.418231      0.000000
 2610.0      5.851207      0.000000      2.418556      0.000000
 2615.0      5.852760      0.000000      2.418873      0.000000
 2620.0      5.854273      0.000000      2.419182      0.000000
 2625.0      5.855748      0.000000      2.419483      0.000000
 2630.0      5.857184      0.000000      2.419776      0.000000
 2635.0      5.858581      0.000000      2.420061      0.000000
 2640.0      5.859940      0.000000      2.420338      0.000000
 2645.0      5.861261      0.000000      2.420608      0.000000
 2650.0      5.862545      0.000000      2.420871      0.000000
 2655.0      5.863792      0.000000      2.421126      0.000000
 2660.0      5.865001      0.000000      2.421373      0.000000
 2665.0      5.866174      0.000000      2.421613      0.000000
 2670.0      5.867310      0.000000      2.421845      0.000000
 2675.0      5.868410      0.000000      2.422070      0.000000
 2680.0      5.869475      0.000000      2.422288      0.000000
 2685.0      5.870504      0.000000      2.422499      0.000000
 2690.0      5.871498      0.000000      2.422702      0.000000
 2695.0      5.872457      0.000000      2.422898      0.000000
 2700.0      5.873382      0.000000      2.423088      0.000000
 2705.0      5.874273      0.000000      2.423271      0.000000
 2710.0      5.875130      0.000000      2.423447      0.000000
 2715.0      5.875953      0.000000      2.423616      0.000000
 2720.0      5.876742      0.000000      2.423778      0.000000
 2725.0      5.877499      0.000000      2.423933      0.000000
 2730.0      5.878223      0.000000      2.424082      0.000000
 2735.0      5.878915      0.000000      2.424224      0.000000
 2740.0      5.879575      0.000000      2.424360      0.000000
 2745.0      5.880203      0.000000      2.424489      0.000000
 2750.0      5.880799      0.000000      2.424612      0.000000
 2755.0      5.881364      0.000000      2.424729      0.000000
 2760.0      5.881898      0.000000      2.424840      0.000000
 2765.0      5.882402      0.000000      2.424944      0.000000
 2770.0      5.882876      0.000000      2.425042      0.000000
 2775.0      5.883319      0.000000      2.425134      0.000000
 2780.0      5.883733      0.000000      2.425220      0.000000
 2785.0      5.884118      0.000000      2.425300      0.000000
 2790.0      5.884474      0.000000      2.425374      0.000000
 2795.0      5.884801      0.000000      2.425442      0.000000
 2800.0      5.885099      0.000000      2.425505      0.000000
 2805.0      5.885369      0.000000      2.425562      0.000000
 2810.0      5.885612      0.000000      2.425613      0.000000
 2815.0      5.885827      0.000000      2.425658      0.000000
 2820.0      5.886014      0.000000      2.425698      0.000000
 2825.0      5.886175      0.000000      2.425733      0.000000
 2830.0      5.886310      0.000000      2.425762      0.000000
 2835.0      5.886418      0.000000      2.425786      0.000000
 2840.0      5.886499      0.000000      2.425805      0.000000
 2845.0      5.886556      0.000000      2.425818      0.000000
 2850.0      5.886587      0.000000      2.425826      0.000000
 2855.0      5.886593      0.000000      2.425829      0.000000
 2860.0      5.886574      0.000000      2.425828      0.000000
 2865.0      5.886531      0.000000      2.425821      0.000000
 2870.0      5.886463      0.000000      2.425809      0.000000
 2875.0      5.886371      0.000000      2.425792      0.000000
 2880.0      5.886256      0.000000      2.425771      0.000000
 2885.0      5.886118      0.000000      2.425745      0.000000
 2890.0      5.885957      0.000000      2.425714      0.000000
 2895.0      5.885773      0.000000      2.425679      0.000000
 2900.0      5.885567      0.000000      2.425639      0.000000
 2905.0      5.885339      0.000000      2.425595      0.000000
 2910.0      5.885089      0.000000      2.425546      0.000000
 2915.0      5.884818      0.000000      2.425493      0.000000
 2920.0      5.884525      0.000000      2.425435      0.000000
 2925.0      5.884212      0.000000      2.425373      0.000000
 2930.0      5.883878      0.000000      2.425307      0.000000
 2935.0      5.883524      0.000000      2.425237      0.000000
 2940.0      5.883150      0.000000      2.425163      0.000000
 2945.0      5.882757      0.000000      2.425085      0.000000
 2950.0      5.882344      0.000000      2.425003      0.000000
 2955.0      5.881912      0.000000      2.424917      0.000000
 2960.0      5.881462      0.000000      2.424828      0.000000
 2965.0      5.880994      0.000000      2.424734      0.000000
 2970.0      5.880507      0.000000      2.424637      0.000000
 2975.0      5.880002      0.000000      2.424537      0.000000
 2980.0      5.879480      0.000000      2.424433      0.000000
 2985.0      5.878941      0.000000      2.424325      0.000000
 2990.0      5.878385      0.000000      2.424214      0.000000
 2995.0      5.877812      0.000000      2.424099      0.000000
 3000.0      5.877223      0.000000      2.423981      0.000000
 3050.0      5.870506      0.000000      2.422633      0.000000
 3100.0      5.862503      0.000000      2.421023      0.000000
 3150.0      5.853516      0.000000      2.419210      0.000000
 3200.0      5.843842      0.000000      2.417255      0.000000
 3250.0      5.833786      0.000000      2.415219      0.000000
 3300.0      5.823678      0.000000      2.413169      0.000000
 3350.0      5.813827      0.000000      2.411167      0.000000
 3400.0      5.804437      0.000000      2.409253      0.000000
 3450.0      5.795562      0.000000      2.407438      0.000000
 3500.0      5.786774      0.000000      2.405631      0.000000
 3550.0      5.777541      0.000000      2.403721      0.000000
 3600.0      5.767393      0.000000      2.401610      0.000000
 3650.0      5.755865      0.000000      2.399201      0.000000
 3700.0      5.742458      0.000000      2.396389      0.000000
 3750.0      5.726686      0.000000      2.393072      0.000000
 3800.0      5.708138      0.000000      2.389165      0.000000
 3850.0      5.686613      0.000000      2.384625      0.000000
 3900.0      5.662674      0.000000      2.379572      0.000000
 3950.0      5.637062      0.000000      2.374162      0.000000
 4000.0      5.610469      0.000000      2.368542      0.000000
 4050.0      5.583575      0.000000      2.362856      0.000000
 4100.0      5.557064      0.000000      2.357249      0.000000
 4150.0      5.531629      0.000000      2.351867      0.000000
 4200.0      5.508001      0.000000      2.346865      0.000000
 4250.0      5.486880      0.000000      2.342391      0.000000
 4300.0      5.468808      0.000000      2.338560      0.000000
 4350.0      5.454105      0.000000      2.335439      0.000000
 4400.0      5.442374      0.000000      2.332944      0.000000
 4450.0      5.433060      0.000000      2.330959      0.000000
 4500.0      5.425694      0.000000      2.329383      0.000000
 4550.0      5.419822      0.000000      2.328121      0.000000
 4600.0      5.414966      0.000000      2.327071      0.000000
 4650.0      5.410646      0.000000      2.326132      0.000000
 4700.0      5.406389      0.000000      2.325204      0.000000
 4750.0      5.401722      0.000000      2.324186      0.000000
 4800.0      5.396160      0.000000      2.322977      0.000000
 4850.0      5.389226      0.000000      2.321475      0.000000
 4900.0      5.380479      0.000000      2.319586      0.000000
 4950.0      5.369589      0.000000      2.317240      0.000000
 5000.0      5.356623      0.000000      2.314449      0.000000
 5050.0      5.341739      0.000000      2.311245      0.000000
 5100.0      5.325071      0.000000      2.307654      0.000000
 5150.0      5.306746      0.000000      2.303700      0.000000
 5200.0      5.286898      0.000000      2.299410      0.000000
 5250.0      5.265663      0.000000      2.294809      0.000000
 5300.0      5.243175      0.000000      2.289924      0.000000
 5350.0      5.219568      0.000000      2.284781      0.000000
 5400.0      5.194976      0.000000      2.279407      0.000000
 5450.0      5.169532      0.000000      2.273827      0.000000
 5500.0      5.143372      0.000000      2.268067      0.000000
 5550.0      5.116630      0.000000      2.262154      0.000000
 5600.0      5.089437      0.000000      2.256113      0.000000
 5650.0      5.061926      0.000000      2.249971      0.000000
 5700.0      5.034243      0.000000      2.243755      0.000000
 5750.0      5.006517      0.000000      2.237491      0.000000
 5800.0      4.978798      0.000000      2.231191      0.000000
 5850.0      4.951107      0.000000      2.224862      0.000000
 5900.0      4.923434      0.000000      2.218506      0.000000
 5950.0      4.895763      0.000000      2.212126      0.000000
 6000.0      4.868085      0.000000      2.205723      0.000000
 6050.0      4.840394      0.000000      2.199301      0.000000
 6100.0      4.812681      0.000000      2.192861      0.000000
 6150.0      4.784937      0.000000      2.186407      0.000000
 6200.0      4.757152      0.000000      2.179940      0.000000
 6250.0      4.729318      0.000000      2.173464      0.000000
 6300.0      4.701425      0.000000      2.166980      0.000000
 6350.0      4.673466      0.000000      2.160492      0.000000
 6400.0      4.645431      0.000000      2.154001      0.000000
 6450.0      4.617312      0.000000      2.147511      0.000000
 6500.0      4.589099      0.000000      2.141023      0.000000
 6550.0      4.560785      0.000000      2.134541      0.000000
 6600.0      4.532359      0.000000      2.128066      0.000000
 6650.0      4.503813      0.000000      2.121601      0.000000
 6700.0      4.475138      0.000000      2.115150      0.000000
 6750.0      4.446325      0.000293      2.108714      0.000000
 6800.0      4.417369      0.000851      2.102293      0.000000
 6850.0      4.388265      0.001654      2.095883      0.000000
 6900.0      4.359010      0.002621      2.089480      0.000000
 6950.0      4.329601      0.003676      2.083078      0.000000
 7000.0      4.300037      0.004823      2.076672      0.000000
 7050.0      4.270314      0.006081      2.070257      0.000000
 7100.0      4.240431      0.007446      2.063828      0.000000
 7150.0      4.210384      0.008913      2.057380      0.000000
 7200.0      4.180171      0.010480      2.050907      0.000000
 7250.0      4.149788      0.012148      2.044406      0.000000
 7300.0      4.119233      0.013916      2.037871      0.000000
 7350.0      4.088504      0.015782      2.031297      0.000000
 7400.0      4.057599      0.017744      2.024679      0.000000
 7450.0      4.026514      0.019802      2.018012      0.000000
 7500.0      3.995246      0.021954      2.011290      0.000000
 7550.0      3.963793      0.024199      2.004509      0.000000
 7600.0      3.932153      0.026535      1.997664      0.000000
 7650.0      3.900322      0.028962      1.990749      0.000000
 7700.0      3.868299      0.031479      1.983760      0.000000
 7750.0      3.836080      0.034083      1.976692      0.000000
 7800.0      3.803663      0.036774      1.969540      0.000000
 7850.0      3.771045      0.039551      1.962298      0.000000
 7900.0      3.738223      0.042412      1.954962      0.000000
 7950.0      3.705195      0.045356      1.947527      0.000000
 8000.0      3.671959      0.048382      1.939987      0.000000
 8050.0      3.638511      0.051488      1.932337      0.000000
 8100.0      3.604848      0.054674      1.924573      0.000000
 8150.0      3.570969      0.057938      1.916689      0.000000
 8200.0      3.536871      0.061278      1.908681      0.000000
 8250.0      3.502550      0.064694      1.900543      0.000000
 8300.0      3.468005      0.068185      1.892271      0.000000
 8350.0      3.433232      0.071749      1.883859      0.000000
 8400.0      3.398230      0.075385      1.875302      0.000000
 8450.0      3.362995      0.079092      1.866595      0.000000
 8500.0      3.327524      0.082868      1.857734      0.000000
 8550.0      3.291815      0.086712      1.848713      0.000000
 8600.0      3.255866      0.090623      1.839527      0.000000
 8650.0      3.219673      0.094600      1.830171      0.000000
 8700.0      3.183235      0.098641      1.820640      0.000000
 8750.0      3.146548      0.102745      1.810929      0.000099
 8800.0      3.109610      0.106911      1.801034      0.000489
 8850.0      3.072418      0.111138      1.790949      0.001321
 8900.0      3.034969      0.115425      1.780668      0.002398
 8950.0      2.997261      0.119770      1.770187      0.003495
 9000.0      2.959291      0.124172      1.759502      0.004632
 9050.0      2.921057      0.128630      1.748607      0.005870
 9100.0      2.882555      0.133143      1.737496      0.007209
 9150.0      2.843784      0.137709      1.726165      0.008635
 9200.0      2.804740      0.142326      1.714609      0.010151
 9250.0      2.765421      0.146995      1.702823      0.011764
 9300.0      2.725824      0.151713      1.690801      0.013476
 9350.0      2.685947      0.156479      1.678540      0.015289
 9400.0      2.645787      0.161293      1.666033      0.017205
 9450.0      2.605341      0.166153      1.653276      0.019227
 9500.0      2.564606      0.171057      1.640263      0.021357
 9550.0      2.523581      0.176005      1.626990      0.023598
 9600.0      2.482262      0.180995      1.613451      0.025953
 9650.0      2.440647      0.186026      1.599642      0.028423
 9700.0      2.398732      0.191096      1.585558      0.031012
 9750.0      2.356516      0.196205      1.571193      0.033721
 9800.0      2.313996      0.201351      1.556543      0.036554
 9850.0      2.271169      0.206533      1.541602      0.039513
 9900.0      2.228032      0.211750      1.526366      0.042600
 9950.0      2.184583      0.217000      1.510829      0.045817
10000.0      2.140819      0.222283      1.494986      0.049168
10050.0      2.096738      0.227597      1.478833      0.052654
10100.0      2.052336      0.232940      1.462364      0.056279
10150.0      2.007612      0.238312      1.445574      0.060044
10200.0      1.962562      0.243711      1.428459      0.063952
10250.0      1.917184      0.249136      1.411013      0.068006
10300.0      1.871475      0.254586      1.393231      0.072208
10350.0      1.825433      0.260060      1.375109      0.076560
10400.0      1.779054      0.265556      1.356640      0.081066
10450.0      1.732337      0.271073      1.337820      0.085728
10500.0      1.685278      0.276610      1.318644      0.090547
10550.0      1.637875      0.282166      1.299108      0.095527
10600.0      1.590126      0.287739      1.279206      0.100669
10650.0      1.542027      0.293328      1.258933      0.105977
10700.0      1.493576      0.298932      1.238283      0.111454
10750.0      1.444771      0.304550      1.217253      0.117101
10800.0      1.395608      0.310180      1.195836      0.122920
10850.0      1.346085      0.315821      1.174028      0.128915
10900.0      1.296200      0.321472      1.151824      0.135088
10950.0      1.245950      0.327132      1.129219      0.141441
11000.0      1.195331      0.332800      1.106208      0.147977
11050.0      1.144342      0.338474      1.082785      0.154699
11100.0      1.092979      0.344152      1.058946      0.161608
11150.0      1.041241      0.349835      1.034686      0.168708
11200.0      0.989124      0.355520      1.010000      0.176000
11250.0      0.936603      0.361207      0.984853      0.183517
11300.0      0.883560      0.366896      0.959092      0.191405
11350.0      0.829854      0.372590      0.932535      0.199841
11400.0      0.775344      0.378290      0.905000      0.209000
11450.0      0.719931      0.384001      0.876344      0.219053
11500.0      0.663683      0.389742      0.846587      0.230145
11550.0      0.606710      0.395537      0.815786      0.242414
11600.0      0.549120      0.401408      0.784000      0.256000
11650.0      0.491005      0.407373      0.751300      0.271067
11700.0      0.432383      0.413426      0.717809      0.287889
11750.0      0.373254      0.419554      0.683664      0.306767
11800.0      0.313617      0.425744      0.649000      0.328000
11850.0      0.253465      0.431994      0.614034      0.351850
11900.0      0.192766      0.438334      0.579302      0.378423
11950.0      0.131480      0.444803      0.545419      0.407784
12000.0      0.069569      0.451440      0.513000      0.440000
12050.0      0.007004      0.458276      0.482595      0.475016
12100.0     -0.056202      0.465305      0.454484      0.512293
12150.0     -0.120026      0.472515      0.428881      0.551174
12200.0     -0.184445      0.479892      0.406000      0.591000
12250.0     -0.249447      0.487420      0.385961      0.631182
12300.0     -0.315073      0.495077      0.368512      0.671406
12350.0     -0.381374      0.502839      0.353307      0.711427
12400.0     -0.448401      0.510680      0.340000      0.751000
12450.0     -0.516179      0.518587      0.328279      0.789914
12500.0     -0.584617      0.526585      0.317968      0.828085
12550.0     -0.653598      0.534712      0.308923      0.865464
12600.0     -0.723003      0.543004      0.301000      0.902000
12650.0     -0.792743      0.551492      0.294062      0.937663
12700.0     -0.862841      0.560189      0.287991      0.972504
12750.0     -0.933348      0.569103      0.282675      1.006593
12800.0     -1.004316      0.578240      0.278000      1.040000
12850.0     -1.075879      0.587618      0.273863      1.072825
12900.0     -1.148510      0.597289      0.270192      1.105275
12950.0     -1.222766      0.607316      0.266925      1.137588
13000.0     -1.299204      0.617760      0.264000      1.170000
13050.0     -1.378178      0.628654      0.261362      1.202665
13100.0     -1.459234      0.639906      0.258990      1.235398
13150.0     -1.541718      0.651395      0.256873      1.267932
13200.0     -1.624975      0.663000      0.255000      1.300000
13250.0     -1.708369      0.674628      0.253362      1.331360
13300.0     -1.791344      0.686303      0.251972      1.361883
13350.0     -1.873366      0.698076      0.250846      1.391464
13400.0     -1.953900      0.710000      0.250000      1.420000
13450.0     -2.032855      0.722154      0.249440      1.447518
13500.0     -2.111918      0.734721      0.249123      1.474569
13550.0     -2.193222      0.747913      0.248994      1.501836
13600.0     -2.278899      0.761940      0.249000      1.530000
13650.0     -2.370331      0.776925      0.249096      1.559506
13700.0     -2.465902      0.792640      0.249286      1.589841
13750.0     -2.563247      0.808770      0.249583      1.620256
13800.0     -2.660000      0.825000      0.250000      1.650000
13850.0     -2.754418      0.841108      0.250550      1.678522
13900.0     -2.847244      0.857243      0.251234      1.706066
13950.0     -2.939846      0.873646      0.252051      1.733078
14000.0     -3.033591      0.890560      0.253000      1.760000
14050.0     -3.129580      0.908175      0.254078      1.787188
14100.0     -3.227852      0.926481      0.255277      1.814643
14150.0     -3.328179      0.945416      0.256587      1.842276
14200.0     -3.430336      0.964920      0.258000      1.870000
14250.0     -3.534056      0.984962      0.259514      1.897725
14300.0     -3.638912      1.005637      0.261159      1.925361
14350.0     -3.744438      1.027074      0.262975      1.952816
14400.0     -3.850175      1.049400      0.265000      1.980000
14450.0     -3.956076      1.072734      0.267258      2.006913
14500.0     -4.063729      1.097150      0.269713      2.033913
14550.0     -4.175157      1.122715      0.272312      2.061451
14600.0     -4.292475      1.149500      0.275000      2.090000
14650.0     -4.416816      1.177546      0.277747      2.119812
14700.0     -4.545301      1.206784      0.280615      2.150238
14750.0     -4.674367      1.237127      0.283682      2.180474
14800.0     -4.801731      1.268540      0.287000      2.210000
14850.0     -4.925431      1.301003      0.290616      2.238370
14900.0     -5.043506      1.334493      0.294577      2.265135
14950.0     -5.153992      1.368990      0.298928      2.289848
