#Lambda        Dielectric Constant          Refractive Index
# [nm]        [Real]        [Imag]        [Real]        [Imag]
   30.0      0.662624      0.126629      0.817512      0.076420
   35.0      0.580361      0.123407      0.766078      0.080546
   40.0      0.448865      0.208848      0.687000      0.152000
   45.0      0.314840      0.302379      0.612917      0.246698
   50.0      0.169449      0.430326      0.562070      0.382718
   55.0      0.039827      0.600582      0.566382      0.530122
   60.0     -0.046492      0.806097      0.616822      0.653445
   65.0     -0.086874      0.961555      0.662785      0.725408
   70.0     -0.187038      1.143880      0.697219      0.820459
   75.0     -0.237775      1.378318      0.761554      0.904465
   80.0     -0.202806      1.578350      0.833474      0.947313
   85.0     -0.180693      1.701709      0.874734      0.972383
   90.0     -0.161947      1.836031      0.916845      1.001477
   95.0     -0.090901      1.911139      0.954574      1.001119
  100.0     -0.073748      1.868801      0.947615      0.985440
  105.0     -0.204831      1.795189      0.895019      1.003072
  110.0     -0.468184      1.804402      0.835507      1.079932
  115.0     -0.767838      1.962183      0.818245      1.198727
  120.0     -1.060691      2.215721      0.835504      1.326199
  125.0     -1.271345      2.501990      0.876056      1.427916
  130.0     -1.358259      2.855162      0.949618      1.503347
  135.0     -1.380191      3.230542      1.032445      1.564129
  140.0     -1.386666      3.500398      1.090754      1.605027
  145.0     -1.406591      3.671406      1.123719      1.633791
  150.0     -1.450455      3.912143      1.166386      1.676541
  155.0     -1.504500      4.221200      1.220000      1.730000
  160.0     -1.551870      4.531016      1.272226      1.780818
  165.0     -1.602942      4.815302      1.317579      1.827320
  170.0     -1.663748      5.067769      1.355082      1.870150
  175.0     -1.686825      5.328180      1.397086      1.907036
  180.0     -1.613064      5.646088      1.458764      1.935037
  185.0     -1.453981      6.006443      1.536393      1.954476
  190.0     -1.278389      6.341777      1.610923      1.968332
  195.0     -1.146851      6.594217      1.665860      1.979398
  200.0     -1.059343      6.773832      1.703076      1.988880
  205.0     -0.992942      6.916371      1.731382      1.997386
  210.0     -0.926121      7.055995      1.759132      2.005551
  215.0     -0.853322      7.208725      1.789441      2.014361
  220.0     -0.778923      7.379293      1.822166      2.025021
  225.0     -0.707455      7.572259      1.857114      2.038735
  230.0     -0.642018      7.790604      1.894083      2.056328
  235.0     -0.578437      8.029276      1.932828      2.076678
  240.0     -0.510232      8.280673      1.973087      2.098044
  245.0     -0.430918      8.537192      2.014599      2.118686
  250.0     -0.334116      8.791281      2.057101      2.136884
  255.0     -0.217517      9.037311      2.100182      2.151709
  260.0     -0.084094      9.272161      2.143243      2.163256
  265.0      0.062827      9.492873      2.185673      2.171689
  270.0      0.219920      9.696491      2.226860      2.177175
  275.0      0.383858      9.880060      2.266192      2.179877
  280.0      0.551391     10.041212      2.303129      2.179994
  285.0      0.719687     10.180770      2.337511      2.177909
  290.0      0.886055     10.300629      2.369306      2.174066
  295.0      1.047802     10.402685      2.398483      2.168909
  300.0      1.202236     10.488835      2.425012      2.162883
  305.0      1.346666     10.560974      2.448862      2.156432
  310.0      1.478400     10.621000      2.470000      2.150000
  315.0      1.595536     10.670893      2.488477      2.143968
  320.0      1.699334     10.712976      2.504667      2.138464
  325.0      1.791846     10.749655      2.519025      2.133551
  330.0      1.875120     10.783339      2.532004      2.129293
  335.0      1.951208     10.816434      2.544060      2.125754
  340.0      2.022161     10.851348      2.555648      2.122998
  345.0      2.090028     10.890489      2.567221      2.121088
  350.0      2.156860     10.936262      2.579235      2.120089
  355.0      2.224707     10.991074      2.592144      2.120064
  360.0      2.294892     11.056262      2.606222      2.121027
  365.0      2.366939     11.130501      2.621298      2.122868
  370.0      2.440089     11.212054      2.637130      2.125458
  375.0      2.513586     11.299188      2.653477      2.128667
  380.0      2.586675     11.390166      2.670097      2.132366
  385.0      2.658597     11.483255      2.686750      2.136427
  390.0      2.728598     11.576718      2.703193      2.140720
  395.0      2.795919     11.668821      2.719187      2.145115
  400.0      2.859806     11.757828      2.734488      2.149484
  405.0      2.919500     11.842005      2.748857      2.153698
  410.0      2.974246     11.919616      2.762052      2.157626
  415.0      3.023294     11.988944      2.773834      2.161142
  420.0      3.066291     12.049299      2.784101      2.164196
  425.0      3.103487     12.101552      2.792962      2.166860
  430.0      3.135183     12.146706      2.800542      2.169216
  435.0      3.161682     12.185764      2.806966      2.171344
  440.0      3.183284     12.219731      2.812359      2.173328
  445.0      3.200290     12.249607      2.816847      2.175247
  450.0      3.213002     12.276398      2.820556      2.177184
  455.0      3.221721     12.301105      2.823610      2.179221
  460.0      3.226748     12.324732      2.826135      2.181438
  465.0      3.228385     12.348283      2.828257      2.183918
  470.0      3.226932     12.372759      2.830101      2.186742
  475.0      3.222691     12.399165      2.831791      2.189991
  480.0      3.215964     12.428504      2.833455      2.193748
  485.0      3.207051     12.461777      2.835216      2.198093
  490.0      3.196254     12.499990      2.837200      2.203108
  495.0      3.183873     12.544144      2.839533      2.208876
  500.0      3.170194     12.595120      2.842327      2.215465
  505.0      3.155379     12.652949      2.845602      2.222864
  510.0      3.139541     12.717300      2.849339      2.231026
  515.0      3.122793     12.787842      2.853519      2.239907
  520.0      3.105247     12.864245      2.858124      2.249459
  525.0      3.087014     12.946175      2.863134      2.259636
  530.0      3.068209     13.033303      2.868530      2.270392
  535.0      3.048943     13.125298      2.874294      2.281680
  540.0      3.029328     13.221826      2.880406      2.293455
  545.0      3.009477     13.322558      2.886849      2.305670
  550.0      2.989502     13.427163      2.893602      2.318279
  555.0      2.969516     13.535308      2.900647      2.331236
  560.0      2.949631     13.646662      2.907965      2.344493
  565.0      2.929960     13.760895      2.915537      2.358007
  570.0      2.910615     13.877675      2.923344      2.371729
  575.0      2.891708     13.996670      2.931367      2.385613
  580.0      2.873352     14.117550      2.939587      2.399614
  585.0      2.855658     14.239983      2.947986      2.413685
  590.0      2.838741     14.363638      2.956545      2.427780
  595.0      2.822711     14.488183      2.965243      2.441853
  600.0      2.807682     14.613287      2.974064      2.455857
  605.0      2.793766     14.738620      2.982987      2.469746
  610.0      2.781074     14.863848      2.991994      2.483475
  615.0      2.769721     14.988643      3.001065      2.496995
  620.0      2.759817     15.112671      3.010183      2.510263
  625.0      2.751446     15.235662      3.019330      2.523239
  630.0      2.744579     15.357574      3.028501      2.535924
  635.0      2.739160     15.478417      3.037692      2.548324
  640.0      2.735134     15.598201      3.046901      2.560447
  645.0      2.732446     15.716937      3.056122      2.572299
  650.0      2.731040     15.834635      3.065354      2.583887
  655.0      2.730861     15.951308      3.074592      2.595218
  660.0      2.731855     16.066964      3.083832      2.606300
  665.0      2.733964     16.181614      3.093073      2.617139
  670.0      2.737135     16.295270      3.102309      2.627742
  675.0      2.741311     16.407942      3.111538      2.638117
  680.0      2.746438     16.519640      3.120756      2.648270
  685.0      2.752460     16.630375      3.129959      2.658208
  690.0      2.759322     16.740158      3.139144      2.667939
  695.0      2.766969     16.848999      3.148308      2.677469
  700.0      2.775344     16.956909      3.157447      2.686806
  705.0      2.784394     17.063899      3.166558      2.695956
  710.0      2.794061     17.169979      3.175637      2.704927
  715.0      2.804293     17.275160      3.184681      2.713725
  720.0      2.815032     17.379452      3.193685      2.722357
  725.0      2.826223     17.482867      3.202648      2.730831
  730.0      2.837812     17.585414      3.211565      2.739154
  735.0      2.849742     17.687104      3.220432      2.747332
  740.0      2.861960     17.787948      3.229247      2.755373
  745.0      2.874408     17.887957      3.238005      2.763283
  750.0      2.887032     17.987141      3.246704      2.771070
  755.0      2.899777     18.085511      3.255340      2.778741
  760.0      2.912588     18.183077      3.263909      2.786302
  765.0      2.925408     18.279851      3.272408      2.793760
  770.0      2.938183     18.375842      3.280833      2.801124
  775.0      2.950857     18.471061      3.289182      2.808399
  780.0      2.963375     18.565520      3.297450      2.815593
  785.0      2.975681     18.659228      3.305633      2.822712
  790.0      2.987721     18.752196      3.313730      2.829764
  795.0      2.999439     18.844435      3.321735      2.836756
  800.0      3.010780     18.935955      3.329646      2.843695
  805.0      3.021688     19.026768      3.337458      2.850587
  810.0      3.032108     19.116883      3.345170      2.857440
  815.0      3.041985     19.206312      3.352776      2.864261
  820.0      3.051263     19.295064      3.360274      2.871056
  825.0      3.059887     19.383151      3.367661      2.877834
  830.0      3.067805     19.470583      3.374932      2.884600
  835.0      3.075000     19.557368      3.382087      2.891357
  840.0      3.081476     19.643512      3.389127      2.898105
  845.0      3.087238     19.729023      3.396054      2.904845
  850.0      3.092290     19.813906      3.402867      2.911576
  855.0      3.096639     19.898168      3.409568      2.918299
  860.0      3.100288     19.981816      3.416158      2.925014
  865.0      3.103242     20.064855      3.422637      2.931720
  870.0      3.105506     20.147293      3.429007      2.938418
  875.0      3.107085     20.229136      3.435268      2.945109
  880.0      3.107984     20.310391      3.441422      2.951792
  885.0      3.108208     20.391063      3.447468      2.958467
  890.0      3.107761     20.471160      3.453409      2.965134
  895.0      3.106648     20.550689      3.459245      2.971794
  900.0      3.104875     20.629654      3.464977      2.978447
  905.0      3.102445     20.708064      3.470605      2.985092
  910.0      3.099364     20.785924      3.476131      2.991731
  915.0      3.095637     20.863241      3.481556      2.998362
  920.0      3.091269     20.940022      3.486881      3.004987
  925.0      3.086264     21.016272      3.492105      3.011605
  930.0      3.080627     21.092000      3.497231      3.018216
  935.0      3.074362     21.167210      3.502260      3.024821
  940.0      3.067476     21.241910      3.507191      3.031420
  945.0      3.059972     21.316105      3.512027      3.038012
  950.0      3.051856     21.389803      3.516768      3.044598
  955.0      3.043132     21.463011      3.521414      3.051178
  960.0      3.033806     21.535733      3.525967      3.057752
  965.0      3.023881     21.607978      3.530428      3.064321
  970.0      3.013363     21.679751      3.534797      3.070883
  975.0      3.002257     21.751060      3.539076      3.077440
  980.0      2.990567     21.821909      3.543265      3.083992
  985.0      2.978298     21.892307      3.547366      3.090539
  990.0      2.965456     21.962260      3.551378      3.097080
  995.0      2.952045     22.031773      3.555304      3.103616
 1000.0      2.938069     22.100854      3.559144      3.110147
 1005.0      2.923534     22.169508      3.562899      3.116674
 1010.0      2.908445     22.237744      3.566569      3.123195
 1015.0      2.892805     22.305566      3.570156      3.129712
 1020.0      2.876621     22.372982      3.573661      3.136225
 1025.0      2.859897     22.439998      3.577084      3.142733
 1030.0      2.842638     22.506620      3.580427      3.149237
 1035.0      2.824849     22.572855      3.583690      3.155737
 1040.0      2.806534     22.638710      3.586874      3.162233
 1045.0      2.787698     22.704191      3.589980      3.168724
 1050.0      2.768346     22.769305      3.593010      3.175213
 1055.0      2.748483     22.834057      3.595963      3.181697
 1060.0      2.728115     22.898455      3.598841      3.188178
 1065.0      2.707244     22.962505      3.601645      3.194655
 1070.0      2.685878     23.026213      3.604375      3.201130
 1075.0      2.664019     23.089586      3.607033      3.207601
 1080.0      2.641674     23.152631      3.609620      3.214069
 1085.0      2.618847     23.215354      3.612135      3.220534
 1090.0      2.595542     23.277762      3.614581      3.226996
 1095.0      2.571765     23.339860      3.616959      3.233455
 1100.0      2.547521     23.401656      3.619268      3.239912
 1105.0      2.522814     23.463156      3.621510      3.246366
 1110.0      2.497649     23.524366      3.623686      3.252819
 1115.0      2.472031     23.585294      3.625797      3.259268
 1120.0      2.445965     23.645945      3.627844      3.265716
 1125.0      2.419456     23.706326      3.629827      3.272162
 1130.0      2.392508     23.766443      3.631748      3.278605
 1135.0      2.365126     23.826304      3.633607      3.285047
 1140.0      2.337315     23.885914      3.635405      3.291488
 1145.0      2.309081     23.945279      3.637144      3.297926
 1150.0      2.280427     24.004408      3.638823      3.304364
 1155.0      2.251359     24.063305      3.640445      3.310800
 1160.0      2.221882     24.121978      3.642009      3.317235
 1165.0      2.191999     24.180433      3.643518      3.323669
 1170.0      2.161717     24.238677      3.644971      3.330101
 1175.0      2.131040     24.296715      3.646369      3.336534
 1180.0      2.099973     24.354555      3.647715      3.342965
 1185.0      2.068520     24.412203      3.649007      3.349396
 1190.0      2.036687     24.469666      3.650248      3.355826
 1195.0      2.004478     24.526949      3.651439      3.362256
 1200.0      1.971898     24.584060      3.652579      3.368686
 1205.0      1.938952     24.641005      3.653670      3.375115
 1210.0      1.905645     24.697791      3.654714      3.381545
 1215.0      1.871982     24.754423      3.655710      3.387974
 1220.0      1.837967     24.810909      3.656660      3.394404
 1225.0      1.803606     24.867255      3.657564      3.400835
 1230.0      1.768902     24.923468      3.658424      3.407265
 1235.0      1.733862     24.979553      3.659241      3.413697
 1240.0      1.698489     25.035518      3.660015      3.420129
 1245.0      1.662789     25.091369      3.660747      3.426562
 1250.0      1.626767     25.147113      3.661439      3.432995
 1255.0      1.590427     25.202755      3.662090      3.439430
 1260.0      1.553774     25.258303      3.662703      3.445866
 1265.0      1.516813     25.313763      3.663277      3.452304
 1270.0      1.479549     25.369142      3.663814      3.458742
 1275.0      1.441986     25.424445      3.664315      3.465183
 1280.0      1.404130     25.479680      3.664781      3.471625
 1285.0      1.365985     25.534853      3.665212      3.478068
 1290.0      1.327557     25.589971      3.665609      3.484514
 1295.0      1.288849     25.645039      3.665974      3.490961
 1300.0      1.249867     25.700065      3.666307      3.497411
 1305.0      1.210616     25.755055      3.666609      3.503863
 1310.0      1.171101     25.810016      3.666881      3.510317
 1315.0      1.131325     25.864953      3.667124      3.516774
 1320.0      1.091295     25.919874      3.667339      3.523234
 1325.0      1.051015     25.974785      3.667526      3.529696
 1330.0      1.010489     26.029693      3.667687      3.536161
 1335.0      0.969724     26.084603      3.667823      3.542628
 1340.0      0.928722     26.139523      3.667934      3.549099
 1345.0      0.887490     26.194459      3.668022      3.555574
 1350.0      0.846033     26.249418      3.668086      3.562051
 1355.0      0.804354     26.304405      3.668129      3.568532
 1360.0      0.762459     26.359428      3.668151      3.575016
 1365.0      0.720352     26.414493      3.668153      3.581504
 1370.0      0.678040     26.469606      3.668136      3.587996
 1375.0      0.635525     26.524775      3.668101      3.594492
 1380.0      0.592814     26.580005      3.668048      3.600991
 1385.0      0.549910     26.635303      3.667979      3.607495
 1390.0      0.506820     26.690675      3.667894      3.614003
 1395.0      0.463547     26.746129      3.667795      3.620516
 1400.0      0.420096     26.801670      3.667682      3.627033
 1405.0      0.376473     26.857305      3.667556      3.633554
 1410.0      0.332682     26.913040      3.667418      3.640080
 1415.0      0.288728     26.968883      3.667269      3.646612
 1420.0      0.244616     27.024838      3.667111      3.653148
 1425.0      0.200350     27.080914      3.666943      3.659689
 1430.0      0.155936     27.137117      3.666766      3.666235
 1435.0      0.111379     27.193452      3.666583      3.672787
 1440.0      0.066682     27.249927      3.666392      3.679344
 1445.0      0.021851     27.306548      3.666197      3.685906
 1450.0     -0.023108     27.363321      3.665996      3.692474
 1455.0     -0.068193     27.420254      3.665792      3.699048
 1460.0     -0.113396     27.477352      3.665585      3.705628
 1465.0     -0.158715     27.534622      3.665376      3.712214
 1470.0     -0.204143     27.592070      3.665166      3.718806
 1475.0     -0.249676     27.649703      3.664956      3.725405
 1480.0     -0.295309     27.707528      3.664746      3.732009
 1485.0     -0.341038     27.765551      3.664539      3.738620
 1490.0     -0.386857     27.823779      3.664333      3.745238
 1495.0     -0.432762     27.882217      3.664131      3.751863
 1500.0     -0.478748     27.940873      3.663934      3.758494
 1505.0     -0.524810     27.999753      3.663742      3.765132
 1510.0     -0.570943     28.058863      3.663556      3.771778
 1515.0     -0.617142     28.118210      3.663377      3.778430
 1520.0     -0.663403     28.177801      3.663206      3.785090
 1525.0     -0.709720     28.237642      3.663044      3.791757
 1530.0     -0.756090     28.297739      3.662892      3.798432
 1535.0     -0.802506     28.358100      3.662750      3.805115
 1540.0     -0.848965     28.418729      3.662620      3.811805
 1545.0     -0.895460     28.479635      3.662503      3.818503
 1550.0     -0.941989     28.540823      3.662399      3.825209
 1555.0     -0.988545     28.602301      3.662309      3.831924
 1560.0     -1.035124     28.664073      3.662234      3.838646
 1565.0     -1.081721     28.726148      3.662176      3.845377
 1570.0     -1.128331     28.788531      3.662134      3.852117
 1575.0     -1.174949     28.851230      3.662111      3.858865
 1580.0     -1.221571     28.914249      3.662106      3.865622
 1585.0     -1.268192     28.977597      3.662121      3.872387
 1590.0     -1.314807     29.041279      3.662157      3.879162
 1595.0     -1.361410     29.105303      3.662214      3.885946
 1600.0     -1.407998     29.169673      3.662294      3.892739
 1605.0     -1.454565     29.234398      3.662397      3.899541
 1610.0     -1.501106     29.299483      3.662524      3.906353
 1615.0     -1.547618     29.364935      3.662677      3.913174
 1620.0     -1.594094     29.430761      3.662855      3.920005
 1625.0     -1.640530     29.496967      3.663060      3.926845
 1630.0     -1.686921     29.563559      3.663294      3.933696
 1635.0     -1.733263     29.630544      3.663556      3.940557
 1640.0     -1.779550     29.697928      3.663847      3.947427
 1645.0     -1.825778     29.765719      3.664170      3.954308
 1650.0     -1.871941     29.833922      3.664524      3.961200
 1655.0     -1.918036     29.902544      3.664910      3.968102
 1660.0     -1.964057     29.971592      3.665329      3.975014
 1665.0     -2.009999     30.041071      3.665783      3.981937
 1670.0     -2.055858     30.110989      3.666272      3.988872
 1675.0     -2.101628     30.181352      3.666796      3.995817
 1680.0     -2.147305     30.252167      3.667358      4.002773
 1685.0     -2.192885     30.323439      3.667957      4.009740
 1690.0     -2.238361     30.395176      3.668595      4.016719
 1695.0     -2.283730     30.467384      3.669273      4.023709
 1700.0     -2.328986     30.540070      3.669991      4.030711
 1705.0     -2.374125     30.613239      3.670751      4.037724
 1710.0     -2.419142     30.686899      3.671553      4.044749
 1715.0     -2.464032     30.761056      3.672398      4.051786
 1720.0     -2.508790     30.835717      3.673288      4.058835
 1725.0     -2.553411     30.910887      3.674222      4.065897
 1730.0     -2.597891     30.986574      3.675202      4.072970
 1735.0     -2.642224     31.062784      3.676230      4.080056
 1740.0     -2.686407     31.139523      3.677305      4.087154
 1745.0     -2.730433     31.216799      3.678428      4.094265
 1750.0     -2.774299     31.294617      3.679601      4.101389
 1755.0     -2.817999     31.372983      3.680825      4.108526
 1760.0     -2.861528     31.451906      3.682100      4.115675
 1765.0     -2.904882     31.531390      3.683427      4.122838
 1770.0     -2.948056     31.611443      3.684807      4.130014
 1775.0     -2.991045     31.692071      3.686242      4.137203
 1780.0     -3.033844     31.773280      3.687731      4.144406
 1785.0     -3.076448     31.855077      3.689277      4.151622
 1790.0     -3.118853     31.937469      3.690879      4.158852
 1795.0     -3.161054     32.020462      3.692538      4.166096
 1800.0     -3.203046     32.104062      3.694257      4.173354
 1805.0     -3.244823     32.188276      3.696035      4.180625
 1810.0     -3.286382     32.273111      3.697873      4.187911
 1815.0     -3.327717     32.358572      3.699773      4.195211
 1820.0     -3.368823     32.444668      3.701734      4.202526
 1825.0     -3.409696     32.531403      3.703759      4.209855
 1830.0     -3.450331     32.618784      3.705848      4.217198
 1835.0     -3.490723     32.706819      3.708002      4.224557
 1840.0     -3.530868     32.795513      3.710222      4.231930
 1845.0     -3.570759     32.884873      3.712508      4.239318
 1850.0     -3.610393     32.974906      3.714862      4.246722
 1855.0     -3.649765     33.065617      3.717284      4.254140
 1860.0     -3.688870     33.157014      3.719776      4.261574
 1865.0     -3.727702     33.249103      3.722339      4.269023
 1870.0     -3.766258     33.341891      3.724972      4.276488
 1875.0     -3.804532     33.435383      3.727678      4.283969
 1880.0     -3.842520     33.529587      3.730457      4.291465
 1885.0     -3.880216     33.624509      3.733309      4.298978
 1890.0     -3.917616     33.720156      3.736237      4.306506
 1895.0     -3.954715     33.816533      3.739240      4.314050
 1900.0     -3.991509     33.913648      3.742320      4.321611
 1905.0     -4.027991     34.011507      3.745478      4.329188
 1910.0     -4.064159     34.110116      3.748714      4.336782
 1915.0     -4.100005     34.209482      3.752029      4.344392
 1920.0     -4.135527     34.309612      3.755425      4.352020
 1925.0     -4.170719     34.410512      3.758902      4.359664
 1930.0     -4.205576     34.512188      3.762461      4.367324
 1935.0     -4.240093     34.614648      3.766103      4.375003
 1940.0     -4.274266     34.717896      3.769829      4.382698
 1945.0     -4.308089     34.821941      3.773639      4.390410
 1950.0     -4.341558     34.926788      3.777536      4.398140
 1955.0     -4.374668     35.032444      3.781519      4.405888
 1960.0     -4.407415     35.138916      3.785589      4.413653
 1965.0     -4.439793     35.246210      3.789748      4.421437
 1970.0     -4.471797     35.354332      3.793996      4.429238
 1975.0     -4.503423     35.463289      3.798335      4.437057
 1980.0     -4.534666     35.573088      3.802764      4.444894
 1985.0     -4.565520     35.683734      3.807286      4.452750
 1990.0     -4.595982     35.795235      3.811900      4.460624
 1995.0     -4.626047     35.907597      3.816609      4.468516
 2000.0     -4.655708     36.020827      3.821412      4.476427
 2005.0     -4.684963     36.134930      3.826311      4.484357
 2010.0     -4.713805     36.249914      3.831306      4.492306
 2015.0     -4.742230     36.365785      3.836399      4.500274
 2020.0     -4.770234     36.482550      3.841590      4.508261
 2025.0     -4.797811     36.600214      3.846880      4.516267
 2030.0     -4.824956     36.718785      3.852271      4.524292
 2035.0     -4.851665     36.838269      3.857763      4.532337
 2040.0     -4.877933     36.958672      3.863356      4.540402
 2045.0     -4.903755     37.080001      3.869053      4.548486
 2050.0     -4.929126     37.202263      3.874853      4.556590
 2055.0     -4.954041     37.325464      3.880758      4.564714
 2060.0     -4.978496     37.449610      3.886768      4.572858
 2065.0     -5.002486     37.574709      3.892885      4.581022
 2070.0     -5.026005     37.700765      3.899110      4.589206
 2075.0     -5.049049     37.827787      3.905442      4.597411
 2080.0     -5.071614     37.955780      3.911884      4.605637
 2085.0     -5.093694     38.084751      3.918436      4.613883
 2090.0     -5.115284     38.214707      3.925099      4.622149
 2095.0     -5.136380     38.345653      3.931874      4.630437
 2100.0     -5.156977     38.477598      3.938762      4.638746
 2105.0     -5.177070     38.610546      3.945764      4.647075
 2110.0     -5.196654     38.744504      3.952880      4.655426
 2115.0     -5.215724     38.879480      3.960111      4.663799
 2120.0     -5.234276     39.015479      3.967459      4.672193
 2125.0     -5.252305     39.152508      3.974925      4.680608
 2130.0     -5.269805     39.290573      3.982508      4.689045
 2135.0     -5.286773     39.429681      3.990211      4.697504
 2140.0     -5.303202     39.569839      3.998034      4.705985
 2145.0     -5.319089     39.711053      4.005978      4.714488
 2150.0     -5.334429     39.853330      4.014043      4.723013
 2155.0     -5.349216     39.996675      4.022232      4.731560
 2160.0     -5.363446     40.141096      4.030544      4.740130
 2165.0     -5.377114     40.286598      4.038981      4.748723
 2170.0     -5.390215     40.433190      4.047543      4.757338
 2175.0     -5.402744     40.580876      4.056231      4.765975
 2180.0     -5.414697     40.729664      4.065047      4.774636
 2185.0     -5.426069     40.879559      4.073991      4.783320
 2190.0     -5.436855     41.030569      4.083064      4.792027
 2195.0     -5.447049     41.182700      4.092267      4.800757
 2200.0     -5.456648     41.335959      4.101601      4.809510
 2205.0     -5.465646     41.490352      4.111066      4.818287
 2210.0     -5.474038     41.645885      4.120665      4.827087
 2215.0     -5.481820     41.802565      4.130397      4.835911
 2220.0     -5.488987     41.960398      4.140263      4.844759
 2225.0     -5.495534     42.119392      4.150265      4.853631
 2230.0     -5.501456     42.279552      4.160404      4.862527
 2235.0     -5.506749     42.440884      4.170679      4.871447
 2240.0     -5.511407     42.603397      4.181093      4.880392
 2245.0     -5.515426     42.767095      4.191645      4.889361
 2250.0     -5.518800     42.931986      4.202338      4.898354
 2255.0     -5.521526     43.098076      4.213171      4.907372
 2260.0     -5.523597     43.265371      4.224146      4.916415
 2265.0     -5.525010     43.433878      4.235264      4.925483
 2270.0     -5.525760     43.603604      4.246525      4.934576
 2275.0     -5.525841     43.774555      4.257931      4.943694
 2280.0     -5.525249     43.946737      4.269482      4.952837
 2285.0     -5.523979     44.120157      4.281179      4.962005
 2290.0     -5.522026     44.294822      4.293024      4.971199
 2295.0     -5.519386     44.470737      4.305017      4.980419
 2300.0     -5.516053     44.647910      4.317158      4.989664
 2305.0     -5.512022     44.826347      4.329450      4.998935
 2310.0     -5.507290     45.006055      4.341892      5.008232
 2315.0     -5.501850     45.187039      4.354486      5.017555
 2320.0     -5.495699     45.369307      4.367232      5.026905
 2325.0     -5.488831     45.552865      4.380132      5.036280
 2330.0     -5.481242     45.737719      4.393186      5.045682
 2335.0     -5.472926     45.923877      4.406396      5.055111
 2340.0     -5.463879     46.111343      4.419762      5.064566
 2345.0     -5.454096     46.300126      4.433285      5.074048
 2350.0     -5.443572     46.490231      4.446966      5.083557
 2355.0     -5.432303     46.681666      4.460806      5.093093
 2360.0     -5.420283     46.874435      4.474805      5.102656
 2365.0     -5.407507     47.068547      4.488966      5.112246
 2370.0     -5.393972     47.264007      4.503288      5.121864
 2375.0     -5.379671     47.460822      4.517772      5.131509
 2380.0     -5.364601     47.658999      4.532420      5.141182
 2385.0     -5.348756     47.858543      4.547233      5.150883
 2390.0     -5.332132     48.059462      4.562210      5.160611
 2395.0     -5.314723     48.261762      4.577354      5.170367
 2400.0     -5.296525     48.465450      4.592665      5.180152
 2405.0     -5.277533     48.670531      4.608143      5.189964
 2410.0     -5.257742     48.877013      4.623791      5.199805
 2415.0     -5.237148     49.084902      4.639608      5.209674
 2420.0     -5.215745     49.294204      4.655596      5.219572
 2425.0     -5.193528     49.504926      4.671755      5.229499
 2430.0     -5.170494     49.717075      4.688087      5.239454
 2435.0     -5.146636     49.930657      4.704593      5.249438
 2440.0     -5.121951     50.145678      4.721272      5.259451
 2445.0     -5.096433     50.362145      4.738127      5.269494
 2450.0     -5.070078     50.580065      4.755158      5.279565
 2455.0     -5.042880     50.799443      4.772366      5.289666
 2460.0     -5.014835     51.020288      4.789752      5.299797
 2465.0     -4.985938     51.242604      4.807316      5.309957
 2470.0     -4.956184     51.466398      4.825060      5.320147
 2475.0     -4.925569     51.691678      4.842985      5.330366
 2480.0     -4.894087     51.918448      4.861092      5.340616
