#Lambda        Dielectric Constant          Refractive Index
# [nm]        [Real]        [Imag]        [Real]        [Imag]
   30.0      0.653152      0.192636      0.814588      0.117930
   35.0      0.572745      0.154057      0.763494      0.100868
   40.0      0.449820      0.258912      0.696000      0.186000
   45.0      0.320789      0.368706      0.636182      0.289726
   50.0      0.201799      0.580649      0.638974      0.454402
   55.0      0.201641      0.765366      0.704732      0.543116
   60.0      0.179869      0.909922      0.744128      0.611460
   65.0      0.166905      1.037028      0.780152      0.664624
   70.0      0.147675      1.118503      0.798723      0.700232
   75.0      0.071674      1.244792      0.811988      0.766396
   80.0      0.019372      1.424939      0.849752      0.838446
   85.0      0.016502      1.572998      0.891608      0.882178
   90.0      0.050477      1.699045      0.935402      0.908145
   95.0      0.092532      1.795095      0.972106      0.923305
  100.0      0.049059      1.781987      0.956920      0.930978
  105.0     -0.079676      1.765636      0.918596      0.961096
  110.0     -0.284906      1.869590      0.896340      1.042912
  115.0     -0.492167      2.065518      0.902982      1.143789
  120.0     -0.649335      2.321146      0.938361      1.236595
  125.0     -0.766923      2.635423      0.994445      1.325213
  130.0     -0.787951      2.943207      1.062778      1.384753
  135.0     -0.774321      3.258611      1.134500      1.435775
  140.0     -0.752602      3.519954      1.193310      1.475252
  145.0     -0.724018      3.732731      1.240734      1.504430
  150.0     -0.681196      3.996481      1.298260      1.538539
  155.0     -0.615300      4.270400      1.360000      1.570000
  160.0     -0.524059      4.479483      1.412082      1.586746
  165.0     -0.433133      4.660605      1.457347      1.599056
  170.0     -0.367295      4.864076      1.501465      1.619184
  175.0     -0.313629      5.070304      1.543582      1.642050
  180.0     -0.249030      5.241628      1.581170      1.657994
  185.0     -0.167995      5.386428      1.616164      1.667216
  190.0     -0.079304      5.550440      1.654126      1.677906
  195.0      0.010455      5.770699      1.699662      1.696690
  200.0      0.110620      6.024414      1.750908      1.719171
  205.0      0.236551      6.266181      1.803559      1.736789
  210.0      0.401782      6.453852      1.853525      1.741695
  215.0      0.599552      6.581835      1.899183      1.734017
  220.0      0.810459      6.667290      1.940446      1.718845
  225.0      1.014910      6.727722      1.977250      1.701346
  230.0      1.196713      6.778179      2.009638      1.685866
  235.0      1.356988      6.821202      2.038199      1.672576
  240.0      1.502346      6.855359      2.063692      1.660325
  245.0      1.639401      6.879221      2.086879      1.647957
  250.0      1.774644      6.891399      2.108507      1.634341
  255.0      1.909782      6.892222      2.128834      1.619205
  260.0      2.040311      6.884245      2.147478      1.603392
  265.0      2.161310      6.870171      2.164016      1.587822
  270.0      2.267859      6.852704      2.178022      1.573413
  275.0      2.355037      6.834549      2.189074      1.561083
  280.0      2.418942      6.818100      2.196862      1.551596
  285.0      2.461179      6.804080      2.201700      1.544871
  290.0      2.485206      6.792648      2.204113      1.540547
  295.0      2.494482      6.783965      2.204626      1.538260
  300.0      2.492467      6.778189      2.203761      1.537649
  305.0      2.482620      6.775481      2.202045      1.538350
  310.0      2.468400      6.776000      2.200000      1.540000
  315.0      2.452630      6.779823      2.198050      1.542297
  320.0      2.435583      6.786695      2.196212      1.545175
  325.0      2.416896      6.796279      2.194402      1.548628
  330.0      2.396204      6.808237      2.192536      1.552652
  335.0      2.373143      6.822232      2.190530      1.557240
  340.0      2.347350      6.837927      2.188299      1.562386
  345.0      2.318462      6.854984      2.185760      1.568086
  350.0      2.286113      6.873066      2.182828      1.574333
  355.0      2.249941      6.891836      2.179419      1.581122
  360.0      2.209791      6.911138      2.175501      1.588449
  365.0      2.166031      6.931270      2.171164      1.596314
  370.0      2.119108      6.952600      2.166520      1.604716
  375.0      2.069468      6.975494      2.161680      1.613656
  380.0      2.017560      7.000321      2.156756      1.623134
  385.0      1.963829      7.027447      2.151859      1.633150
  390.0      1.908724      7.057240      2.147099      1.643705
  395.0      1.852692      7.090067      2.142589      1.654799
  400.0      1.796179      7.126296      2.138440      1.666432
  405.0      1.739634      7.166294      2.134763      1.678604
  410.0      1.683502      7.210427      2.131669      1.691315
  415.0      1.628229      7.259061      2.129268      1.704566
  420.0      1.574036      7.312366      2.127616      1.718349
  425.0      1.520811      7.370217      2.126683      1.732648
  430.0      1.468412      7.432464      2.126434      1.747442
  435.0      1.416701      7.498960      2.126833      1.762714
  440.0      1.365534      7.569553      2.127843      1.778446
  445.0      1.314772      7.644096      2.129429      1.794617
  450.0      1.264274      7.722439      2.131554      1.811210
  455.0      1.213899      7.804433      2.134183      1.828207
  460.0      1.163505      7.889928      2.137279      1.845588
  465.0      1.112953      7.978775      2.140807      1.863334
  470.0      1.062102      8.070826      2.144730      1.881428
  475.0      1.010810      8.165930      2.149012      1.899851
  480.0      0.958936      8.263939      2.153618      1.918584
  485.0      0.906341      8.364703      2.158511      1.937608
  490.0      0.852883      8.468074      2.163655      1.956904
  495.0      0.798421      8.573902      2.169015      1.976455
  500.0      0.742840      8.682038      2.174557      1.996241
  505.0      0.686207      8.792343      2.180269      2.016236
  510.0      0.628663      8.904678      2.186147      2.036413
  515.0      0.570351      9.018906      2.192188      2.056744
  520.0      0.511413      9.134890      2.198387      2.077201
  525.0      0.451992      9.252491      2.204742      2.097758
  530.0      0.392231      9.371574      2.211249      2.118385
  535.0      0.332273      9.491999      2.217903      2.139056
  540.0      0.272258      9.613630      2.224702      2.159744
  545.0      0.212331      9.736328      2.231642      2.180419
  550.0      0.152633      9.859957      2.238719      2.201055
  555.0      0.093308      9.984379      2.245930      2.221624
  560.0      0.034497     10.109456      2.253271      2.242098
  565.0     -0.023656     10.235050      2.260738      2.262450
  570.0     -0.081010     10.361025      2.268327      2.282652
  575.0     -0.137422     10.487243      2.276036      2.302676
  580.0     -0.192748     10.613566      2.283860      2.322495
  585.0     -0.246848     10.739857      2.291796      2.342082
  590.0     -0.299577     10.865978      2.299840      2.361407
  595.0     -0.350795     10.991791      2.307988      2.380444
  600.0     -0.400357     11.117159      2.316238      2.399166
  605.0     -0.448122     11.241945      2.324585      2.417544
  610.0     -0.493947     11.366012      2.333025      2.435550
  615.0     -0.537690     11.489220      2.341556      2.453158
  620.0     -0.579208     11.611434      2.350173      2.470339
  625.0     -0.618396     11.732543      2.358873      2.487073
  630.0     -0.655292     11.852546      2.367651      2.503366
  635.0     -0.689970     11.971465      2.376504      2.519228
  640.0     -0.722499     12.089323      2.385428      2.534671
  645.0     -0.752952     12.206143      2.394417      2.549707
  650.0     -0.781401     12.321948      2.403469      2.564348
  655.0     -0.807917     12.436761      2.412579      2.578605
  660.0     -0.832573     12.550604      2.421742      2.592489
  665.0     -0.855440     12.663501      2.430955      2.606012
  670.0     -0.876590     12.775473      2.440214      2.619187
  675.0     -0.896095     12.886545      2.449514      2.632023
  680.0     -0.914026     12.996738      2.458852      2.644533
  685.0     -0.930455     13.106076      2.468222      2.656729
  690.0     -0.945454     13.214582      2.477622      2.668621
  695.0     -0.959096     13.322277      2.487046      2.680222
  700.0     -0.971451     13.429186      2.496492      2.691543
  705.0     -0.982591     13.535331      2.505953      2.702596
  710.0     -0.992589     13.640734      2.515428      2.713392
  715.0     -1.001515     13.745420      2.524910      2.723943
  720.0     -1.009443     13.849409      2.534397      2.734260
  725.0     -1.016443     13.952726      2.543884      2.744354
  730.0     -1.022588     14.055393      2.553367      2.754239
  735.0     -1.027948     14.157433      2.562841      2.763924
  740.0     -1.032597     14.258869      2.572303      2.773422
  745.0     -1.036605     14.359723      2.581749      2.782744
  750.0     -1.040045     14.460019      2.591174      2.791901
  755.0     -1.042989     14.559779      2.600574      2.800906
  760.0     -1.045507     14.659026      2.609946      2.809770
  765.0     -1.047673     14.757783      2.619284      2.818504
  770.0     -1.049557     14.856073      2.628585      2.827120
  775.0     -1.051232     14.953918      2.637845      2.835630
  780.0     -1.052769     15.051342      2.647059      2.844044
  785.0     -1.054240     15.148367      2.656224      2.852375
  790.0     -1.055717     15.245016      2.665335      2.860635
  795.0     -1.057272     15.341312      2.674388      2.868834
  800.0     -1.058976     15.437278      2.683379      2.876984
  805.0     -1.060901     15.532936      2.692304      2.885098
  810.0     -1.063120     15.628310      2.701159      2.893185
  815.0     -1.065703     15.723422      2.709939      2.901259
  820.0     -1.068723     15.818295      2.718641      2.909330
  825.0     -1.072252     15.912952      2.727260      2.917410
  830.0     -1.076357     16.007414      2.735792      2.925511
  835.0     -1.081062     16.101693      2.744237      2.933636
  840.0     -1.086367     16.195789      2.752595      2.941784
  845.0     -1.092268     16.289706      2.760866      2.949957
  850.0     -1.098762     16.383446      2.769050      2.958154
  855.0     -1.105848     16.477012      2.777150      2.966374
  860.0     -1.113521     16.570405      2.785165      2.974618
  865.0     -1.121781     16.663630      2.793095      2.982886
  870.0     -1.130624     16.756687      2.800941      2.991177
  875.0     -1.140047     16.849579      2.808705      2.999491
  880.0     -1.150049     16.942310      2.816386      3.007828
  885.0     -1.160626     17.034881      2.823985      3.016188
  890.0     -1.171775     17.127294      2.831502      3.024571
  895.0     -1.183495     17.219553      2.838939      3.032977
  900.0     -1.195783     17.311660      2.846296      3.041405
  905.0     -1.208635     17.403617      2.853573      3.049856
  910.0     -1.222050     17.495426      2.860770      3.058329
  915.0     -1.236024     17.587091      2.867890      3.066824
  920.0     -1.250556     17.678613      2.874931      3.075341
  925.0     -1.265642     17.769995      2.881895      3.083880
  930.0     -1.281280     17.861240      2.888783      3.092441
  935.0     -1.297468     17.952350      2.895594      3.101024
  940.0     -1.314202     18.043327      2.902329      3.109628
  945.0     -1.331481     18.134174      2.908990      3.118253
  950.0     -1.349301     18.224894      2.915576      3.126900
  955.0     -1.367660     18.315488      2.922088      3.135567
  960.0     -1.386556     18.405960      2.928527      3.144256
  965.0     -1.405985     18.496311      2.934894      3.152965
  970.0     -1.425945     18.586545      2.941188      3.161695
  975.0     -1.446434     18.676663      2.947411      3.170446
  980.0     -1.467449     18.766668      2.953563      3.179217
  985.0     -1.488987     18.856563      2.959644      3.188009
  990.0     -1.511046     18.946351      2.965656      3.196821
  995.0     -1.533623     19.036032      2.971598      3.205652
 1000.0     -1.556715     19.125611      2.977472      3.214504
 1005.0     -1.580321     19.215089      2.983277      3.223375
 1010.0     -1.604436     19.304469      2.989016      3.232266
 1015.0     -1.629060     19.393754      2.994687      3.241177
 1020.0     -1.654188     19.482945      3.000292      3.250107
 1025.0     -1.679819     19.572046      3.005831      3.259056
 1030.0     -1.705950     19.661058      3.011305      3.268024
 1035.0     -1.732579     19.749985      3.016715      3.277011
 1040.0     -1.759702     19.838828      3.022061      3.286018
 1045.0     -1.787317     19.927591      3.027343      3.295042
 1050.0     -1.815422     20.016275      3.032562      3.304086
 1055.0     -1.844013     20.104884      3.037719      3.313148
 1060.0     -1.873089     20.193418      3.042815      3.322228
 1065.0     -1.902646     20.281882      3.047849      3.331326
 1070.0     -1.932683     20.370278      3.052823      3.340443
 1075.0     -1.963196     20.458607      3.057737      3.349577
 1080.0     -1.994183     20.546873      3.062591      3.358729
 1085.0     -2.025641     20.635078      3.067387      3.367899
 1090.0     -2.057568     20.723224      3.072124      3.377086
 1095.0     -2.089961     20.811314      3.076804      3.386291
 1100.0     -2.122818     20.899350      3.081427      3.395513
 1105.0     -2.156135     20.987335      3.085994      3.404752
 1110.0     -2.189910     21.075271      3.090504      3.414008
 1115.0     -2.224142     21.163160      3.094959      3.423280
 1120.0     -2.258826     21.251006      3.099360      3.432570
 1125.0     -2.293961     21.338811      3.103706      3.441876
 1130.0     -2.329543     21.426576      3.107999      3.451199
 1135.0     -2.365571     21.514305      3.112239      3.460538
 1140.0     -2.402042     21.602000      3.116427      3.469893
 1145.0     -2.438952     21.689664      3.120562      3.479264
 1150.0     -2.476300     21.777298      3.124647      3.488651
 1155.0     -2.514083     21.864906      3.128680      3.498054
 1160.0     -2.552298     21.952490      3.132664      3.507473
 1165.0     -2.590943     22.040051      3.136598      3.516907
 1170.0     -2.630015     22.127594      3.140483      3.526357
 1175.0     -2.669511     22.215120      3.144320      3.535822
 1180.0     -2.709429     22.302632      3.148109      3.545302
 1185.0     -2.749766     22.390131      3.151851      3.554797
 1190.0     -2.790520     22.477622      3.155547      3.564306
 1195.0     -2.831688     22.565105      3.159196      3.573831
 1200.0     -2.873267     22.652584      3.162800      3.583370
 1205.0     -2.915255     22.740061      3.166359      3.592924
 1210.0     -2.957649     22.827538      3.169874      3.602492
 1215.0     -3.000447     22.915019      3.173345      3.612074
 1220.0     -3.043646     23.002504      3.176773      3.621670
 1225.0     -3.087243     23.089998      3.180158      3.631280
 1230.0     -3.131236     23.177502      3.183502      3.640904
 1235.0     -3.175623     23.265019      3.186804      3.650542
 1240.0     -3.220399     23.352551      3.190065      3.660193
 1245.0     -3.265564     23.440101      3.193286      3.669858
 1250.0     -3.311114     23.527670      3.196467      3.679536
 1255.0     -3.357047     23.615263      3.199610      3.689227
 1260.0     -3.403361     23.702881      3.202713      3.698931
 1265.0     -3.450051     23.790526      3.205779      3.708648
 1270.0     -3.497117     23.878201      3.208808      3.718377
 1275.0     -3.544555     23.965909      3.211800      3.728120
 1280.0     -3.592363     24.053651      3.214755      3.737874
 1285.0     -3.640538     24.141432      3.217675      3.747641
 1290.0     -3.689078     24.229252      3.220561      3.757421
 1295.0     -3.737979     24.317114      3.223411      3.767212
 1300.0     -3.787240     24.405021      3.226228      3.777016
 1305.0     -3.836858     24.492976      3.229012      3.786831
 1310.0     -3.886829     24.580980      3.231762      3.796658
 1315.0     -3.937153     24.669036      3.234481      3.806496
 1320.0     -3.987825     24.757147      3.237168      3.816346
 1325.0     -4.038844     24.845315      3.239825      3.826207
 1330.0     -4.090206     24.933543      3.242451      3.836079
 1335.0     -4.141909     25.021833      3.245047      3.845963
 1340.0     -4.193951     25.110187      3.247614      3.855857
 1345.0     -4.246329     25.198609      3.250152      3.865762
 1350.0     -4.299041     25.287099      3.252662      3.875677
 1355.0     -4.352083     25.375662      3.255145      3.885603
 1360.0     -4.405453     25.464299      3.257601      3.895540
 1365.0     -4.459148     25.553013      3.260030      3.905486
 1370.0     -4.513167     25.641806      3.262434      3.915443
 1375.0     -4.567506     25.730681      3.264813      3.925410
 1380.0     -4.622162     25.819640      3.267167      3.935386
 1385.0     -4.677134     25.908686      3.269497      3.945372
 1390.0     -4.732418     25.997821      3.271804      3.955368
 1395.0     -4.788012     26.087048      3.274088      3.965373
 1400.0     -4.843914     26.176369      3.276349      3.975388
 1405.0     -4.900120     26.265786      3.278589      3.985412
 1410.0     -4.956628     26.355302      3.280808      3.995444
 1415.0     -5.013436     26.444920      3.283006      4.005486
 1420.0     -5.070540     26.534642      3.285185      4.015536
 1425.0     -5.127939     26.624470      3.287344      4.025595
 1430.0     -5.185629     26.714407      3.289484      4.035663
 1435.0     -5.243609     26.804455      3.291606      4.045739
 1440.0     -5.301875     26.894617      3.293711      4.055823
 1445.0     -5.360425     26.984896      3.295798      4.065915
 1450.0     -5.419256     27.075293      3.297869      4.076015
 1455.0     -5.478366     27.165811      3.299924      4.086123
 1460.0     -5.537752     27.256453      3.301964      4.096239
 1465.0     -5.597411     27.347221      3.303989      4.106362
 1470.0     -5.657341     27.438117      3.306000      4.116493
 1475.0     -5.717540     27.529145      3.307997      4.126631
 1480.0     -5.778004     27.620306      3.309982      4.136776
 1485.0     -5.838731     27.711603      3.311954      4.146928
 1490.0     -5.899719     27.803039      3.313914      4.157088
 1495.0     -5.960964     27.894615      3.315863      4.167253
 1500.0     -6.022465     27.986335      3.317801      4.177426
 1505.0     -6.084218     28.078200      3.319730      4.187605
 1510.0     -6.146222     28.170214      3.321648      4.197791
 1515.0     -6.208473     28.262379      3.323558      4.207982
 1520.0     -6.270968     28.354696      3.325460      4.218180
 1525.0     -6.333706     28.447170      3.327353      4.228384
 1530.0     -6.396684     28.539801      3.329240      4.238594
 1535.0     -6.459898     28.632594      3.331120      4.248809
 1540.0     -6.523347     28.725549      3.332994      4.259030
 1545.0     -6.587028     28.818669      3.334862      4.269257
 1550.0     -6.650938     28.911958      3.336726      4.279488
 1555.0     -6.715074     29.005417      3.338585      4.289725
 1560.0     -6.779435     29.099049      3.340441      4.299967
 1565.0     -6.844017     29.192857      3.342294      4.310214
 1570.0     -6.908817     29.286842      3.344144      4.320466
 1575.0     -6.973834     29.381008      3.345992      4.330722
 1580.0     -7.039065     29.475356      3.347838      4.340983
 1585.0     -7.104507     29.569890      3.349684      4.351248
 1590.0     -7.170156     29.664611      3.351530      4.361518
 1595.0     -7.236012     29.759523      3.353376      4.371791
 1600.0     -7.302071     29.854627      3.355223      4.382069
 1605.0     -7.368330     29.949926      3.357071      4.392350
 1610.0     -7.434788     30.045422      3.358922      4.402636
 1615.0     -7.501441     30.141119      3.360775      4.412924
 1620.0     -7.568286     30.237018      3.362631      4.423217
 1625.0     -7.635322     30.333122      3.364492      4.433512
 1630.0     -7.702545     30.429434      3.366356      4.443811
 1635.0     -7.769954     30.525955      3.368226      4.454113
 1640.0     -7.837544     30.622689      3.370101      4.464418
 1645.0     -7.905315     30.719638      3.371983      4.474725
 1650.0     -7.973262     30.816803      3.373871      4.485036
 1655.0     -8.041384     30.914189      3.375766      4.495348
 1660.0     -8.109678     31.011796      3.377670      4.505664
 1665.0     -8.178142     31.109629      3.379582      4.515981
 1670.0     -8.246772     31.207688      3.381503      4.526301
 1675.0     -8.315566     31.305977      3.383433      4.536622
 1680.0     -8.384522     31.404498      3.385374      4.546946
 1685.0     -8.453637     31.503254      3.387325      4.557271
 1690.0     -8.522908     31.602246      3.389288      4.567598
 1695.0     -8.592333     31.701478      3.391263      4.577926
 1700.0     -8.661908     31.800952      3.393251      4.588256
 1705.0     -8.731633     31.900670      3.395251      4.598586
 1710.0     -8.801503     32.000635      3.397265      4.608918
 1715.0     -8.871517     32.100849      3.399294      4.619251
 1720.0     -8.941671     32.201315      3.401337      4.629585
 1725.0     -9.011964     32.302035      3.403396      4.639919
 1730.0     -9.082392     32.403012      3.405471      4.650254
 1735.0     -9.152953     32.504248      3.407562      4.660589
 1740.0     -9.223644     32.605746      3.409671      4.670925
 1745.0     -9.294463     32.707508      3.411797      4.681260
 1750.0     -9.365407     32.809536      3.413942      4.691596
 1755.0     -9.436473     32.911833      3.416105      4.701932
 1760.0     -9.507660     33.014402      3.418288      4.712267
 1765.0     -9.578963     33.117244      3.420491      4.722602
 1770.0     -9.650382     33.220363      3.422715      4.732937
 1775.0     -9.721912     33.323761      3.424960      4.743270
 1780.0     -9.793552     33.427440      3.427227      4.753603
 1785.0     -9.865299     33.531403      3.429516      4.763935
 1790.0     -9.937150     33.635652      3.431828      4.774266
 1795.0    -10.009102     33.740189      3.434164      4.784596
 1800.0    -10.081154     33.845018      3.436524      4.794925
 1805.0    -10.153303     33.950141      3.438908      4.805252
 1810.0    -10.225545     34.055559      3.441318      4.815577
 1815.0    -10.297878     34.161277      3.443754      4.825901
 1820.0    -10.370300     34.267295      3.446216      4.836223
 1825.0    -10.442808     34.373616      3.448705      4.846543
 1830.0    -10.515400     34.480244      3.451222      4.856861
 1835.0    -10.588072     34.587180      3.453767      4.867177
 1840.0    -10.660823     34.694427      3.456340      4.877490
 1845.0    -10.733649     34.801987      3.458943      4.887801
 1850.0    -10.806548     34.909863      3.461576      4.898109
 1855.0    -10.879518     35.018057      3.464240      4.908414
 1860.0    -10.952555     35.126572      3.466934      4.918717
 1865.0    -11.025658     35.235410      3.469661      4.929016
 1870.0    -11.098824     35.344574      3.472419      4.939312
 1875.0    -11.172049     35.454066      3.475210      4.949605
 1880.0    -11.245332     35.563889      3.478035      4.959895
 1885.0    -11.318670     35.674044      3.480894      4.970181
 1890.0    -11.392059     35.784535      3.483787      4.980463
 1895.0    -11.465499     35.895364      3.486715      4.990741
 1900.0    -11.538985     36.006533      3.489679      5.001016
 1905.0    -11.612516     36.118046      3.492680      5.011286
 1910.0    -11.686089     36.229903      3.495717      5.021552
 1915.0    -11.759701     36.342109      3.498792      5.031814
 1920.0    -11.833350     36.454665      3.501905      5.042071
 1925.0    -11.907032     36.567573      3.505056      5.052324
 1930.0    -11.980746     36.680837      3.508247      5.062572
 1935.0    -12.054489     36.794458      3.511477      5.072814
 1940.0    -12.128257     36.908440      3.514748      5.083052
 1945.0    -12.202050     37.022784      3.518059      5.093285
 1950.0    -12.275863     37.137493      3.521413      5.103513
 1955.0    -12.349695     37.252570      3.524808      5.113735
 1960.0    -12.423543     37.368016      3.528246      5.123951
 1965.0    -12.497404     37.483835      3.531727      5.134162
 1970.0    -12.571275     37.600030      3.535252      5.144367
 1975.0    -12.645154     37.716601      3.538822      5.154566
 1980.0    -12.719039     37.833552      3.542436      5.164759
 1985.0    -12.792926     37.950886      3.546096      5.174946
 1990.0    -12.866814     38.068604      3.549802      5.185126
 1995.0    -12.940699     38.186710      3.553555      5.195300
 2000.0    -13.014579     38.305205      3.557356      5.205467
 2005.0    -13.088451     38.424092      3.561204      5.215628
 2010.0    -13.162314     38.543375      3.565101      5.225781
 2015.0    -13.236163     38.663054      3.569046      5.235928
 2020.0    -13.309997     38.783132      3.573042      5.246067
 2025.0    -13.383813     38.903613      3.577087      5.256199
 2030.0    -13.457608     39.024498      3.581184      5.266324
 2035.0    -13.531379     39.145790      3.585331      5.276441
 2040.0    -13.605125     39.267492      3.589531      5.286551
 2045.0    -13.678843     39.389605      3.593783      5.296653
 2050.0    -13.752529     39.512133      3.598088      5.306746
 2055.0    -13.826182     39.635078      3.602448      5.316832
 2060.0    -13.899799     39.758441      3.606861      5.326910
 2065.0    -13.973376     39.882227      3.611329      5.336979
 2070.0    -14.046912     40.006437      3.615853      5.347039
 2075.0    -14.120404     40.131073      3.620432      5.357091
 2080.0    -14.193850     40.256138      3.625068      5.367135
 2085.0    -14.267246     40.381635      3.629762      5.377169
 2090.0    -14.340590     40.507566      3.634513      5.387195
 2095.0    -14.413879     40.633934      3.639322      5.397211
 2100.0    -14.487112     40.760741      3.644191      5.407218
 2105.0    -14.560284     40.887989      3.649118      5.417216
 2110.0    -14.633395     41.015680      3.654106      5.427204
 2115.0    -14.706440     41.143819      3.659155      5.437182
 2120.0    -14.779419     41.272406      3.664265      5.447151
 2125.0    -14.852326     41.401444      3.669436      5.457109
 2130.0    -14.925162     41.530936      3.674670      5.467058
 2135.0    -14.997921     41.660884      3.679967      5.476996
 2140.0    -15.070603     41.791291      3.685328      5.486925
 2145.0    -15.143205     41.922159      3.690753      5.496842
 2150.0    -15.215723     42.053491      3.696242      5.506749
 2155.0    -15.288156     42.185289      3.701797      5.516645
 2160.0    -15.360500     42.317555      3.707417      5.526531
 2165.0    -15.432753     42.450292      3.713104      5.536405
 2170.0    -15.504913     42.583503      3.718858      5.546269
 2175.0    -15.576976     42.717190      3.724680      5.556121
 2180.0    -15.648941     42.851355      3.730569      5.565961
 2185.0    -15.720804     42.986000      3.736528      5.575790
 2190.0    -15.792564     43.121130      3.742556      5.585608
 2195.0    -15.864217     43.256745      3.748654      5.595414
 2200.0    -15.935761     43.392848      3.754822      5.605207
 2205.0    -16.007193     43.529442      3.761061      5.614989
 2210.0    -16.078510     43.666529      3.767373      5.624759
 2215.0    -16.149711     43.804111      3.773756      5.634516
 2220.0    -16.220792     43.942192      3.780212      5.644260
 2225.0    -16.291751     44.080773      3.786742      5.653993
 2230.0    -16.362585     44.219858      3.793345      5.663712
 2235.0    -16.433292     44.359447      3.800023      5.673419
 2240.0    -16.503868     44.499545      3.806777      5.683112
 2245.0    -16.574312     44.640153      3.813606      5.692793
 2250.0    -16.644621     44.781274      3.820511      5.702460
 2255.0    -16.714792     44.922911      3.827493      5.712114
 2260.0    -16.784823     45.065065      3.834553      5.721754
 2265.0    -16.854711     45.207739      3.841690      5.731381
 2270.0    -16.924453     45.350936      3.848907      5.740994
 2275.0    -16.994047     45.494659      3.856202      5.750593
 2280.0    -17.063490     45.638909      3.863577      5.760177
 2285.0    -17.132780     45.783689      3.871033      5.769748
 2290.0    -17.201914     45.929001      3.878570      5.779305
 2295.0    -17.270889     46.074849      3.886188      5.788847
 2300.0    -17.339702     46.221234      3.893888      5.798374
 2305.0    -17.408353     46.368159      3.901671      5.807887
 2310.0    -17.476836     46.515627      3.909537      5.817385
 2315.0    -17.545151     46.663639      3.917487      5.826868
 2320.0    -17.613294     46.812199      3.925521      5.836335
 2325.0    -17.681262     46.961309      3.933641      5.845788
 2330.0    -17.749054     47.110971      3.941846      5.855225
 2335.0    -17.816667     47.261188      3.950137      5.864647
 2340.0    -17.884097     47.411961      3.958515      5.874053
 2345.0    -17.951343     47.563295      3.966980      5.883443
 2350.0    -18.018401     47.715191      3.975533      5.892817
 2355.0    -18.085270     47.867651      3.984175      5.902176
 2360.0    -18.151946     48.020678      3.992905      5.911518
 2365.0    -18.218427     48.174275      4.001726      5.920844
 2370.0    -18.284710     48.328444      4.010636      5.930153
 2375.0    -18.350794     48.483188      4.019637      5.939446
 2380.0    -18.416674     48.638508      4.028730      5.948722
 2385.0    -18.482349     48.794408      4.037915      5.957981
 2390.0    -18.547816     48.950889      4.047192      5.967224
 2395.0    -18.613072     49.107955      4.056562      5.976449
 2400.0    -18.678114     49.265608      4.066026      5.985657
 2405.0    -18.742941     49.423849      4.075584      5.994848
 2410.0    -18.807550     49.582683      4.085237      6.004021
 2415.0    -18.871937     49.742111      4.094986      6.013177
 2420.0    -18.936101     49.902135      4.104831      6.022314
 2425.0    -19.000038     50.062758      4.114772      6.031434
 2430.0    -19.063747     50.223983      4.124810      6.040536
 2435.0    -19.127224     50.385812      4.134946      6.049620
 2440.0    -19.190466     50.548248      4.145181      6.058685
 2445.0    -19.253473     50.711292      4.155514      6.067732
 2450.0    -19.316239     50.874948      4.165947      6.076761
 2455.0    -19.378764     51.039218      4.176480      6.085770
 2460.0    -19.441045     51.204104      4.187113      6.094761
 2465.0    -19.503078     51.369608      4.197848      6.103733
 2470.0    -19.564862     51.535734      4.208684      6.112686
 2475.0    -19.626393     51.702484      4.219623      6.121620
 2480.0    -19.687669     51.869860      4.230665      6.130534
