#Lambda        Dielectric Constant          Refractive Index
# [nm]        [Real]        [Imag]        [Real]        [Imag]
   10.0     96.342001      0.000000      5.420830      0.000000
   15.0     44.396549      0.000000      2.817371      0.000000
   20.0     15.685882      0.000000      1.382255      0.000000
   25.0      3.311975      0.000000      0.767762      0.000000
   30.0      0.376804      0.223092      0.626170      0.177402
   35.0      0.198555      0.530072      0.618486      0.428689
   40.0      0.426999      0.856960      0.832000      0.515000
   45.0      0.601284      1.073192      0.956813      0.560383
   50.0      0.691122      1.098887      0.997328      0.550937
   55.0      0.797790      1.147939      1.047792      0.547792
   60.0      0.788453      1.125990      1.039961      0.541364
   65.0      0.763301      1.183109      1.041937      0.567748
   70.0      0.721494      1.268118      1.044155      0.607240
   75.0      0.775363      1.370172      1.083894      0.632059
   80.0      0.624357      1.131724      0.979000      0.578000
   85.0      0.221450      1.127829      0.828013      0.681257
   90.0     -0.156426      1.635304      0.862058      0.948478
   95.0     -0.286323      2.496565      1.055247      1.183032
  100.0      0.005164      3.333360      1.292000      1.290000
  105.0      0.303960      3.337661      1.351932      1.234411
  110.0      0.661921      3.952275      1.527959      1.293315
  115.0      1.033326      4.090839      1.620619      1.262121
  120.0      1.414691      4.273342      1.719901      1.242319
  125.0      1.602607      4.153463      1.739895      1.193590
  130.0      1.781879      4.151856      1.774813      1.169657
  135.0      2.173390      4.560342      1.900690      1.199657
  140.0      2.273514      4.877321      1.956588      1.246533
  145.0      2.786759      5.036537      2.066717      1.218450
  150.0      3.314263      5.312165      2.188108      1.213875
  155.0      3.587040      5.163928      2.222000      1.162000
  160.0      3.935426      5.119578      2.279560      1.122920
  165.0      4.180512      5.174245      2.327344      1.111603
  170.0      4.875624      5.491456      2.471741      1.110849
  175.0      5.533666      5.818402      2.604204      1.117111
  180.0      6.844660      6.183413      2.834521      1.090715
  185.0      7.843061      5.499914      2.951469      0.931718
  190.0      8.062127      3.663243      2.908368      0.629636
  195.0      7.440430      1.959165      2.750998      0.355493
  200.0      6.711670      1.242870      2.601126      0.240158
  205.0      6.693362      1.187513      2.598432      0.229481
  210.0      7.072483      0.501059      2.664565      0.096447
  215.0      6.717054      0.009991      2.590995      0.001814
  220.0      5.728441      0.002253      2.393611      0.000454
  225.0      5.376439      0.000000      2.318729      0.000000
  230.0      5.116793      0.000000      2.262050      0.000000
  235.0      4.949527      0.000000      2.224729      0.000000
  240.0      4.794415      0.000000      2.189629      0.000000
  245.0      4.702907      0.000000      2.168623      0.000000
  250.0      4.593873      0.000000      2.143314      0.000000
  255.0      4.496646      0.000000      2.120544      0.000000
  260.0      4.462367      0.000000      2.112427      0.000000
  265.0      4.426431      0.000000      2.103910      0.000000
  270.0      4.389478      0.000000      2.095108      0.000000
  275.0      4.351169      0.000000      2.085946      0.000000
  280.0      4.311320      0.000000      2.076372      0.000000
  285.0      4.273894      0.000000      2.067340      0.000000
  290.0      4.241323      0.000000      2.059448      0.000000
  295.0      4.211885      0.000000      2.052288      0.000000
  300.0      4.182490      0.000000      2.045113      0.000000
  305.0      4.157911      0.000000      2.039097      0.000000
  310.0      4.137156      0.000000      2.034000      0.000000
  315.0      4.113980      0.000000      2.028294      0.000000
  320.0      4.091727      0.000000      2.022802      0.000000
  325.0      4.072848      0.000000      2.018130      0.000000
  330.0      4.055794      0.000000      2.013900      0.000000
  335.0      4.040387      0.000000      2.010071      0.000000
  340.0      4.026978      0.000000      2.006734      0.000000
  345.0      4.014526      0.000000      2.003628      0.000000
  350.0      4.002102      0.000000      2.000525      0.000000
  355.0      3.990151      0.000000      1.997536      0.000000
  360.0      3.978884      0.000000      1.994714      0.000000
  365.0      3.967343      0.000000      1.991819      0.000000
  370.0      3.954811      0.000000      1.988670      0.000000
  375.0      3.941987      0.000000      1.985444      0.000000
  380.0      3.929735      0.000000      1.982356      0.000000
  385.0      3.918123      0.000000      1.979425      0.000000
  390.0      3.906917      0.000000      1.976592      0.000000
  395.0      3.895894      0.000000      1.973802      0.000000
  400.0      3.884841      0.000000      1.971000      0.000000
  405.0      3.873739      0.000000      1.968181      0.000000
  410.0      3.863331      0.000000      1.965535      0.000000
  415.0      3.854538      0.000000      1.963298      0.000000
  420.0      3.847478      0.000000      1.961500      0.000000
  425.0      3.841042      0.000000      1.959858      0.000000
  430.0      3.834062      0.000000      1.958076      0.000000
  435.0      3.826292      0.000000      1.956090      0.000000
  440.0      3.818407      0.000000      1.954074      0.000000
  445.0      3.811112      0.000000      1.952207      0.000000
  450.0      3.804712      0.000000      1.950567      0.000000
  455.0      3.799042      0.000000      1.949113      0.000000
  460.0      3.793912      0.000000      1.947797      0.000000
  465.0      3.789170      0.000000      1.946579      0.000000
  470.0      3.784759      0.000000      1.945445      0.000000
  475.0      3.780636      0.000000      1.944386      0.000000
  480.0      3.776750      0.000000      1.943386      0.000000
  485.0      3.772932      0.000000      1.942404      0.000000
  490.0      3.768924      0.000000      1.941372      0.000000
  495.0      3.764469      0.000000      1.940224      0.000000
  500.0      3.759721      0.000000      1.939000      0.000000
  505.0      3.756852      0.000000      1.938260      0.000000
  510.0      3.755873      0.000000      1.938008      0.000000
  515.0      3.755915      0.000000      1.938018      0.000000
  520.0      3.754981      0.000000      1.937777      0.000000
  525.0      3.752632      0.000000      1.937171      0.000000
  530.0      3.750260      0.000000      1.936559      0.000000
  535.0      3.748618      0.000000      1.936135      0.000000
  540.0      3.748095      0.000000      1.936000      0.000000
  545.0      3.747668      0.000000      1.935890      0.000000
  550.0      3.746390      0.000000      1.935559      0.000000
  555.0      3.744485      0.000000      1.935067      0.000000
  560.0      3.742172      0.000000      1.934469      0.000000
  565.0      3.739633      0.000000      1.933813      0.000000
  570.0      3.737127      0.000000      1.933165      0.000000
  575.0      3.735055      0.000000      1.932629      0.000000
  580.0      3.733593      0.000000      1.932251      0.000000
  585.0      3.732782      0.000000      1.932041      0.000000
  590.0      3.732630      0.000000      1.932002      0.000000
  595.0      3.732074      0.000000      1.931858      0.000000
  600.0      3.730754      0.000000      1.931516      0.000000
  605.0      3.729119      0.000000      1.931093      0.000000
  610.0      3.727573      0.000000      1.930692      0.000000
  615.0      3.726187      0.000000      1.930333      0.000000
  620.0      3.724874      0.000000      1.929993      0.000000
  625.0      3.723559      0.000000      1.929653      0.000000
  630.0      3.722230      0.000000      1.929308      0.000000
  635.0      3.720887      0.000000      1.928960      0.000000
  640.0      3.719530      0.000000      1.928608      0.000000
  645.0      3.718160      0.000000      1.928252      0.000000
  650.0      3.716778      0.000000      1.927894      0.000000
  655.0      3.715384      0.000000      1.927532      0.000000
  660.0      3.713978      0.000000      1.927167      0.000000
  665.0      3.712561      0.000000      1.926799      0.000000
  670.0      3.711135      0.000000      1.926428      0.000000
  675.0      3.709698      0.000000      1.926055      0.000000
  680.0      3.708252      0.000000      1.925679      0.000000
  685.0      3.706798      0.000000      1.925301      0.000000
  690.0      3.705335      0.000000      1.924921      0.000000
  695.0      3.703865      0.000000      1.924538      0.000000
  700.0      3.702388      0.000000      1.924154      0.000000
  705.0      3.700904      0.000000      1.923768      0.000000
  710.0      3.699414      0.000000      1.923381      0.000000
  715.0      3.697919      0.000000      1.922991      0.000000
  720.0      3.696419      0.000000      1.922601      0.000000
  725.0      3.694915      0.000000      1.922209      0.000000
  730.0      3.693407      0.000000      1.921817      0.000000
  735.0      3.691896      0.000000      1.921423      0.000000
  740.0      3.690382      0.000000      1.921029      0.000000
  745.0      3.688866      0.000000      1.920634      0.000000
  750.0      3.687348      0.000000      1.920238      0.000000
  755.0      3.685829      0.000000      1.919843      0.000000
  760.0      3.684310      0.000000      1.919447      0.000000
  765.0      3.682790      0.000000      1.919050      0.000000
  770.0      3.681272      0.000000      1.918655      0.000000
  775.0      3.679754      0.000000      1.918259      0.000000
  780.0      3.678238      0.000000      1.917863      0.000000
  785.0      3.676724      0.000000      1.917469      0.000000
  790.0      3.675213      0.000000      1.917074      0.000000
  795.0      3.673705      0.000000      1.916681      0.000000
  800.0      3.672201      0.000000      1.916289      0.000000
  805.0      3.670701      0.000000      1.915897      0.000000
  810.0      3.669207      0.000000      1.915507      0.000000
  815.0      3.667717      0.000000      1.915118      0.000000
  820.0      3.666234      0.000000      1.914731      0.000000
  825.0      3.664757      0.000000      1.914346      0.000000
  830.0      3.663288      0.000000      1.913962      0.000000
  835.0      3.661826      0.000000      1.913580      0.000000
  840.0      3.660372      0.000000      1.913200      0.000000
  845.0      3.658926      0.000000      1.912823      0.000000
  850.0      3.657491      0.000000      1.912447      0.000000
  855.0      3.656064      0.000000      1.912075      0.000000
  860.0      3.654649      0.000000      1.911705      0.000000
  865.0      3.653244      0.000000      1.911338      0.000000
  870.0      3.651850      0.000000      1.910973      0.000000
  875.0      3.650469      0.000000      1.910612      0.000000
  880.0      3.649100      0.000000      1.910254      0.000000
  885.0      3.647744      0.000000      1.909899      0.000000
  890.0      3.646401      0.000000      1.909548      0.000000
  895.0      3.645073      0.000000      1.909201      0.000000
  900.0      3.643760      0.000000      1.908857      0.000000
  905.0      3.642461      0.000000      1.908518      0.000000
  910.0      3.641179      0.000000      1.908182      0.000000
  915.0      3.639913      0.000000      1.907850      0.000000
  920.0      3.638663      0.000000      1.907523      0.000000
  925.0      3.637431      0.000000      1.907201      0.000000
  930.0      3.636217      0.000000      1.906883      0.000000
  935.0      3.635022      0.000000      1.906570      0.000000
  940.0      3.633845      0.000000      1.906262      0.000000
  945.0      3.632688      0.000000      1.905959      0.000000
  950.0      3.631551      0.000000      1.905661      0.000000
  955.0      3.630435      0.000000      1.905368      0.000000
  960.0      3.629340      0.000000      1.905081      0.000000
  965.0      3.628267      0.000000      1.904800      0.000000
  970.0      3.627216      0.000000      1.904524      0.000000
  975.0      3.626188      0.000000      1.904254      0.000000
  980.0      3.625183      0.000000      1.903991      0.000000
  985.0      3.624202      0.000000      1.903733      0.000000
  990.0      3.623246      0.000000      1.903482      0.000000
  995.0      3.622315      0.000000      1.903238      0.000000
 1000.0      3.621409      0.000000      1.903000      0.000000
 1005.0      3.620524      0.000000      1.902767      0.000000
 1010.0      3.619631      0.000000      1.902533      0.000000
 1015.0      3.618697      0.000000      1.902287      0.000000
 1020.0      3.617689      0.000000      1.902022      0.000000
 1025.0      3.616595      0.000000      1.901735      0.000000
 1030.0      3.615514      0.000000      1.901450      0.000000
 1035.0      3.614582      0.000000      1.901205      0.000000
 1040.0      3.613933      0.000000      1.901035      0.000000
 1045.0      3.613686      0.000000      1.900970      0.000000
 1050.0      3.613756      0.000000      1.900988      0.000000
 1055.0      3.613926      0.000000      1.901033      0.000000
 1060.0      3.613977      0.000000      1.901046      0.000000
 1065.0      3.613690      0.000000      1.900971      0.000000
 1070.0      3.612980      0.000000      1.900784      0.000000
 1075.0      3.612025      0.000000      1.900533      0.000000
 1080.0      3.611037      0.000000      1.900273      0.000000
 1085.0      3.610227      0.000000      1.900060      0.000000
 1090.0      3.609792      0.000000      1.899945      0.000000
 1095.0      3.609724      0.000000      1.899927      0.000000
 1100.0      3.609855      0.000000      1.899962      0.000000
 1105.0      3.610015      0.000000      1.900004      0.000000
 1110.0      3.610032      0.000000      1.900009      0.000000
 1115.0      3.609756      0.000000      1.899936      0.000000
 1120.0      3.609187      0.000000      1.899786      0.000000
 1125.0      3.608401      0.000000      1.899579      0.000000
 1130.0      3.607474      0.000000      1.899335      0.000000
 1135.0      3.606481      0.000000      1.899074      0.000000
 1140.0      3.605495      0.000000      1.898814      0.000000
 1145.0      3.604570      0.000000      1.898570      0.000000
 1150.0      3.603748      0.000000      1.898354      0.000000
 1155.0      3.603071      0.000000      1.898176      0.000000
 1160.0      3.602581      0.000000      1.898047      0.000000
 1165.0      3.602319      0.000000      1.897977      0.000000
 1170.0      3.602266      0.000000      1.897964      0.000000
 1175.0      3.602339      0.000000      1.897983      0.000000
 1180.0      3.602449      0.000000      1.898012      0.000000
 1185.0      3.602507      0.000000      1.898027      0.000000
 1190.0      3.602423      0.000000      1.898005      0.000000
 1195.0      3.602127      0.000000      1.897927      0.000000
 1200.0      3.601631      0.000000      1.897796      0.000000
 1205.0      3.600979      0.000000      1.897625      0.000000
 1210.0      3.600215      0.000000      1.897423      0.000000
 1215.0      3.599382      0.000000      1.897204      0.000000
 1220.0      3.598523      0.000000      1.896977      0.000000
 1225.0      3.597680      0.000000      1.896755      0.000000
 1230.0      3.596884      0.000000      1.896545      0.000000
 1235.0      3.596169      0.000000      1.896357      0.000000
 1240.0      3.595565      0.000000      1.896197      0.000000
 1245.0      3.595103      0.000000      1.896076      0.000000
 1250.0      3.594816      0.000000      1.896000      0.000000
 1255.0      3.594718      0.000000      1.895974      0.000000
 1260.0      3.594758      0.000000      1.895985      0.000000
 1265.0      3.594866      0.000000      1.896013      0.000000
 1270.0      3.594974      0.000000      1.896042      0.000000
 1275.0      3.595013      0.000000      1.896052      0.000000
 1280.0      3.594915      0.000000      1.896026      0.000000
 1285.0      3.594615      0.000000      1.895947      0.000000
 1290.0      3.594121      0.000000      1.895817      0.000000
 1295.0      3.593499      0.000000      1.895653      0.000000
 1300.0      3.592817      0.000000      1.895473      0.000000
 1305.0      3.592141      0.000000      1.895294      0.000000
 1310.0      3.591540      0.000000      1.895136      0.000000
 1315.0      3.591081      0.000000      1.895015      0.000000
 1320.0      3.590819      0.000000      1.894946      0.000000
 1325.0      3.590733      0.000000      1.894923      0.000000
 1330.0      3.590768      0.000000      1.894932      0.000000
 1335.0      3.590871      0.000000      1.894960      0.000000
 1340.0      3.590989      0.000000      1.894991      0.000000
 1345.0      3.591067      0.000000      1.895011      0.000000
 1350.0      3.591053      0.000000      1.895007      0.000000
 1355.0      3.590897      0.000000      1.894966      0.000000
 1360.0      3.590596      0.000000      1.894887      0.000000
 1365.0      3.590175      0.000000      1.894776      0.000000
 1370.0      3.589657      0.000000      1.894639      0.000000
 1375.0      3.589066      0.000000      1.894483      0.000000
 1380.0      3.588425      0.000000      1.894314      0.000000
 1385.0      3.587759      0.000000      1.894138      0.000000
 1390.0      3.587090      0.000000      1.893961      0.000000
 1395.0      3.586439      0.000000      1.893790      0.000000
 1400.0      3.585820      0.000000      1.893626      0.000000
 1405.0      3.585243      0.000000      1.893474      0.000000
 1410.0      3.584720      0.000000      1.893336      0.000000
 1415.0      3.584263      0.000000      1.893215      0.000000
 1420.0      3.583884      0.000000      1.893115      0.000000
 1425.0      3.583595      0.000000      1.893039      0.000000
 1430.0      3.583407      0.000000      1.892989      0.000000
 1435.0      3.583320      0.000000      1.892966      0.000000
 1440.0      3.583310      0.000000      1.892963      0.000000
 1445.0      3.583352      0.000000      1.892974      0.000000
 1450.0      3.583422      0.000000      1.892993      0.000000
 1455.0      3.583493      0.000000      1.893012      0.000000
 1460.0      3.583540      0.000000      1.893024      0.000000
 1465.0      3.583539      0.000000      1.893024      0.000000
 1470.0      3.583464      0.000000      1.893004      0.000000
 1475.0      3.583294      0.000000      1.892959      0.000000
 1480.0      3.583032      0.000000      1.892890      0.000000
 1485.0      3.582692      0.000000      1.892800      0.000000
 1490.0      3.582285      0.000000      1.892692      0.000000
 1495.0      3.581824      0.000000      1.892571      0.000000
 1500.0      3.581321      0.000000      1.892438      0.000000
 1505.0      3.580789      0.000000      1.892297      0.000000
 1510.0      3.580240      0.000000      1.892152      0.000000
 1515.0      3.579686      0.000000      1.892006      0.000000
 1520.0      3.579140      0.000000      1.891861      0.000000
 1525.0      3.578609      0.000000      1.891721      0.000000
 1530.0      3.578102      0.000000      1.891587      0.000000
 1535.0      3.577625      0.000000      1.891461      0.000000
 1540.0      3.577186      0.000000      1.891345      0.000000
 1545.0      3.576792      0.000000      1.891241      0.000000
 1550.0      3.576452      0.000000      1.891151      0.000000
 1555.0      3.576172      0.000000      1.891077      0.000000
 1560.0      3.575959      0.000000      1.891021      0.000000
 1565.0      3.575822      0.000000      1.890984      0.000000
 1570.0      3.575755      0.000000      1.890967      0.000000
 1575.0      3.575745      0.000000      1.890964      0.000000
 1580.0      3.575775      0.000000      1.890972      0.000000
 1585.0      3.575829      0.000000      1.890986      0.000000
 1590.0      3.575894      0.000000      1.891003      0.000000
 1595.0      3.575953      0.000000      1.891019      0.000000
 1600.0      3.575990      0.000000      1.891029      0.000000
 1605.0      3.575991      0.000000      1.891029      0.000000
 1610.0      3.575940      0.000000      1.891016      0.000000
 1615.0      3.575822      0.000000      1.890984      0.000000
 1620.0      3.575633      0.000000      1.890934      0.000000
 1625.0      3.575380      0.000000      1.890868      0.000000
 1630.0      3.575074      0.000000      1.890787      0.000000
 1635.0      3.574724      0.000000      1.890694      0.000000
 1640.0      3.574340      0.000000      1.890592      0.000000
 1645.0      3.573931      0.000000      1.890484      0.000000
 1650.0      3.573506      0.000000      1.890372      0.000000
 1655.0      3.573076      0.000000      1.890258      0.000000
 1660.0      3.572649      0.000000      1.890145      0.000000
 1665.0      3.572236      0.000000      1.890036      0.000000
 1670.0      3.571844      0.000000      1.889932      0.000000
 1675.0      3.571476      0.000000      1.889835      0.000000
 1680.0      3.571128      0.000000      1.889743      0.000000
 1685.0      3.570795      0.000000      1.889655      0.000000
 1690.0      3.570475      0.000000      1.889570      0.000000
 1695.0      3.570163      0.000000      1.889487      0.000000
 1700.0      3.569855      0.000000      1.889406      0.000000
 1705.0      3.569549      0.000000      1.889325      0.000000
 1710.0      3.569240      0.000000      1.889243      0.000000
 1715.0      3.568924      0.000000      1.889160      0.000000
 1720.0      3.568598      0.000000      1.889073      0.000000
 1725.0      3.568259      0.000000      1.888983      0.000000
 1730.0      3.567904      0.000000      1.888889      0.000000
 1735.0      3.567538      0.000000      1.888793      0.000000
 1740.0      3.567168      0.000000      1.888695      0.000000
 1745.0      3.566799      0.000000      1.888597      0.000000
 1750.0      3.566436      0.000000      1.888501      0.000000
 1755.0      3.566086      0.000000      1.888408      0.000000
 1760.0      3.565754      0.000000      1.888320      0.000000
 1765.0      3.565446      0.000000      1.888239      0.000000
 1770.0      3.565167      0.000000      1.888165      0.000000
 1775.0      3.564922      0.000000      1.888100      0.000000
 1780.0      3.564719      0.000000      1.888046      0.000000
 1785.0      3.564562      0.000000      1.888005      0.000000
 1790.0      3.564456      0.000000      1.887977      0.000000
 1795.0      3.564395      0.000000      1.887961      0.000000
 1800.0      3.564374      0.000000      1.887955      0.000000
 1805.0      3.564383      0.000000      1.887957      0.000000
 1810.0      3.564415      0.000000      1.887966      0.000000
 1815.0      3.564462      0.000000      1.887978      0.000000
 1820.0      3.564518      0.000000      1.887993      0.000000
 1825.0      3.564573      0.000000      1.888008      0.000000
 1830.0      3.564620      0.000000      1.888020      0.000000
 1835.0      3.564652      0.000000      1.888029      0.000000
 1840.0      3.564661      0.000000      1.888031      0.000000
 1845.0      3.564639      0.000000      1.888025      0.000000
 1850.0      3.564579      0.000000      1.888009      0.000000
 1855.0      3.564472      0.000000      1.887981      0.000000
 1860.0      3.564320      0.000000      1.887941      0.000000
 1865.0      3.564128      0.000000      1.887890      0.000000
 1870.0      3.563901      0.000000      1.887830      0.000000
 1875.0      3.563645      0.000000      1.887762      0.000000
 1880.0      3.563365      0.000000      1.887688      0.000000
 1885.0      3.563066      0.000000      1.887608      0.000000
 1890.0      3.562755      0.000000      1.887526      0.000000
 1895.0      3.562436      0.000000      1.887442      0.000000
 1900.0      3.562116      0.000000      1.887357      0.000000
 1905.0      3.561799      0.000000      1.887273      0.000000
 1910.0      3.561491      0.000000      1.887191      0.000000
 1915.0      3.561198      0.000000      1.887114      0.000000
 1920.0      3.560926      0.000000      1.887041      0.000000
 1925.0      3.560678      0.000000      1.886976      0.000000
 1930.0      3.560458      0.000000      1.886918      0.000000
 1935.0      3.560258      0.000000      1.886865      0.000000
 1940.0      3.560074      0.000000      1.886816      0.000000
 1945.0      3.559900      0.000000      1.886770      0.000000
 1950.0      3.559730      0.000000      1.886725      0.000000
 1955.0      3.559558      0.000000      1.886679      0.000000
 1960.0      3.559379      0.000000      1.886632      0.000000
 1965.0      3.559186      0.000000      1.886581      0.000000
 1970.0      3.558975      0.000000      1.886525      0.000000
 1975.0      3.558740      0.000000      1.886462      0.000000
 1980.0      3.558474      0.000000      1.886392      0.000000
 1985.0      3.558173      0.000000      1.886312      0.000000
 1990.0      3.557830      0.000000      1.886221      0.000000
 1995.0      3.557439      0.000000      1.886118      0.000000
 2000.0      3.556996      0.000000      1.886000      0.000000
 2005.0      3.556499      0.000000      1.885868      0.000000
 2010.0      3.555965      0.000000      1.885727      0.000000
 2015.0      3.555417      0.000000      1.885581      0.000000
 2020.0      3.554879      0.000000      1.885439      0.000000
 2025.0      3.554371      0.000000      1.885304      0.000000
 2030.0      3.553917      0.000000      1.885183      0.000000
 2035.0      3.553539      0.000000      1.885083      0.000000
 2040.0      3.553259      0.000000      1.885009      0.000000
 2045.0      3.553096      0.000000      1.884966      0.000000
 2050.0      3.553034      0.000000      1.884949      0.000000
 2055.0      3.553047      0.000000      1.884953      0.000000
 2060.0      3.553107      0.000000      1.884969      0.000000
 2065.0      3.553188      0.000000      1.884990      0.000000
 2070.0      3.553263      0.000000      1.885010      0.000000
 2075.0      3.553304      0.000000      1.885021      0.000000
 2080.0      3.553284      0.000000      1.885016      0.000000
 2085.0      3.553177      0.000000      1.884987      0.000000
 2090.0      3.552971      0.000000      1.884933      0.000000
 2095.0      3.552675      0.000000      1.884854      0.000000
 2100.0      3.552304      0.000000      1.884756      0.000000
 2105.0      3.551870      0.000000      1.884641      0.000000
 2110.0      3.551386      0.000000      1.884512      0.000000
 2115.0      3.550864      0.000000      1.884374      0.000000
 2120.0      3.550317      0.000000      1.884229      0.000000
 2125.0      3.549758      0.000000      1.884080      0.000000
 2130.0      3.549200      0.000000      1.883932      0.000000
 2135.0      3.548653      0.000000      1.883787      0.000000
 2140.0      3.548125      0.000000      1.883647      0.000000
 2145.0      3.547625      0.000000      1.883514      0.000000
 2150.0      3.547161      0.000000      1.883391      0.000000
 2155.0      3.546740      0.000000      1.883279      0.000000
 2160.0      3.546372      0.000000      1.883181      0.000000
 2165.0      3.546063      0.000000      1.883099      0.000000
 2170.0      3.545823      0.000000      1.883036      0.000000
 2175.0      3.545660      0.000000      1.882992      0.000000
 2180.0      3.545574      0.000000      1.882969      0.000000
 2185.0      3.545550      0.000000      1.882963      0.000000
 2190.0      3.545572      0.000000      1.882969      0.000000
 2195.0      3.545623      0.000000      1.882983      0.000000
 2200.0      3.545687      0.000000      1.882999      0.000000
 2205.0      3.545747      0.000000      1.883015      0.000000
 2210.0      3.545785      0.000000      1.883026      0.000000
 2215.0      3.545787      0.000000      1.883026      0.000000
 2220.0      3.545734      0.000000      1.883012      0.000000
 2225.0      3.545611      0.000000      1.882979      0.000000
 2230.0      3.545415      0.000000      1.882927      0.000000
 2235.0      3.545153      0.000000      1.882858      0.000000
 2240.0      3.544835      0.000000      1.882773      0.000000
 2245.0      3.544467      0.000000      1.882676      0.000000
 2250.0      3.544059      0.000000      1.882567      0.000000
 2255.0      3.543619      0.000000      1.882450      0.000000
 2260.0      3.543155      0.000000      1.882327      0.000000
 2265.0      3.542675      0.000000      1.882200      0.000000
 2270.0      3.542188      0.000000      1.882070      0.000000
 2275.0      3.541701      0.000000      1.881941      0.000000
 2280.0      3.541221      0.000000      1.881813      0.000000
 2285.0      3.540755      0.000000      1.881690      0.000000
 2290.0      3.540308      0.000000      1.881571      0.000000
 2295.0      3.539886      0.000000      1.881458      0.000000
 2300.0      3.539493      0.000000      1.881354      0.000000
 2305.0      3.539136      0.000000      1.881259      0.000000
 2310.0      3.538820      0.000000      1.881175      0.000000
 2315.0      3.538551      0.000000      1.881104      0.000000
 2320.0      3.538335      0.000000      1.881046      0.000000
 2325.0      3.538176      0.000000      1.881004      0.000000
 2330.0      3.538079      0.000000      1.880978      0.000000
 2335.0      3.538036      0.000000      1.880967      0.000000
 2340.0      3.538035      0.000000      1.880967      0.000000
 2345.0      3.538066      0.000000      1.880975      0.000000
 2350.0      3.538116      0.000000      1.880988      0.000000
 2355.0      3.538174      0.000000      1.881003      0.000000
 2360.0      3.538228      0.000000      1.881018      0.000000
 2365.0      3.538268      0.000000      1.881028      0.000000
 2370.0      3.538281      0.000000      1.881032      0.000000
 2375.0      3.538257      0.000000      1.881025      0.000000
 2380.0      3.538183      0.000000      1.881006      0.000000
 2385.0      3.538049      0.000000      1.880970      0.000000
 2390.0      3.537858      0.000000      1.880920      0.000000
 2395.0      3.537617      0.000000      1.880855      0.000000
 2400.0      3.537332      0.000000      1.880780      0.000000
 2405.0      3.537010      0.000000      1.880694      0.000000
 2410.0      3.536659      0.000000      1.880601      0.000000
 2415.0      3.536285      0.000000      1.880501      0.000000
 2420.0      3.535896      0.000000      1.880398      0.000000
 2425.0      3.535498      0.000000      1.880292      0.000000
 2430.0      3.535099      0.000000      1.880186      0.000000
 2435.0      3.534706      0.000000      1.880081      0.000000
 2440.0      3.534325      0.000000      1.879980      0.000000
 2445.0      3.533962      0.000000      1.879883      0.000000
 2450.0      3.533614      0.000000      1.879791      0.000000
 2455.0      3.533281      0.000000      1.879702      0.000000
 2460.0      3.532961      0.000000      1.879617      0.000000
 2465.0      3.532651      0.000000      1.879535      0.000000
 2470.0      3.532350      0.000000      1.879455      0.000000
 2475.0      3.532057      0.000000      1.879377      0.000000
 2480.0      3.531770      0.000000      1.879300      0.000000
 2485.0      3.531486      0.000000      1.879225      0.000000
 2490.0      3.531205      0.000000      1.879150      0.000000
 2495.0      3.530924      0.000000      1.879075      0.000000
 2500.0      3.530641      0.000000      1.879000      0.000000
 2505.0      3.530356      0.000000      1.878924      0.000000
 2510.0      3.530067      0.000000      1.878847      0.000000
 2515.0      3.529777      0.000000      1.878770      0.000000
 2520.0      3.529484      0.000000      1.878692      0.000000
 2525.0      3.529190      0.000000      1.878614      0.000000
 2530.0      3.528895      0.000000      1.878535      0.000000
 2535.0      3.528599      0.000000      1.878457      0.000000
 2540.0      3.528303      0.000000      1.878378      0.000000
 2545.0      3.528007      0.000000      1.878299      0.000000
 2550.0      3.527712      0.000000      1.878220      0.000000
 2555.0      3.527417      0.000000      1.878142      0.000000
 2560.0      3.527123      0.000000      1.878064      0.000000
 2565.0      3.526832      0.000000      1.877986      0.000000
 2570.0      3.526542      0.000000      1.877909      0.000000
 2575.0      3.526254      0.000000      1.877832      0.000000
 2580.0      3.525968      0.000000      1.877756      0.000000
 2585.0      3.525685      0.000000      1.877681      0.000000
 2590.0      3.525403      0.000000      1.877606      0.000000
 2595.0      3.525123      0.000000      1.877531      0.000000
 2600.0      3.524845      0.000000      1.877457      0.000000
 2605.0      3.524568      0.000000      1.877383      0.000000
 2610.0      3.524294      0.000000      1.877310      0.000000
 2615.0      3.524021      0.000000      1.877238      0.000000
 2620.0      3.523751      0.000000      1.877166      0.000000
 2625.0      3.523482      0.000000      1.877094      0.000000
 2630.0      3.523214      0.000000      1.877023      0.000000
 2635.0      3.522949      0.000000      1.876952      0.000000
 2640.0      3.522684      0.000000      1.876882      0.000000
 2645.0      3.522421      0.000000      1.876811      0.000000
 2650.0      3.522159      0.000000      1.876742      0.000000
 2655.0      3.521898      0.000000      1.876672      0.000000
 2660.0      3.521636      0.000000      1.876602      0.000000
 2665.0      3.521375      0.000000      1.876533      0.000000
 2670.0      3.521114      0.000000      1.876463      0.000000
 2675.0      3.520852      0.000000      1.876393      0.000000
 2680.0      3.520589      0.000000      1.876323      0.000000
 2685.0      3.520325      0.000000      1.876253      0.000000
 2690.0      3.520059      0.000000      1.876182      0.000000
 2695.0      3.519792      0.000000      1.876111      0.000000
 2700.0      3.519522      0.000000      1.876039      0.000000
 2705.0      3.519251      0.000000      1.875967      0.000000
 2710.0      3.518977      0.000000      1.875894      0.000000
 2715.0      3.518702      0.000000      1.875820      0.000000
 2720.0      3.518428      0.000000      1.875747      0.000000
 2725.0      3.518155      0.000000      1.875674      0.000000
 2730.0      3.517884      0.000000      1.875602      0.000000
 2735.0      3.517617      0.000000      1.875531      0.000000
 2740.0      3.517354      0.000000      1.875461      0.000000
 2745.0      3.517096      0.000000      1.875392      0.000000
 2750.0      3.516846      0.000000      1.875326      0.000000
 2755.0      3.516603      0.000000      1.875261      0.000000
 2760.0      3.516369      0.000000      1.875198      0.000000
 2765.0      3.516145      0.000000      1.875139      0.000000
 2770.0      3.515932      0.000000      1.875082      0.000000
 2775.0      3.515732      0.000000      1.875028      0.000000
 2780.0      3.515544      0.000000      1.874978      0.000000
 2785.0      3.515369      0.000000      1.874932      0.000000
 2790.0      3.515201      0.000000      1.874887      0.000000
 2795.0      3.515039      0.000000      1.874844      0.000000
 2800.0      3.514877      0.000000      1.874801      0.000000
 2805.0      3.514712      0.000000      1.874757      0.000000
 2810.0      3.514540      0.000000      1.874711      0.000000
 2815.0      3.514358      0.000000      1.874662      0.000000
 2820.0      3.514161      0.000000      1.874610      0.000000
 2825.0      3.513946      0.000000      1.874552      0.000000
 2830.0      3.513709      0.000000      1.874489      0.000000
 2835.0      3.513446      0.000000      1.874419      0.000000
 2840.0      3.513153      0.000000      1.874341      0.000000
 2845.0      3.512827      0.000000      1.874254      0.000000
 2850.0      3.512464      0.000000      1.874157      0.000000
 2855.0      3.512059      0.000000      1.874049      0.000000
 2860.0      3.511610      0.000000      1.873929      0.000000
 2865.0      3.511125      0.000000      1.873800      0.000000
 2870.0      3.510621      0.000000      1.873665      0.000000
 2875.0      3.510113      0.000000      1.873530      0.000000
 2880.0      3.509620      0.000000      1.873398      0.000000
 2885.0      3.509158      0.000000      1.873275      0.000000
 2890.0      3.508744      0.000000      1.873164      0.000000
 2895.0      3.508396      0.000000      1.873071      0.000000
 2900.0      3.508129      0.000000      1.873000      0.000000
 2905.0      3.507956      0.000000      1.872954      0.000000
 2910.0      3.507865      0.000000      1.872930      0.000000
 2915.0      3.507840      0.000000      1.872923      0.000000
 2920.0      3.507864      0.000000      1.872929      0.000000
 2925.0      3.507921      0.000000      1.872945      0.000000
 2930.0      3.507994      0.000000      1.872964      0.000000
 2935.0      3.508066      0.000000      1.872983      0.000000
 2940.0      3.508120      0.000000      1.872998      0.000000
 2945.0      3.508142      0.000000      1.873004      0.000000
 2950.0      3.508128      0.000000      1.873000      0.000000
 2955.0      3.508078      0.000000      1.872986      0.000000
 2960.0      3.507996      0.000000      1.872964      0.000000
 2965.0      3.507882      0.000000      1.872934      0.000000
 2970.0      3.507739      0.000000      1.872896      0.000000
 2975.0      3.507569      0.000000      1.872851      0.000000
 2980.0      3.507373      0.000000      1.872798      0.000000
 2985.0      3.507153      0.000000      1.872740      0.000000
 2990.0      3.506912      0.000000      1.872675      0.000000
 2995.0      3.506650      0.000000      1.872605      0.000000
 3000.0      3.506370      0.000000      1.872530      0.000000
 3050.0      3.502944      0.000000      1.871615      0.000000
 3100.0      3.498990      0.000000      1.870559      0.000000
 3150.0      3.494784      0.000000      1.869434      0.000000
 3200.0      3.490938      0.000000      1.868405      0.000000
 3250.0      3.488410      0.000000      1.867729      0.000000
 3300.0      3.486910      0.000000      1.867327      0.000000
 3350.0      3.484840      0.000000      1.866773      0.000000
 3400.0      3.481579      0.000000      1.865899      0.000000
 3450.0      3.478116      0.000000      1.864971      0.000000
 3500.0      3.475205      0.000000      1.864190      0.000000
 3550.0      3.472260      0.000000      1.863400      0.000000
 3600.0      3.468452      0.000000      1.862378      0.000000
 3650.0      3.463973      0.000000      1.861175      0.000000
 3700.0      3.459861      0.000000      1.860070      0.000000
 3750.0      3.456910      0.000000      1.859277      0.000000
 3800.0      3.454584      0.000000      1.858651      0.000000
 3850.0      3.451929      0.000000      1.857937      0.000000
 3900.0      3.448449      0.000000      1.857000      0.000000
 3950.0      3.444835      0.000000      1.856027      0.000000
 4000.0      3.441025      0.000000      1.855000      0.000000
 4050.0      3.436790      0.000000      1.853858      0.000000
 4100.0      3.432270      0.000000      1.852638      0.000000
 4150.0      3.427699      0.000000      1.851404      0.000000
 4200.0      3.423296      0.000000      1.850215      0.000000
 4250.0      3.419119      0.000000      1.849086      0.000000
 4300.0      3.415117      0.000000      1.848004      0.000000
 4350.0      3.411240      0.000000      1.846954      0.000000
 4400.0      3.407443      0.000000      1.845926      0.000000
 4450.0      3.403703      0.000000      1.844912      0.000000
 4500.0      3.400000      0.000000      1.843909      0.000000
 4550.0      3.396318      0.000000      1.842910      0.000000
 4600.0      3.392601      0.000000      1.841902      0.000000
 4650.0      3.388684      0.000000      1.840839      0.000000
 4700.0      3.384382      0.000000      1.839670      0.000000
 4750.0      3.379509      0.000000      1.838344      0.000000
 4800.0      3.373943      0.000000      1.836828      0.000000
 4850.0      3.368121      0.000000      1.835241      0.000000
 4900.0      3.362752      0.000001      1.833778      0.000000
 4950.0      3.358549      0.000001      1.832632      0.000000
 5000.0      3.356224      0.000001      1.832000      0.000000
 5050.0      3.355606      0.000001      1.831834      0.000000
 5100.0      3.352988      0.000001      1.831119      0.000000
 5150.0      3.343941      0.000001      1.828642      0.000000
 5200.0      3.329100      0.000001      1.824576      0.000001
 5250.0      3.315085      0.000002      1.820736      0.000001
 5300.0      3.308167      0.000002      1.818839      0.000001
 5350.0      3.308273      0.000003      1.818868      0.000001
 5400.0      3.311938      0.000003      1.819873      0.000001
 5450.0      3.315781      0.000004      1.820930      0.000001
 5500.0      3.317060      0.000004      1.821283      0.000001
 5550.0      3.313254      0.000005      1.820235      0.000001
 5600.0      3.302770      0.000005      1.817347      0.000001
 5650.0      3.289234      0.000006      1.813617      0.000002
 5700.0      3.278086      0.000007      1.810547      0.000002
 5750.0      3.274115      0.000008      1.809455      0.000002
 5800.0      3.275660      0.000009      1.809884      0.000002
 5850.0      3.277398      0.000011      1.810362      0.000003
 5900.0      3.274038      0.000013      1.809428      0.000003
 5950.0      3.264097      0.000014      1.806672      0.000004
 6000.0      3.251709      0.000016      1.803241      0.000004
 6050.0      3.241463      0.000018      1.800405      0.000005
 6100.0      3.237282      0.000020      1.799249      0.000006
 6150.0      3.237998      0.000023      1.799449      0.000006
 6200.0      3.240085      0.000026      1.800027      0.000007
 6250.0      3.240000      0.000029      1.800000      0.000008
 6300.0      3.235099      0.000033      1.798634      0.000009
 6350.0      3.226317      0.000037      1.796190      0.000010
 6400.0      3.215486      0.000042      1.793174      0.000011
 6450.0      3.204437      0.000047      1.790094      0.000013
 6500.0      3.194654      0.000053      1.787363      0.000015
 6550.0      3.186105      0.000059      1.784970      0.000017
 6600.0      3.178335      0.000067      1.782791      0.000019
 6650.0      3.170892      0.000075      1.780701      0.000021
 6700.0      3.163350      0.000084      1.778580      0.000024
 6750.0      3.155614      0.000094      1.776403      0.000027
 6800.0      3.147796      0.000105      1.774201      0.000030
 6850.0      3.140015      0.000118      1.772008      0.000033
 6900.0      3.132389      0.000132      1.769856      0.000037
 6950.0      3.124997      0.000148      1.767767      0.000042
 7000.0      3.117793      0.000165      1.765729      0.000047
 7050.0      3.110706      0.000184      1.763721      0.000052
 7100.0      3.103662      0.000204      1.761723      0.000058
 7150.0      3.096592      0.000225      1.759713      0.000064
 7200.0      3.089476      0.000247      1.757689      0.000070
 7250.0      3.082442      0.000270      1.755685      0.000077
 7300.0      3.075639      0.000294      1.753746      0.000084
 7350.0      3.069214      0.000319      1.751914      0.000091
 7400.0      3.063319      0.000346      1.750233      0.000099
 7450.0      3.058035      0.000374      1.748727      0.000107
 7500.0      3.053035      0.000405      1.747302      0.000116
 7550.0      3.047832      0.000439      1.745815      0.000126
 7600.0      3.041938      0.000476      1.744125      0.000136
 7650.0      3.034865      0.000518      1.742093      0.000148
 7700.0      3.026127      0.000565      1.739575      0.000162
 7750.0      3.015543      0.000617      1.736521      0.000178
 7800.0      3.003713      0.000674      1.733105      0.000194
 7850.0      2.991362      0.000735      1.729535      0.000212
 7900.0      2.979211      0.000798      1.726021      0.000231
 7950.0      2.967983      0.000863      1.722773      0.000251
 8000.0      2.958400      0.000929      1.720000      0.000270
 8050.0      2.950964      0.000995      1.717847      0.000289
 8100.0      2.945285      0.001062      1.716200      0.000309
 8150.0      2.940754      0.001133      1.714883      0.000330
 8200.0      2.936761      0.001207      1.713717      0.000352
 8250.0      2.932694      0.001287      1.712525      0.000376
 8300.0      2.927944      0.001374      1.711130      0.000401
 8350.0      2.921906      0.001469      1.709355      0.000430
 8400.0      2.914331      0.001573      1.707129      0.000461
 8450.0      2.905525      0.001687      1.704541      0.000495
 8500.0      2.895837      0.001810      1.701694      0.000532
 8550.0      2.885620      0.001940      1.698689      0.000572
 8600.0      2.875223      0.002079      1.695631      0.000613
 8650.0      2.864997      0.002226      1.692621      0.000658
 8700.0      2.855295      0.002380      1.689763      0.000704
 8750.0      2.846341      0.002541      1.687122      0.000753
 8800.0      2.837977      0.002712      1.684650      0.000804
 8850.0      2.829968      0.002895      1.682277      0.000860
 8900.0      2.822080      0.003091      1.679933      0.000919
 8950.0      2.814079      0.003304      1.677548      0.000984
 9000.0      2.805730      0.003535      1.675052      0.001054
 9050.0      2.796800      0.003786      1.672374      0.001132
 9100.0      2.787054      0.004060      1.669445      0.001216
 9150.0      2.776388      0.004358      1.666233      0.001308
 9200.0      2.764991      0.004683      1.662797      0.001409
 9250.0      2.753100      0.005035      1.659208      0.001519
 9300.0      2.740949      0.005418      1.655538      0.001638
 9350.0      2.728774      0.005832      1.651857      0.001768
 9400.0      2.716808      0.006280      1.648238      0.001907
 9450.0      2.705288      0.006763      1.644752      0.002057
 9500.0      2.694448      0.007283      1.641470      0.002219
 9550.0      2.684509      0.007842      1.638459      0.002392
 9600.0      2.675407      0.008439      1.635699      0.002578
 9650.0      2.666811      0.009074      1.633087      0.002775
 9700.0      2.658378      0.009746      1.630516      0.002985
 9750.0      2.649768      0.010454      1.627880      0.003206
 9800.0      2.640638      0.011196      1.625072      0.003440
 9850.0      2.630646      0.011972      1.621987      0.003687
 9900.0      2.619450      0.012780      1.618517      0.003945
 9950.0      2.606709      0.013620      1.614557      0.004216
10000.0      2.592080      0.014490      1.610000      0.004500
10050.0      2.575552      0.015395      1.604843      0.004798
10100.0      2.558432      0.016367      1.599496      0.005118
10150.0      2.542360      0.017442      1.594472      0.005471
10200.0      2.528971      0.018658      1.590284      0.005866
10250.0      2.519444      0.020035      1.587300      0.006310
10300.0      2.512611      0.021520      1.585153      0.006786
10350.0      2.506560      0.023033      1.583242      0.007273
10400.0      2.499377      0.024493      1.580965      0.007746
10450.0      2.489295      0.025829      1.577765      0.008186
10500.0      2.476243      0.027045      1.573619      0.008594
10550.0      2.461271      0.028200      1.568858      0.008988
10600.0      2.445446      0.029353      1.563815      0.009385
10650.0      2.429834      0.030562      1.558824      0.009803
10700.0      2.415141      0.031867      1.554109      0.010253
10750.0      2.401361      0.033264      1.549671      0.010733
10800.0      2.388400      0.034749      1.545484      0.011243
10850.0      2.376167      0.036313      1.541525      0.011779
10900.0      2.364548      0.037952      1.537762      0.012339
10950.0      2.353133      0.039659      1.534060      0.012924
11000.0      2.341283      0.041434      1.530203      0.013536
11050.0      2.328352      0.043273      1.525975      0.014177
11100.0      2.313695      0.045174      1.521160      0.014848
11150.0      2.296806      0.047135      1.515586      0.015552
11200.0      2.278275      0.049171      1.509452      0.016292
11250.0      2.259217      0.051301      1.503130      0.017070
11300.0      2.240745      0.053546      1.496992      0.017889
11350.0      2.223977      0.055926      1.491412      0.018751
11400.0      2.209894      0.058457      1.486717      0.019657
11450.0      2.198188      0.061105      1.482805      0.020599
11500.0      2.187835      0.063809      1.479328      0.021561
11550.0      2.177798      0.066507      1.475938      0.022526
11600.0      2.167045      0.069138      1.472288      0.023478
11650.0      2.154563      0.071643      1.468036      0.024402
11700.0      2.140079      0.074015      1.463092      0.025297
11750.0      2.124180      0.076306      1.457655      0.026179
11800.0      2.107500      0.078575      1.451940      0.027062
11850.0      2.090675      0.080878      1.446165      0.027965
11900.0      2.074341      0.083273      1.440545      0.028904
11950.0      2.059002      0.085804      1.435251      0.029890
12000.0      2.044451      0.088440      1.430210      0.030916
12050.0      2.030245      0.091127      1.425262      0.031965
12100.0      2.015936      0.093810      1.420253      0.033023
12150.0      2.001081      0.096434      1.415024      0.034074
12200.0      1.985233      0.098944      1.409418      0.035101
12250.0      1.968128      0.101309      1.403343      0.036097
12300.0      1.950037      0.103560      1.396894      0.037070
12350.0      1.931331      0.105744      1.390204      0.038034
12400.0      1.912379      0.107905      1.383404      0.039002
12450.0      1.893552      0.110089      1.376625      0.039986
12500.0      1.875219      0.112340      1.370000      0.041000
12550.0      1.857648      0.114690      1.363622      0.042053
12600.0      1.840689      0.117114      1.357436      0.043137
12650.0      1.824090      0.119570      1.351348      0.044241
12700.0      1.807599      0.122021      1.345265      0.045352
12750.0      1.790963      0.124424      1.339095      0.046459
12800.0      1.773929      0.126742      1.332744      0.047549
12850.0      1.756257      0.128936      1.326123      0.048613
12900.0      1.737885      0.131005      1.319208      0.049651
12950.0      1.718902      0.132977      1.312028      0.050673
13000.0      1.699398      0.134883      1.304615      0.051690
13050.0      1.679464      0.136752      1.296998      0.052714
13100.0      1.659193      0.138612      1.289210      0.053756
13150.0      1.638675      0.140495      1.281280      0.054825
13200.0      1.617991      0.142422      1.273236      0.055932
13250.0      1.597161      0.144376      1.265082      0.057068
13300.0      1.576175      0.146321      1.256812      0.058220
13350.0      1.555027      0.148222      1.248423      0.059373
13400.0      1.533710      0.150045      1.239909      0.060515
13450.0      1.512215      0.151754      1.231264      0.061631
13500.0      1.490535      0.153315      1.222483      0.062707
13550.0      1.468666      0.154695      1.213564      0.063733
13600.0      1.446626      0.155903      1.204509      0.064709
13650.0      1.424450      0.156969      1.195328      0.065649
13700.0      1.402170      0.157920      1.186031      0.066564
13750.0      1.379820      0.158787      1.176627      0.067465
13800.0      1.357434      0.159599      1.167125      0.068365
13850.0      1.335044      0.160386      1.157535      0.069275
13900.0      1.312685      0.161176      1.147867      0.070208
13950.0      1.290369      0.161985      1.138122      0.071168
14000.0      1.268063      0.162803      1.128295      0.072153
14050.0      1.245730      0.163615      1.118374      0.073158
14100.0      1.223333      0.164407      1.108351      0.074177
14150.0      1.200833      0.165162      1.098215      0.075204
14200.0      1.178193      0.165867      1.087957      0.076235
14250.0      1.155376      0.166508      1.077568      0.077263
14300.0      1.132343      0.167068      1.067036      0.078285
14350.0      1.109060      0.167534      1.056336      0.079295
14400.0      1.085498      0.167891      1.045409      0.080292
14450.0      1.061627      0.168125      1.034195      0.081274
14500.0      1.037419      0.168220      1.022631      0.082239
14550.0      1.012845      0.168162      1.010659      0.083185
14600.0      0.987876      0.167937      0.998215      0.084112
14650.0      0.962483      0.167530      0.985239      0.085016
14700.0      0.936637      0.166926      0.971671      0.085896
14750.0      0.910312      0.166120      0.957466      0.086754
14800.0      0.883491      0.165157      0.942681      0.087611
14850.0      0.856164      0.164101      0.927407      0.088495
14900.0      0.828319      0.163015      0.911737      0.089434
14950.0      0.799944      0.161963      0.895761      0.090456
