#Lambda        Dielectric Constant          Refractive Index
# [nm]        [Real]        [Imag]        [Real]        [Imag]
  115.0     -0.434892      1.857808      0.857604      1.080497
  120.0     -0.487243      2.107988      0.916029      1.152262
  125.0     -0.490582      2.497148      1.013066      1.231331
  130.0     -0.486472      3.039843      1.138266      1.335016
  135.0     -0.098987      3.359404      1.276948      1.315874
  140.0      0.441576      3.343303      1.381027      1.209757
  145.0      0.324741      3.049992      1.302186      1.171330
  150.0      0.040606      3.187414      1.270515      1.254318
  155.0     -0.182700      3.403600      1.270000      1.340000
  160.0     -0.333600      3.857000      1.330000      1.450000
  165.0     -0.352686      4.345659      1.415396      1.534959
  170.0     -0.451892      4.868503      1.490238      1.635170
  175.0     -0.403045      5.728062      1.631409      1.749188
  180.0      0.851822      6.291931      1.901439      1.664384
  185.0      2.325025      6.140156      2.106802      1.453227
  190.0      2.506513      5.611537      2.079430      1.348147
  195.0      2.389564      5.328630      2.028650      1.313983
  200.0      2.105994      5.351859      1.982954      1.350915
  205.0      1.694241      5.689311      1.955067      1.457942
  210.0      1.720649      6.567071      2.058091      1.587749
  215.0      2.434586      7.515051      2.272033      1.651985
  220.0      3.760449      7.755238      2.492653      1.564556
  225.0      5.066754      7.315963      2.643006      1.385002
  230.0      5.690474      6.517418      2.675481      1.211726
  235.0      5.810812      5.689232      2.639768      1.075923
  240.0      5.839567      5.128802      2.609549      0.985473
  245.0      5.896020      4.837923      2.600620      0.931705
  250.0      5.953289      4.671625      2.599915      0.897774
  255.0      5.999675      4.534621      2.599789      0.871263
  260.0      6.044626      4.397598      2.599926      0.845582
  265.0      6.097329      4.238684      2.600415      0.815281
  270.0      6.154589      4.058398      2.600747      0.780456
  275.0      6.207661      3.867297      2.600142      0.743684
  280.0      6.247047      3.679622      2.597793      0.708198
  285.0      6.259318      3.529299      2.592745      0.680681
  290.0      6.229721      3.456874      2.583996      0.668981
  295.0      6.147544      3.496705      2.571000      0.679671
  300.0      6.050189      3.609367      2.558665      0.704148
  305.0      6.006656      3.706975      2.555481      0.723840
  310.0      6.086500      3.700800      2.570000      0.720000
  315.0      6.332775      3.527898      2.607192      0.679564
  320.0      6.682533      3.228475      2.657696      0.612195
  325.0      7.046327      2.868524      2.708568      0.533240
  330.0      7.334709      2.514037      2.746864      0.458042
  335.0      7.473551      2.222013      2.761927      0.399735
  340.0      7.476808      1.997721      2.756236      0.358714
  345.0      7.389862      1.827976      2.736962      0.330837
  350.0      7.258132      1.699573      2.711278      0.311951
  355.0      7.127003      1.599310      2.686354      0.297910
  360.0      7.027800      1.516421      2.667095      0.285555
  365.0      6.956737      1.446222      2.652750      0.274201
  370.0      6.904633      1.384963      2.641702      0.263542
  375.0      6.862306      1.328895      2.632332      0.253272
  380.0      6.820575      1.274268      2.623023      0.243085
  385.0      6.770977      1.217656      2.612284      0.232710
  390.0      6.712442      1.158982      2.599957      0.222219
  395.0      6.648265      1.100147      2.586664      0.211891
  400.0      6.581800      1.043074      2.573042      0.202007
  405.0      6.516396      0.989690      2.559725      0.192848
  410.0      6.455407      0.941919      2.547347      0.184694
  415.0      6.402149      0.901662      2.536536      0.177823
  420.0      6.357974      0.869444      2.527539      0.172291
  425.0      6.321242      0.843696      2.520020      0.167823
  430.0      6.290059      0.822671      2.513594      0.164112
  435.0      6.262535      0.804625      2.507878      0.160854
  440.0      6.236775      0.787811      2.502486      0.157743
  445.0      6.210889      0.770485      2.497034      0.154475
  450.0      6.182983      0.750900      2.491138      0.150744
  455.0      6.151426      0.727554      2.484467      0.146290
  460.0      6.116386      0.700638      2.477061      0.141156
  465.0      6.078795      0.671055      2.469116      0.135518
  470.0      6.039586      0.639714      2.460829      0.129548
  475.0      5.999695      0.607522      2.452399      0.123421
  480.0      5.960056      0.575388      2.444022      0.117312
  485.0      5.921603      0.544219      2.435895      0.111394
  490.0      5.885270      0.514923      2.428216      0.105843
  495.0      5.851993      0.488407      2.421182      0.100831
  500.0      5.822594      0.465469      2.414968      0.096513
  505.0      5.797125      0.446128      2.409583      0.092889
  510.0      5.775311      0.430079      2.404969      0.089900
  515.0      5.756875      0.417011      2.401068      0.087483
  520.0      5.741541      0.406617      2.397820      0.085576
  525.0      5.729032      0.398588      2.395169      0.084119
  530.0      5.719072      0.392615      2.393054      0.083050
  535.0      5.711384      0.388391      2.391417      0.082306
  540.0      5.705693      0.385607      2.390200      0.081827
  545.0      5.701722      0.383954      2.389344      0.081551
  550.0      5.699193      0.383123      2.388790      0.081416
  555.0      5.697832      0.382807      2.388479      0.081361
  560.0      5.697361      0.382696      2.388354      0.081325
  565.0      5.697504      0.382483      2.388355      0.081245
  570.0      5.697985      0.381859      2.388424      0.081060
  575.0      5.698527      0.380515      2.388502      0.080708
  580.0      5.698853      0.378142      2.388531      0.080129
  585.0      5.698688      0.374433      2.388452      0.079260
  590.0      5.697755      0.369079      2.388205      0.078040
  595.0      5.695778      0.361771      2.387734      0.076408
  600.0      5.692479      0.352201      2.386979      0.074301
  605.0      5.687583      0.340060      2.385881      0.071658
  610.0      5.680814      0.325040      2.384381      0.068418
  615.0      5.671894      0.306833      2.382422      0.064520
  620.0      5.660548      0.285130      2.379945      0.059900
  625.0      5.646636      0.259838      2.376920      0.054543
  630.0      5.630543      0.231679      2.373430      0.048599
  635.0      5.612774      0.201568      2.369583      0.042258
  640.0      5.593834      0.170417      2.365489      0.035709
  645.0      5.574228      0.139141      2.361254      0.029142
  650.0      5.554462      0.108652      2.356989      0.022747
  655.0      5.535041      0.079864      2.352802      0.016715
  660.0      5.516471      0.053692      2.348801      0.011234
  665.0      5.499257      0.031048      2.345094      0.006495
  670.0      5.483906      0.012846      2.341791      0.002687
  675.0      5.470921      0.000000      2.339000      0.000000
  680.0      5.460641      0.000000      2.336793      0.000000
  685.0      5.452733      0.000000      2.335098      0.000000
  690.0      5.446695      0.000000      2.333807      0.000000
  695.0      5.442026      0.000000      2.332810      0.000000
  700.0      5.438224      0.000000      2.332000      0.000000
  705.0      5.434867      0.000000      2.331285      0.000000
  710.0      5.431847      0.000000      2.330641      0.000000
  715.0      5.429134      0.000000      2.330062      0.000000
  720.0      5.426697      0.000000      2.329541      0.000000
  725.0      5.424507      0.000000      2.329073      0.000000
  730.0      5.422534      0.000000      2.328652      0.000000
  735.0      5.420749      0.000000      2.328269      0.000000
  740.0      5.419120      0.000000      2.327920      0.000000
  745.0      5.417620      0.000000      2.327598      0.000000
  750.0      5.416216      0.000000      2.327296      0.000000
  755.0      5.414880      0.000000      2.327008      0.000000
  760.0      5.413583      0.000000      2.326728      0.000000
  765.0      5.412293      0.000000      2.326449      0.000000
  770.0      5.410981      0.000000      2.326165      0.000000
  775.0      5.409617      0.000000      2.325870      0.000000
  780.0      5.408172      0.000000      2.325557      0.000000
  785.0      5.406615      0.000000      2.325220      0.000000
  790.0      5.404916      0.000000      2.324852      0.000000
  795.0      5.403047      0.000000      2.324448      0.000000
  800.0      5.400976      0.000000      2.324000      0.000000
  805.0      5.398682      0.000000      2.323504      0.000000
  810.0      5.396176      0.000000      2.322963      0.000000
  815.0      5.393477      0.000000      2.322380      0.000000
  820.0      5.390602      0.000000      2.321760      0.000000
  825.0      5.387571      0.000000      2.321106      0.000000
  830.0      5.384403      0.000000      2.320422      0.000000
  835.0      5.381117      0.000000      2.319713      0.000000
  840.0      5.377730      0.000000      2.318983      0.000000
  845.0      5.374262      0.000000      2.318235      0.000000
  850.0      5.370731      0.000000      2.317473      0.000000
  855.0      5.367156      0.000000      2.316702      0.000000
  860.0      5.363557      0.000000      2.315926      0.000000
  865.0      5.359950      0.000000      2.315148      0.000000
  870.0      5.356357      0.000000      2.314373      0.000000
  875.0      5.352794      0.000000      2.313604      0.000000
  880.0      5.349281      0.000000      2.312846      0.000000
  885.0      5.345836      0.000000      2.312102      0.000000
  890.0      5.342479      0.000000      2.311378      0.000000
  895.0      5.339227      0.000000      2.310675      0.000000
  900.0      5.336100      0.000000      2.310000      0.000000
  905.0      5.333112      0.000000      2.309354      0.000000
  910.0      5.330261      0.000000      2.308738      0.000000
  915.0      5.327539      0.000000      2.308149      0.000000
  920.0      5.324941      0.000000      2.307587      0.000000
  925.0      5.322459      0.000000      2.307050      0.000000
  930.0      5.320086      0.000000      2.306536      0.000000
  935.0      5.317816      0.000000      2.306044      0.000000
  940.0      5.315643      0.000000      2.305573      0.000000
  945.0      5.313559      0.000000      2.305121      0.000000
  950.0      5.311557      0.000000      2.304687      0.000000
  955.0      5.309631      0.000000      2.304269      0.000000
  960.0      5.307775      0.000000      2.303866      0.000000
  965.0      5.305981      0.000000      2.303476      0.000000
  970.0      5.304242      0.000000      2.303098      0.000000
  975.0      5.302552      0.000000      2.302730      0.000000
  980.0      5.300905      0.000000      2.302372      0.000000
  985.0      5.299293      0.000000      2.302021      0.000000
  990.0      5.297709      0.000000      2.301677      0.000000
  995.0      5.296147      0.000000      2.301337      0.000000
 1000.0      5.294601      0.000000      2.301000      0.000000
 1005.0      5.293064      0.000000      2.300665      0.000000
 1010.0      5.291536      0.000000      2.300333      0.000000
 1015.0      5.290017      0.000000      2.300002      0.000000
 1020.0      5.288508      0.000000      2.299674      0.000000
 1025.0      5.287009      0.000000      2.299347      0.000000
 1030.0      5.285521      0.000000      2.299023      0.000000
 1035.0      5.284043      0.000000      2.298701      0.000000
 1040.0      5.282577      0.000000      2.298382      0.000000
 1045.0      5.281122      0.000000      2.298065      0.000000
 1050.0      5.279680      0.000000      2.297751      0.000000
 1055.0      5.278250      0.000000      2.297440      0.000000
 1060.0      5.276833      0.000000      2.297131      0.000000
 1065.0      5.275429      0.000000      2.296826      0.000000
 1070.0      5.274039      0.000000      2.296523      0.000000
 1075.0      5.272664      0.000000      2.296224      0.000000
 1080.0      5.271303      0.000000      2.295927      0.000000
 1085.0      5.269957      0.000000      2.295634      0.000000
 1090.0      5.268627      0.000000      2.295344      0.000000
 1095.0      5.267312      0.000000      2.295058      0.000000
 1100.0      5.266014      0.000000      2.294775      0.000000
 1105.0      5.264732      0.000000      2.294496      0.000000
 1110.0      5.263467      0.000000      2.294221      0.000000
 1115.0      5.262220      0.000000      2.293949      0.000000
 1120.0      5.260991      0.000000      2.293681      0.000000
 1125.0      5.259780      0.000000      2.293417      0.000000
 1130.0      5.258588      0.000000      2.293158      0.000000
 1135.0      5.257415      0.000000      2.292902      0.000000
 1140.0      5.256262      0.000000      2.292651      0.000000
 1145.0      5.255129      0.000000      2.292404      0.000000
 1150.0      5.254016      0.000000      2.292161      0.000000
 1155.0      5.252924      0.000000      2.291923      0.000000
 1160.0      5.251853      0.000000      2.291690      0.000000
 1165.0      5.250804      0.000000      2.291461      0.000000
 1170.0      5.249777      0.000000      2.291238      0.000000
 1175.0      5.248772      0.000000      2.291019      0.000000
 1180.0      5.247790      0.000000      2.290805      0.000000
 1185.0      5.246832      0.000000      2.290596      0.000000
 1190.0      5.245897      0.000000      2.290392      0.000000
 1195.0      5.244986      0.000000      2.290193      0.000000
 1200.0      5.244100      0.000000      2.290000      0.000000
 1205.0      5.243239      0.000000      2.289812      0.000000
 1210.0      5.242401      0.000000      2.289630      0.000000
 1215.0      5.241588      0.000000      2.289452      0.000000
 1220.0      5.240797      0.000000      2.289280      0.000000
 1225.0      5.240028      0.000000      2.289112      0.000000
 1230.0      5.239280      0.000000      2.288949      0.000000
 1235.0      5.238553      0.000000      2.288790      0.000000
 1240.0      5.237846      0.000000      2.288636      0.000000
 1245.0      5.237157      0.000000      2.288485      0.000000
 1250.0      5.236487      0.000000      2.288339      0.000000
 1255.0      5.235835      0.000000      2.288197      0.000000
 1260.0      5.235199      0.000000      2.288058      0.000000
 1265.0      5.234579      0.000000      2.287923      0.000000
 1270.0      5.233975      0.000000      2.287791      0.000000
 1275.0      5.233385      0.000000      2.287662      0.000000
 1280.0      5.232809      0.000000      2.287536      0.000000
 1285.0      5.232247      0.000000      2.287413      0.000000
 1290.0      5.231696      0.000000      2.287293      0.000000
 1295.0      5.231158      0.000000      2.287175      0.000000
 1300.0      5.230630      0.000000      2.287059      0.000000
 1305.0      5.230112      0.000000      2.286946      0.000000
 1310.0      5.229604      0.000000      2.286835      0.000000
 1315.0      5.229105      0.000000      2.286726      0.000000
 1320.0      5.228613      0.000000      2.286618      0.000000
 1325.0      5.228129      0.000000      2.286512      0.000000
 1330.0      5.227651      0.000000      2.286408      0.000000
 1335.0      5.227179      0.000000      2.286304      0.000000
 1340.0      5.226711      0.000000      2.286202      0.000000
 1345.0      5.226248      0.000000      2.286101      0.000000
 1350.0      5.225789      0.000000      2.286000      0.000000
 1355.0      5.225332      0.000000      2.285900      0.000000
 1360.0      5.224878      0.000000      2.285801      0.000000
 1365.0      5.224424      0.000000      2.285701      0.000000
 1370.0      5.223972      0.000000      2.285602      0.000000
 1375.0      5.223519      0.000000      2.285503      0.000000
 1380.0      5.223065      0.000000      2.285403      0.000000
 1385.0      5.222609      0.000000      2.285303      0.000000
 1390.0      5.222151      0.000000      2.285203      0.000000
 1395.0      5.221690      0.000000      2.285102      0.000000
 1400.0      5.221225      0.000000      2.285000      0.000000
 1405.0      5.220755      0.000000      2.284897      0.000000
 1410.0      5.220281      0.000000      2.284793      0.000000
 1415.0      5.219803      0.000000      2.284688      0.000000
 1420.0      5.219320      0.000000      2.284582      0.000000
 1425.0      5.218833      0.000000      2.284476      0.000000
 1430.0      5.218341      0.000000      2.284368      0.000000
 1435.0      5.217845      0.000000      2.284259      0.000000
 1440.0      5.217346      0.000000      2.284149      0.000000
 1445.0      5.216842      0.000000      2.284039      0.000000
 1450.0      5.216334      0.000000      2.283928      0.000000
 1455.0      5.215822      0.000000      2.283815      0.000000
 1460.0      5.215306      0.000000      2.283702      0.000000
 1465.0      5.214787      0.000000      2.283588      0.000000
 1470.0      5.214264      0.000000      2.283474      0.000000
 1475.0      5.213738      0.000000      2.283358      0.000000
 1480.0      5.213207      0.000000      2.283242      0.000000
 1485.0      5.212674      0.000000      2.283125      0.000000
 1490.0      5.212137      0.000000      2.283007      0.000000
 1495.0      5.211597      0.000000      2.282889      0.000000
 1500.0      5.211053      0.000000      2.282769      0.000000
 1505.0      5.210506      0.000000      2.282649      0.000000
 1510.0      5.209957      0.000000      2.282529      0.000000
 1515.0      5.209404      0.000000      2.282408      0.000000
 1520.0      5.208848      0.000000      2.282286      0.000000
 1525.0      5.208289      0.000000      2.282163      0.000000
 1530.0      5.207728      0.000000      2.282040      0.000000
 1535.0      5.207164      0.000000      2.281916      0.000000
 1540.0      5.206597      0.000000      2.281792      0.000000
 1545.0      5.206028      0.000000      2.281667      0.000000
 1550.0      5.205456      0.000000      2.281541      0.000000
 1555.0      5.204882      0.000000      2.281415      0.000000
 1560.0      5.204305      0.000000      2.281289      0.000000
 1565.0      5.203726      0.000000      2.281162      0.000000
 1570.0      5.203145      0.000000      2.281034      0.000000
 1575.0      5.202561      0.000000      2.280906      0.000000
 1580.0      5.201976      0.000000      2.280778      0.000000
 1585.0      5.201389      0.000000      2.280649      0.000000
 1590.0      5.200799      0.000000      2.280520      0.000000
 1595.0      5.200208      0.000000      2.280390      0.000000
 1600.0      5.199615      0.000000      2.280260      0.000000
 1605.0      5.199021      0.000000      2.280129      0.000000
 1610.0      5.198424      0.000000      2.279998      0.000000
 1615.0      5.197827      0.000000      2.279867      0.000000
 1620.0      5.197227      0.000000      2.279736      0.000000
 1625.0      5.196627      0.000000      2.279604      0.000000
 1630.0      5.196025      0.000000      2.279472      0.000000
 1635.0      5.195421      0.000000      2.279339      0.000000
 1640.0      5.194817      0.000000      2.279207      0.000000
 1645.0      5.194211      0.000000      2.279074      0.000000
 1650.0      5.193605      0.000000      2.278941      0.000000
 1655.0      5.192997      0.000000      2.278807      0.000000
 1660.0      5.192388      0.000000      2.278674      0.000000
 1665.0      5.191779      0.000000      2.278540      0.000000
 1670.0      5.191169      0.000000      2.278406      0.000000
 1675.0      5.190558      0.000000      2.278272      0.000000
 1680.0      5.189947      0.000000      2.278138      0.000000
 1685.0      5.189335      0.000000      2.278003      0.000000
 1690.0      5.188722      0.000000      2.277869      0.000000
 1695.0      5.188110      0.000000      2.277734      0.000000
 1700.0      5.187497      0.000000      2.277600      0.000000
 1705.0      5.186883      0.000000      2.277465      0.000000
 1710.0      5.186270      0.000000      2.277330      0.000000
 1715.0      5.185656      0.000000      2.277196      0.000000
 1720.0      5.185042      0.000000      2.277061      0.000000
 1725.0      5.184429      0.000000      2.276926      0.000000
 1730.0      5.183815      0.000000      2.276792      0.000000
 1735.0      5.183202      0.000000      2.276657      0.000000
 1740.0      5.182589      0.000000      2.276522      0.000000
 1745.0      5.181977      0.000000      2.276388      0.000000
 1750.0      5.181364      0.000000      2.276253      0.000000
 1755.0      5.180753      0.000000      2.276119      0.000000
 1760.0      5.180142      0.000000      2.275985      0.000000
 1765.0      5.179531      0.000000      2.275851      0.000000
 1770.0      5.178921      0.000000      2.275717      0.000000
 1775.0      5.178312      0.000000      2.275583      0.000000
 1780.0      5.177704      0.000000      2.275450      0.000000
 1785.0      5.177097      0.000000      2.275316      0.000000
 1790.0      5.176490      0.000000      2.275183      0.000000
 1795.0      5.175885      0.000000      2.275050      0.000000
 1800.0      5.175281      0.000000      2.274918      0.000000
 1805.0      5.174678      0.000000      2.274785      0.000000
 1810.0      5.174077      0.000000      2.274653      0.000000
 1815.0      5.173477      0.000000      2.274521      0.000000
 1820.0      5.172878      0.000000      2.274390      0.000000
 1825.0      5.172281      0.000000      2.274259      0.000000
 1830.0      5.171685      0.000000      2.274128      0.000000
 1835.0      5.171091      0.000000      2.273997      0.000000
 1840.0      5.170499      0.000000      2.273867      0.000000
 1845.0      5.169909      0.000000      2.273738      0.000000
 1850.0      5.169320      0.000000      2.273608      0.000000
 1855.0      5.168734      0.000000      2.273479      0.000000
 1860.0      5.168149      0.000000      2.273351      0.000000
 1865.0      5.167567      0.000000      2.273223      0.000000
 1870.0      5.166986      0.000000      2.273096      0.000000
 1875.0      5.166408      0.000000      2.272969      0.000000
 1880.0      5.165833      0.000000      2.272842      0.000000
 1885.0      5.165259      0.000000      2.272716      0.000000
 1890.0      5.164688      0.000000      2.272591      0.000000
 1895.0      5.164120      0.000000      2.272466      0.000000
 1900.0      5.163554      0.000000      2.272342      0.000000
 1905.0      5.162991      0.000000      2.272218      0.000000
 1910.0      5.162431      0.000000      2.272095      0.000000
 1915.0      5.161873      0.000000      2.271972      0.000000
 1920.0      5.161319      0.000000      2.271850      0.000000
 1925.0      5.160767      0.000000      2.271729      0.000000
 1930.0      5.160219      0.000000      2.271609      0.000000
 1935.0      5.159673      0.000000      2.271489      0.000000
 1940.0      5.159131      0.000000      2.271370      0.000000
 1945.0      5.158592      0.000000      2.271251      0.000000
 1950.0      5.158056      0.000000      2.271133      0.000000
 1955.0      5.157524      0.000000      2.271016      0.000000
 1960.0      5.156996      0.000000      2.270900      0.000000
 1965.0      5.156470      0.000000      2.270785      0.000000
 1970.0      5.155949      0.000000      2.270670      0.000000
 1975.0      5.155431      0.000000      2.270556      0.000000
 1980.0      5.154917      0.000000      2.270443      0.000000
 1985.0      5.154407      0.000000      2.270331      0.000000
 1990.0      5.153900      0.000000      2.270220      0.000000
 1995.0      5.153398      0.000000      2.270110      0.000000
 2000.0      5.152900      0.000000      2.270000      0.000000
 2005.0      5.152406      0.000000      2.269891      0.000000
 2010.0      5.151916      0.000000      2.269784      0.000000
 2015.0      5.151430      0.000000      2.269677      0.000000
 2020.0      5.150948      0.000000      2.269571      0.000000
 2025.0      5.150471      0.000000      2.269466      0.000000
 2030.0      5.149997      0.000000      2.269362      0.000000
 2035.0      5.149527      0.000000      2.269258      0.000000
 2040.0      5.149062      0.000000      2.269156      0.000000
 2045.0      5.148600      0.000000      2.269055      0.000000
 2050.0      5.148142      0.000000      2.268954      0.000000
 2055.0      5.147688      0.000000      2.268854      0.000000
 2060.0      5.147238      0.000000      2.268755      0.000000
 2065.0      5.146792      0.000000      2.268657      0.000000
 2070.0      5.146350      0.000000      2.268560      0.000000
 2075.0      5.145912      0.000000      2.268463      0.000000
 2080.0      5.145477      0.000000      2.268368      0.000000
 2085.0      5.145047      0.000000      2.268273      0.000000
 2090.0      5.144620      0.000000      2.268179      0.000000
 2095.0      5.144196      0.000000      2.268086      0.000000
 2100.0      5.143777      0.000000      2.267994      0.000000
 2105.0      5.143361      0.000000      2.267902      0.000000
 2110.0      5.142949      0.000000      2.267812      0.000000
 2115.0      5.142541      0.000000      2.267722      0.000000
 2120.0      5.142136      0.000000      2.267633      0.000000
 2125.0      5.141735      0.000000      2.267544      0.000000
 2130.0      5.141337      0.000000      2.267457      0.000000
 2135.0      5.140943      0.000000      2.267370      0.000000
 2140.0      5.140553      0.000000      2.267284      0.000000
 2145.0      5.140166      0.000000      2.267199      0.000000
 2150.0      5.139783      0.000000      2.267115      0.000000
 2155.0      5.139403      0.000000      2.267031      0.000000
 2160.0      5.139026      0.000000      2.266948      0.000000
 2165.0      5.138653      0.000000      2.266866      0.000000
 2170.0      5.138284      0.000000      2.266785      0.000000
 2175.0      5.137918      0.000000      2.266704      0.000000
 2180.0      5.137555      0.000000      2.266624      0.000000
 2185.0      5.137196      0.000000      2.266545      0.000000
 2190.0      5.136840      0.000000      2.266467      0.000000
 2195.0      5.136487      0.000000      2.266389      0.000000
 2200.0      5.136138      0.000000      2.266312      0.000000
 2205.0      5.135791      0.000000      2.266236      0.000000
 2210.0      5.135449      0.000000      2.266160      0.000000
 2215.0      5.135109      0.000000      2.266086      0.000000
 2220.0      5.134772      0.000000      2.266012      0.000000
 2225.0      5.134439      0.000000      2.265938      0.000000
 2230.0      5.134109      0.000000      2.265865      0.000000
 2235.0      5.133782      0.000000      2.265793      0.000000
 2240.0      5.133458      0.000000      2.265722      0.000000
 2245.0      5.133138      0.000000      2.265651      0.000000
 2250.0      5.132820      0.000000      2.265581      0.000000
 2255.0      5.132505      0.000000      2.265512      0.000000
 2260.0      5.132194      0.000000      2.265444      0.000000
 2265.0      5.131885      0.000000      2.265376      0.000000
 2270.0      5.131580      0.000000      2.265308      0.000000
 2275.0      5.131277      0.000000      2.265242      0.000000
 2280.0      5.130978      0.000000      2.265175      0.000000
 2285.0      5.130681      0.000000      2.265110      0.000000
 2290.0      5.130387      0.000000      2.265045      0.000000
 2295.0      5.130096      0.000000      2.264981      0.000000
 2300.0      5.129808      0.000000      2.264918      0.000000
 2305.0      5.129523      0.000000      2.264855      0.000000
 2310.0      5.129241      0.000000      2.264793      0.000000
 2315.0      5.128961      0.000000      2.264731      0.000000
 2320.0      5.128684      0.000000      2.264670      0.000000
 2325.0      5.128410      0.000000      2.264609      0.000000
 2330.0      5.128139      0.000000      2.264550      0.000000
 2335.0      5.127871      0.000000      2.264490      0.000000
 2340.0      5.127605      0.000000      2.264432      0.000000
 2345.0      5.127341      0.000000      2.264374      0.000000
 2350.0      5.127081      0.000000      2.264316      0.000000
 2355.0      5.126823      0.000000      2.264259      0.000000
 2360.0      5.126567      0.000000      2.264203      0.000000
 2365.0      5.126315      0.000000      2.264147      0.000000
 2370.0      5.126064      0.000000      2.264092      0.000000
 2375.0      5.125817      0.000000      2.264037      0.000000
 2380.0      5.125572      0.000000      2.263983      0.000000
 2385.0      5.125329      0.000000      2.263930      0.000000
 2390.0      5.125089      0.000000      2.263877      0.000000
 2395.0      5.124851      0.000000      2.263824      0.000000
 2400.0      5.124616      0.000000      2.263772      0.000000
 2405.0      5.124383      0.000000      2.263721      0.000000
 2410.0      5.124152      0.000000      2.263670      0.000000
 2415.0      5.123924      0.000000      2.263619      0.000000
 2420.0      5.123698      0.000000      2.263570      0.000000
 2425.0      5.123475      0.000000      2.263520      0.000000
 2430.0      5.123253      0.000000      2.263471      0.000000
 2435.0      5.123035      0.000000      2.263423      0.000000
 2440.0      5.122818      0.000000      2.263375      0.000000
 2445.0      5.122603      0.000000      2.263328      0.000000
 2450.0      5.122391      0.000000      2.263281      0.000000
 2455.0      5.122181      0.000000      2.263234      0.000000
 2460.0      5.121973      0.000000      2.263189      0.000000
 2465.0      5.121768      0.000000      2.263143      0.000000
 2470.0      5.121564      0.000000      2.263098      0.000000
 2475.0      5.121362      0.000000      2.263054      0.000000
 2480.0      5.121163      0.000000      2.263009      0.000000
 2485.0      5.120966      0.000000      2.262966      0.000000
 2490.0      5.120770      0.000000      2.262923      0.000000
 2495.0      5.120577      0.000000      2.262880      0.000000
 2500.0      5.120386      0.000000      2.262838      0.000000
 2505.0      5.120196      0.000000      2.262796      0.000000
 2510.0      5.120009      0.000000      2.262754      0.000000
 2515.0      5.119824      0.000000      2.262713      0.000000
 2520.0      5.119640      0.000000      2.262673      0.000000
 2525.0      5.119458      0.000000      2.262632      0.000000
 2530.0      5.119279      0.000000      2.262593      0.000000
 2535.0      5.119101      0.000000      2.262553      0.000000
 2540.0      5.118924      0.000000      2.262514      0.000000
 2545.0      5.118750      0.000000      2.262476      0.000000
 2550.0      5.118578      0.000000      2.262438      0.000000
 2555.0      5.118407      0.000000      2.262400      0.000000
 2560.0      5.118238      0.000000      2.262362      0.000000
 2565.0      5.118070      0.000000      2.262325      0.000000
 2570.0      5.117905      0.000000      2.262289      0.000000
 2575.0      5.117741      0.000000      2.262252      0.000000
 2580.0      5.117578      0.000000      2.262216      0.000000
 2585.0      5.117418      0.000000      2.262181      0.000000
 2590.0      5.117258      0.000000      2.262145      0.000000
 2595.0      5.117101      0.000000      2.262111      0.000000
 2600.0      5.116945      0.000000      2.262076      0.000000
 2605.0      5.116791      0.000000      2.262042      0.000000
 2610.0      5.116638      0.000000      2.262008      0.000000
 2615.0      5.116486      0.000000      2.261974      0.000000
 2620.0      5.116336      0.000000      2.261941      0.000000
 2625.0      5.116188      0.000000      2.261908      0.000000
 2630.0      5.116041      0.000000      2.261876      0.000000
 2635.0      5.115895      0.000000      2.261843      0.000000
 2640.0      5.115751      0.000000      2.261811      0.000000
 2645.0      5.115608      0.000000      2.261780      0.000000
 2650.0      5.115466      0.000000      2.261748      0.000000
 2655.0      5.115326      0.000000      2.261717      0.000000
 2660.0      5.115187      0.000000      2.261686      0.000000
 2665.0      5.115049      0.000000      2.261656      0.000000
 2670.0      5.114913      0.000000      2.261626      0.000000
 2675.0      5.114778      0.000000      2.261596      0.000000
 2680.0      5.114644      0.000000      2.261566      0.000000
 2685.0      5.114511      0.000000      2.261536      0.000000
 2690.0      5.114379      0.000000      2.261507      0.000000
 2695.0      5.114249      0.000000      2.261478      0.000000
 2700.0      5.114120      0.000000      2.261449      0.000000
 2705.0      5.113991      0.000000      2.261421      0.000000
 2710.0      5.113864      0.000000      2.261393      0.000000
 2715.0      5.113738      0.000000      2.261365      0.000000
 2720.0      5.113613      0.000000      2.261337      0.000000
 2725.0      5.113489      0.000000      2.261309      0.000000
 2730.0      5.113366      0.000000      2.261282      0.000000
 2735.0      5.113244      0.000000      2.261255      0.000000
 2740.0      5.113123      0.000000      2.261228      0.000000
 2745.0      5.113003      0.000000      2.261201      0.000000
 2750.0      5.112884      0.000000      2.261175      0.000000
 2755.0      5.112765      0.000000      2.261149      0.000000
 2760.0      5.112648      0.000000      2.261123      0.000000
 2765.0      5.112531      0.000000      2.261097      0.000000
 2770.0      5.112415      0.000000      2.261071      0.000000
 2775.0      5.112300      0.000000      2.261045      0.000000
 2780.0      5.112186      0.000000      2.261020      0.000000
 2785.0      5.112072      0.000000      2.260995      0.000000
 2790.0      5.111960      0.000000      2.260970      0.000000
 2795.0      5.111848      0.000000      2.260945      0.000000
 2800.0      5.111736      0.000000      2.260920      0.000000
 2805.0      5.111626      0.000000      2.260895      0.000000
 2810.0      5.111515      0.000000      2.260871      0.000000
 2815.0      5.111406      0.000000      2.260846      0.000000
 2820.0      5.111297      0.000000      2.260822      0.000000
 2825.0      5.111189      0.000000      2.260798      0.000000
 2830.0      5.111081      0.000000      2.260774      0.000000
 2835.0      5.110974      0.000000      2.260750      0.000000
 2840.0      5.110868      0.000000      2.260727      0.000000
 2845.0      5.110762      0.000000      2.260703      0.000000
 2850.0      5.110656      0.000000      2.260680      0.000000
 2855.0      5.110551      0.000000      2.260656      0.000000
 2860.0      5.110446      0.000000      2.260633      0.000000
 2865.0      5.110342      0.000000      2.260610      0.000000
 2870.0      5.110238      0.000000      2.260587      0.000000
 2875.0      5.110134      0.000000      2.260564      0.000000
 2880.0      5.110031      0.000000      2.260541      0.000000
 2885.0      5.109928      0.000000      2.260518      0.000000
 2890.0      5.109825      0.000000      2.260495      0.000000
 2895.0      5.109723      0.000000      2.260472      0.000000
 2900.0      5.109621      0.000000      2.260449      0.000000
 2905.0      5.109519      0.000000      2.260427      0.000000
 2910.0      5.109417      0.000000      2.260404      0.000000
 2915.0      5.109316      0.000000      2.260382      0.000000
 2920.0      5.109215      0.000000      2.260359      0.000000
 2925.0      5.109114      0.000000      2.260337      0.000000
 2930.0      5.109013      0.000000      2.260314      0.000000
 2935.0      5.108912      0.000000      2.260292      0.000000
 2940.0      5.108811      0.000000      2.260269      0.000000
 2945.0      5.108710      0.000000      2.260247      0.000000
 2950.0      5.108609      0.000000      2.260224      0.000000
 2955.0      5.108509      0.000000      2.260202      0.000000
 2960.0      5.108408      0.000000      2.260180      0.000000
 2965.0      5.108307      0.000000      2.260157      0.000000
 2970.0      5.108207      0.000000      2.260135      0.000000
 2975.0      5.108106      0.000000      2.260112      0.000000
 2980.0      5.108005      0.000000      2.260090      0.000000
 2985.0      5.107904      0.000000      2.260068      0.000000
 2990.0      5.107803      0.000000      2.260045      0.000000
 2995.0      5.107701      0.000000      2.260023      0.000000
 3000.0      5.107600      0.000000      2.260000      0.000000
 3050.0      5.106575      0.000000      2.259772      0.000000
 3100.0      5.105531      0.000000      2.259540      0.000000
 3150.0      5.104469      0.000000      2.259305      0.000000
 3200.0      5.103392      0.000000      2.259066      0.000000
 3250.0      5.102300      0.000000      2.258824      0.000000
 3300.0      5.101195      0.000000      2.258579      0.000000
 3350.0      5.100078      0.000000      2.258332      0.000000
 3400.0      5.098949      0.000000      2.258082      0.000000
 3450.0      5.097811      0.000000      2.257830      0.000000
 3500.0      5.096665      0.000000      2.257576      0.000000
 3550.0      5.095512      0.000000      2.257321      0.000000
 3600.0      5.094353      0.000000      2.257064      0.000000
 3650.0      5.093189      0.000000      2.256807      0.000000
 3700.0      5.092022      0.000000      2.256549      0.000000
 3750.0      5.090853      0.000000      2.256290      0.000000
 3800.0      5.089684      0.000000      2.256031      0.000000
 3850.0      5.088515      0.000000      2.255773      0.000000
 3900.0      5.087348      0.000000      2.255514      0.000000
 3950.0      5.086184      0.000000      2.255257      0.000000
 4000.0      5.085025      0.000000      2.255000      0.000000
 4050.0      5.083871      0.000000      2.254744      0.000000
 4100.0      5.082722      0.000000      2.254490      0.000000
 4150.0      5.081579      0.000000      2.254236      0.000000
 4200.0      5.080439      0.000000      2.253984      0.000000
 4250.0      5.079304      0.000000      2.253732      0.000000
 4300.0      5.078173      0.000000      2.253481      0.000000
 4350.0      5.077045      0.000000      2.253231      0.000000
 4400.0      5.075919      0.000000      2.252981      0.000000
 4450.0      5.074797      0.000000      2.252732      0.000000
 4500.0      5.073676      0.000000      2.252483      0.000000
 4550.0      5.072557      0.000000      2.252235      0.000000
 4600.0      5.071440      0.000000      2.251987      0.000000
 4650.0      5.070323      0.000000      2.251739      0.000000
 4700.0      5.069207      0.000000      2.251491      0.000000
 4750.0      5.068091      0.000000      2.251243      0.000000
 4800.0      5.066975      0.000000      2.250995      0.000000
 4850.0      5.065858      0.000000      2.250746      0.000000
 4900.0      5.064740      0.000000      2.250498      0.000000
 4950.0      5.063621      0.000000      2.250249      0.000000
 5000.0      5.062500      0.000000      2.250000      0.000000
 5050.0      5.061377      0.000000      2.249750      0.000000
 5100.0      5.060251      0.000000      2.249500      0.000000
 5150.0      5.059125      0.000000      2.249250      0.000000
 5200.0      5.057996      0.000000      2.248999      0.000000
 5250.0      5.056867      0.000000      2.248748      0.000000
 5300.0      5.055738      0.000000      2.248496      0.000000
 5350.0      5.054607      0.000000      2.248245      0.000000
 5400.0      5.053477      0.000000      2.247994      0.000000
 5450.0      5.052347      0.000000      2.247742      0.000000
 5500.0      5.051218      0.000000      2.247491      0.000000
 5550.0      5.050089      0.000000      2.247240      0.000000
 5600.0      5.048962      0.000000      2.246989      0.000000
 5650.0      5.047836      0.000000      2.246739      0.000000
 5700.0      5.046712      0.000000      2.246489      0.000000
 5750.0      5.045591      0.000000      2.246239      0.000000
 5800.0      5.044471      0.000000      2.245990      0.000000
 5850.0      5.043355      0.000000      2.245741      0.000000
 5900.0      5.042241      0.000000      2.245494      0.000000
 5950.0      5.041131      0.000000      2.245246      0.000000
 6000.0      5.040025      0.000000      2.245000      0.000000
 6050.0      5.038923      0.000000      2.244754      0.000000
 6100.0      5.037823      0.000000      2.244510      0.000000
 6150.0      5.036726      0.000000      2.244265      0.000000
 6200.0      5.035631      0.000000      2.244021      0.000000
 6250.0      5.034536      0.000000      2.243777      0.000000
 6300.0      5.033441      0.000000      2.243533      0.000000
 6350.0      5.032344      0.000000      2.243289      0.000000
 6400.0      5.031246      0.000000      2.243044      0.000000
 6450.0      5.030145      0.000000      2.242798      0.000000
 6500.0      5.029040      0.000000      2.242552      0.000000
 6550.0      5.027931      0.000000      2.242304      0.000000
 6600.0      5.026816      0.000000      2.242056      0.000000
 6650.0      5.025695      0.000000      2.241806      0.000000
 6700.0      5.024567      0.000000      2.241554      0.000000
 6750.0      5.023431      0.000000      2.241301      0.000000
 6800.0      5.022286      0.000000      2.241045      0.000000
 6850.0      5.021131      0.000000      2.240788      0.000000
 6900.0      5.019966      0.000000      2.240528      0.000000
 6950.0      5.018789      0.000000      2.240265      0.000000
 7000.0      5.017600      0.000000      2.240000      0.000000
 7050.0      5.016399      0.000000      2.239732      0.000000
 7100.0      5.015187      0.000000      2.239462      0.000000
 7150.0      5.013969      0.000000      2.239190      0.000000
 7200.0      5.012747      0.000000      2.238917      0.000000
 7250.0      5.011524      0.000000      2.238644      0.000000
 7300.0      5.010303      0.000000      2.238372      0.000000
 7350.0      5.009089      0.000000      2.238101      0.000000
 7400.0      5.007883      0.000000      2.237831      0.000000
 7450.0      5.006688      0.000000      2.237565      0.000000
 7500.0      5.005509      0.000000      2.237301      0.000000
 7550.0      5.004348      0.000000      2.237042      0.000000
 7600.0      5.003208      0.000000      2.236787      0.000000
 7650.0      5.002092      0.000000      2.236538      0.000000
 7700.0      5.001004      0.000000      2.236294      0.000000
 7750.0      4.999946      0.000000      2.236058      0.000000
 7800.0      4.998922      0.000000      2.235829      0.000000
 7850.0      4.997935      0.000000      2.235607      0.000000
 7900.0      4.996987      0.000000      2.235395      0.000000
 7950.0      4.996083      0.000000      2.235193      0.000000
 8000.0      4.995225      0.000000      2.235000      0.000000
 8050.0      4.994414      0.000000      2.234818      0.000000
 8100.0      4.993640      0.000000      2.234644      0.000000
 8150.0      4.992892      0.000000      2.234476      0.000000
 8200.0      4.992159      0.000000      2.234311      0.000000
 8250.0      4.991429      0.000000      2.234146      0.000000
 8300.0      4.990689      0.000000      2.233980      0.000000
 8350.0      4.989930      0.000000      2.233809      0.000000
 8400.0      4.989138      0.000000      2.233631      0.000000
 8450.0      4.988302      0.000000      2.233443      0.000000
 8500.0      4.987411      0.000000      2.233243      0.000000
 8550.0      4.986453      0.000000      2.233028      0.000000
 8600.0      4.985417      0.000000      2.232796      0.000000
 8650.0      4.984290      0.000000      2.232543      0.000000
 8700.0      4.983061      0.000000      2.232268      0.000000
 8750.0      4.981719      0.000000      2.231968      0.000000
 8800.0      4.980252      0.000000      2.231640      0.000000
 8850.0      4.978648      0.000000      2.231282      0.000000
 8900.0      4.976896      0.000000      2.230891      0.000000
 8950.0      4.974984      0.000000      2.230465      0.000000
 9000.0      4.972900      0.000000      2.230000      0.000000
 9050.0      4.970642      0.000000      2.229497      0.000000
 9100.0      4.968244      0.000000      2.228963      0.000000
 9150.0      4.965750      0.000000      2.228407      0.000000
 9200.0      4.963203      0.000000      2.227840      0.000000
 9250.0      4.960646      0.000000      2.227270      0.000000
 9300.0      4.958123      0.000000      2.226708      0.000000
 9350.0      4.955676      0.000000      2.226163      0.000000
 9400.0      4.953351      0.000000      2.225644      0.000000
 9450.0      4.951189      0.000000      2.225162      0.000000
 9500.0      4.949234      0.000000      2.224726      0.000000
 9550.0      4.947530      0.000000      2.224345      0.000000
 9600.0      4.946119      0.000000      2.224029      0.000000
 9650.0      4.945046      0.000000      2.223788      0.000000
 9700.0      4.944354      0.000000      2.223632      0.000000
 9750.0      4.944086      0.000000      2.223569      0.000000
 9800.0      4.944285      0.000000      2.223610      0.000000
 9850.0      4.944995      0.000000      2.223763      0.000000
 9900.0      4.946260      0.000000      2.224040      0.000000
 9950.0      4.948122      0.000000      2.224449      0.000000
10000.0      4.950625      0.000000      2.225000      0.000000
10050.0      4.953799      0.000000      2.225700      0.000000
10100.0      4.957624      0.000000      2.226543      0.000000
10150.0      4.962064      0.000000      2.227523      0.000000
10200.0      4.967084      0.000000      2.228632      0.000000
10250.0      4.972652      0.000000      2.229862      0.000000
10300.0      4.978731      0.000000      2.231205      0.000000
10350.0      4.985288      0.000000      2.232654      0.000000
10400.0      4.992289      0.000000      2.234201      0.000000
10450.0      4.999698      0.000000      2.235839      0.000000
10500.0      5.007481      0.000000      2.237560      0.000000
10550.0      5.015604      0.000000      2.239357      0.000000
10600.0      5.024032      0.000000      2.241221      0.000000
10650.0      5.032731      0.000000      2.243145      0.000000
10700.0      5.041667      0.000000      2.245122      0.000000
10750.0      5.050805      0.000000      2.247144      0.000000
10800.0      5.060110      0.000000      2.249203      0.000000
10850.0      5.069548      0.000000      2.251291      0.000000
10900.0      5.079085      0.000000      2.253402      0.000000
10950.0      5.088686      0.000000      2.255527      0.000000
11000.0      5.098317      0.000000      2.257659      0.000000
11050.0      5.107943      0.000000      2.259791      0.000000
11100.0      5.117529      0.000000      2.261913      0.000000
11150.0      5.127042      0.000000      2.264020      0.000000
11200.0      5.136447      0.000000      2.266103      0.000000
11250.0      5.145709      0.000000      2.268155      0.000000
11300.0      5.154794      0.000000      2.270168      0.000000
11350.0      5.163668      0.000000      2.272135      0.000000
11400.0      5.172296      0.000000      2.274047      0.000000
11450.0      5.180643      0.000000      2.275898      0.000000
11500.0      5.188675      0.000000      2.277679      0.000000
11550.0      5.196359      0.000000      2.279383      0.000000
11600.0      5.203658      0.000000      2.281003      0.000000
11650.0      5.210539      0.000000      2.282530      0.000000
11700.0      5.216967      0.000000      2.283958      0.000000
11750.0      5.222908      0.000000      2.285278      0.000000
11800.0      5.228328      0.000000      2.286483      0.000000
11850.0      5.233191      0.000000      2.287565      0.000000
11900.0      5.237464      0.000000      2.288517      0.000000
11950.0      5.241112      0.000000      2.289331      0.000000
12000.0      5.244100      0.000000      2.290000      0.000000
12050.0      5.246404      0.000000      2.290517      0.000000
12100.0      5.248034      0.000000      2.290886      0.000000
12150.0      5.249013      0.000000      2.291111      0.000000
12200.0      5.249360      0.000000      2.291196      0.000000
12250.0      5.249097      0.000000      2.291147      0.000000
12300.0      5.248244      0.000000      2.290967      0.000000
12350.0      5.246823      0.000000      2.290662      0.000000
12400.0      5.244854      0.000000      2.290235      0.000000
12450.0      5.242358      0.000000      2.289692      0.000000
12500.0      5.239356      0.000000      2.289037      0.000000
12550.0      5.235869      0.000000      2.288274      0.000000
12600.0      5.231918      0.000000      2.287409      0.000000
12650.0      5.227524      0.000000      2.286445      0.000000
12700.0      5.222707      0.000000      2.285388      0.000000
12750.0      5.217488      0.000000      2.284241      0.000000
12800.0      5.211889      0.000000      2.283010      0.000000
12850.0      5.205930      0.000000      2.281699      0.000000
12900.0      5.199632      0.000000      2.280313      0.000000
12950.0      5.193016      0.000000      2.278855      0.000000
13000.0      5.186103      0.000000      2.277332      0.000000
13050.0      5.178914      0.000000      2.275747      0.000000
13100.0      5.171469      0.000000      2.274105      0.000000
13150.0      5.163790      0.000000      2.272410      0.000000
13200.0      5.155897      0.000000      2.270667      0.000000
13250.0      5.147812      0.000000      2.268881      0.000000
13300.0      5.139554      0.000000      2.267057      0.000000
13350.0      5.131146      0.000000      2.265198      0.000000
13400.0      5.122607      0.000000      2.263309      0.000000
13450.0      5.113960      0.000000      2.261395      0.000000
13500.0      5.105224      0.000000      2.259461      0.000000
13550.0      5.096420      0.000000      2.257511      0.000000
13600.0      5.087570      0.000000      2.255550      0.000000
13650.0      5.078695      0.000000      2.253582      0.000000
13700.0      5.069814      0.000000      2.251611      0.000000
13750.0      5.060950      0.000000      2.249643      0.000000
13800.0      5.052122      0.000000      2.247683      0.000000
13850.0      5.043353      0.000000      2.245733      0.000000
13900.0      5.034662      0.000000      2.243800      0.000000
13950.0      5.026071      0.000000      2.241887      0.000000
14000.0      5.017600      0.000000      2.240000      0.000000
14050.0      5.009267      0.000000      2.238142      0.000000
14100.0      5.001070      0.000000      2.236312      0.000000
14150.0      4.993008      0.000000      2.234511      0.000000
14200.0      4.985075      0.000000      2.232737      0.000000
14250.0      4.977267      0.000000      2.230990      0.000000
14300.0      4.969582      0.000000      2.229268      0.000000
14350.0      4.962013      0.000000      2.227571      0.000000
14400.0      4.954559      0.000000      2.225899      0.000000
14450.0      4.947214      0.000000      2.224249      0.000000
14500.0      4.939975      0.000000      2.222621      0.000000
14550.0      4.932838      0.000000      2.221015      0.000000
14600.0      4.925799      0.000000      2.219430      0.000000
14650.0      4.918854      0.000000      2.217864      0.000000
14700.0      4.911999      0.000000      2.216318      0.000000
14750.0      4.905229      0.000000      2.214789      0.000000
14800.0      4.898542      0.000000      2.213278      0.000000
14850.0      4.891933      0.000000      2.211783      0.000000
14900.0      4.885399      0.000000      2.210303      0.000000
14950.0      4.878934      0.000000      2.208839      0.000000
