#Lambda        Dielectric Constant          Refractive Index
# [nm]        [Real]        [Imag]        [Real]        [Imag]
   10.0      0.999830      0.025951      1.000000      0.012975
   15.0      0.993876      0.156410      1.000001      0.078205
   20.0      0.995079      0.141211      1.000028      0.070592
   25.0      0.994637      0.148563      1.000062      0.074252
   30.0      0.998773      0.162081      1.002147      0.080005
   35.0      0.979716      0.198766      0.995767      0.101425
   40.0      0.920431      0.275974      0.975180      0.149991
   45.0      0.832646      0.385718      0.946032      0.219053
   50.0      0.730169      0.518178      0.914793      0.300651
   55.0      0.626806      0.663533      0.887931      0.386824
   60.0      0.536365      0.811965      0.871918      0.469614
   65.0      0.472302      0.953912      0.872880      0.541321
   70.0      0.442801      1.083668      0.891793      0.598127
   75.0      0.451991      1.198497      0.925673      0.639211
   80.0      0.503895      1.295738      0.971435      0.663822
   85.0      0.601955      1.372685      1.025879      0.671298
   90.0      0.733341      1.425261      1.082651      0.663336
   95.0      0.867155      1.447876      1.131898      0.644250
  100.0      0.971563      1.434861      1.163583      0.618492
  105.0      1.015107      1.381051      1.167866      0.590613
  110.0      0.988006      1.310100      1.146136      0.570794
  115.0      0.913429      1.287544      1.116547      0.577115
  120.0      0.815523      1.326634      1.089539      0.609475
  125.0      0.716413      1.378564      1.065380      0.646831
  130.0      0.630027      1.406744      1.042618      0.674194
  135.0      0.552245      1.409056      1.017132      0.692522
  140.0      0.476349      1.388639      0.984655      0.705123
  145.0      0.390757      1.367052      0.947525      0.721299
  150.0      0.278204      1.387397      0.915806      0.757356
  155.0      0.121100      1.494000      0.900000      0.830000
  160.0     -0.073667      1.719890      0.911480      0.944930
  165.0     -0.201300      2.052923      0.965099      1.063818
  170.0     -0.167646      2.452006      1.066149      1.145726
  175.0     -0.046814      2.791494      1.169938      1.189944
  180.0      0.040646      2.929059      1.219615      1.207933
  185.0      0.037161      2.862007      1.203568      1.213405
  190.0     -0.063743      2.700936      1.146893      1.221897
  195.0     -0.267063      2.559714      1.075746      1.248998
  200.0     -0.577795      2.552208      1.016282      1.310299
  205.0     -1.000937      2.792287      0.994657      1.421389
  210.0     -1.533601      3.378895      1.034554      1.594617
  215.0     -2.085516      4.245626      1.132268      1.806411
  220.0     -2.512017      5.223136      1.267044      2.010841
  225.0     -2.667613      6.140525      1.417870      2.161639
  230.0     -2.442472      6.854353      1.566068      2.222204
  235.0     -1.908230      7.360935      1.704852      2.205140
  240.0     -1.194115      7.700937      1.831206      2.138669
  245.0     -0.429376      7.915043      1.942118      2.051016
  250.0      0.257928      8.043825      2.034606      1.970124
  255.0      0.785971      8.123574      2.106870      1.912863
  260.0      1.132985      8.185011      2.158645      1.881724
  265.0      1.281219      8.258490      2.189773      1.878235
  270.0      1.212954      8.374360      2.200095      1.903923
  275.0      0.955035      8.563522      2.194752      1.956784
  280.0      0.666732      8.858499      2.194623      2.024327
  285.0      0.531795      9.292119      2.223499      2.092124
  290.0      0.731690      9.895529      2.304766      2.145778
  295.0      1.317241     10.603900      2.438827      2.172823
  300.0      2.140347     11.206262      2.591079      2.163730
  305.0      3.036201     11.479376      2.723983      2.109216
  310.0      3.840000     11.200000      2.800000      2.000000
  315.0      4.390749     10.326198      2.796368      1.846392
  320.0      4.542688      9.541241      2.749441      1.737073
  325.0      4.177165      9.654855      2.708950      1.772387
  330.0      3.524129     10.656058      2.703725      1.934004
  335.0      3.081884     11.902087      2.746500      2.112233
  340.0      3.355636     12.733928      2.849595      2.195038
  345.0      4.850083     12.493069      3.025306      2.070473
  350.0      7.659654     10.927580      3.265563      1.701929
  355.0     10.729653      8.924451      3.505263      1.263819
  360.0     13.148602      7.277216      3.690305      0.910142
  365.0     14.862463      6.050775      3.818886      0.652148
  370.0     15.948904      5.198110      3.897232      0.479162
  375.0     16.485592      4.672202      3.931569      0.380507
  380.0     16.550196      4.426034      3.928126      0.345506
  385.0     16.220384      4.412587      3.893129      0.363485
  390.0     15.573823      4.584842      3.832805      0.423767
  395.0     14.688180      4.895780      3.753381      0.515676
  400.0     13.641125      5.298385      3.661085      0.628535
  405.0     12.510324      5.745636      3.562143      0.751669
  410.0     11.373445      6.190516      3.462783      0.874402
  415.0     10.307611      6.586341      3.369187      0.986133
  420.0      9.358755      6.905579      3.285039      1.080593
  425.0      8.525317      7.149862      3.210214      1.158110
  430.0      7.801752      7.323268      3.144269      1.219562
  435.0      7.182512      7.429876      3.086759      1.265832
  440.0      6.662052      7.473766      3.037240      1.297799
  445.0      6.234825      7.459017      2.995269      1.316344
  450.0      5.895284      7.389707      2.960402      1.322346
  455.0      5.637883      7.269917      2.932194      1.316687
  460.0      5.457076      7.103726      2.910201      1.300247
  465.0      5.347316      6.895211      2.893980      1.273906
  470.0      5.303057      6.648454      2.883086      1.238545
  475.0      5.318753      6.367532      2.877076      1.195044
  480.0      5.388856      6.056525      2.875506      1.144283
  485.0      5.507822      5.719512      2.877931      1.087143
  490.0      5.670102      5.360572      2.883908      1.024504
  495.0      5.870151      4.983785      2.892992      0.957247
  500.0      6.102423      4.593229      2.904740      0.886251
  505.0      6.361370      4.192984      2.918708      0.812398
  510.0      6.641448      3.787129      2.934451      0.736568
  515.0      6.937108      3.379743      2.951526      0.659641
  520.0      7.242805      2.974906      2.969489      0.582498
  525.0      7.552992      2.576695      2.987895      0.506018
  530.0      7.862123      2.189192      3.006301      0.431083
  535.0      8.164652      1.816473      3.024263      0.358572
  540.0      8.455032      1.462620      3.041337      0.289367
  545.0      8.727716      1.131711      3.057078      0.224347
  550.0      8.977159      0.827825      3.071043      0.164393
  555.0      9.197813      0.555042      3.082789      0.110386
  560.0      9.384133      0.317439      3.091869      0.063205
  565.0      9.530572      0.119098      3.097842      0.023731
  570.0      9.631617      0.000000      3.100266      0.000000
  575.0      9.685464      0.000000      3.098999      0.000000
  580.0      9.697315      0.000000      3.094471      0.000000
  585.0      9.673150      0.000000      3.087172      0.000000
  590.0      9.618949      0.000000      3.077593      0.000000
  595.0      9.540694      0.000000      3.066226      0.000000
  600.0      9.444365      0.000000      3.053561      0.000000
  605.0      9.335943      0.000000      3.040090      0.000000
  610.0      9.221407      0.000000      3.026304      0.000000
  615.0      9.106739      0.000000      3.012694      0.000000
  620.0      8.997920      0.000000      2.999751      0.000000
  625.0      8.899758      0.000000      2.987868      0.000000
  630.0      8.812656      0.000000      2.977073      0.000000
  635.0      8.735975      0.000000      2.967305      0.000000
  640.0      8.669080      0.000000      2.958503      0.000000
  645.0      8.611332      0.000000      2.950609      0.000000
  650.0      8.562095      0.000000      2.943562      0.000000
  655.0      8.520731      0.000000      2.937302      0.000000
  660.0      8.486604      0.000000      2.931769      0.000000
  665.0      8.459076      0.000000      2.926904      0.000000
  670.0      8.437510      0.000000      2.922645      0.000000
  675.0      8.421270      0.000000      2.918933      0.000000
  680.0      8.409717      0.000000      2.915708      0.000000
  685.0      8.402214      0.000000      2.912910      0.000000
  690.0      8.398125      0.000000      2.910480      0.000000
  695.0      8.396813      0.000000      2.908356      0.000000
  700.0      8.397640      0.000000      2.906479      0.000000
  705.0      8.399969      0.000000      2.904789      0.000000
  710.0      8.403164      0.000000      2.903226      0.000000
  715.0      8.406586      0.000000      2.901731      0.000000
  720.0      8.409598      0.000000      2.900242      0.000000
  725.0      8.411631      0.000000      2.898706      0.000000
  730.0      8.412544      0.000000      2.897109      0.000000
  735.0      8.412370      0.000000      2.895454      0.000000
  740.0      8.411143      0.000000      2.893743      0.000000
  745.0      8.408896      0.000000      2.891978      0.000000
  750.0      8.405662      0.000000      2.890161      0.000000
  755.0      8.401476      0.000000      2.888295      0.000000
  760.0      8.396369      0.000000      2.886382      0.000000
  765.0      8.390376      0.000000      2.884425      0.000000
  770.0      8.383531      0.000000      2.882425      0.000000
  775.0      8.375866      0.000000      2.880384      0.000000
  780.0      8.367415      0.000000      2.878306      0.000000
  785.0      8.358211      0.000000      2.876192      0.000000
  790.0      8.348289      0.000000      2.874045      0.000000
  795.0      8.337680      0.000000      2.871867      0.000000
  800.0      8.326419      0.000000      2.869661      0.000000
  805.0      8.314540      0.000000      2.867428      0.000000
  810.0      8.302075      0.000000      2.865170      0.000000
  815.0      8.289058      0.000000      2.862891      0.000000
  820.0      8.275522      0.000000      2.860592      0.000000
  825.0      8.261501      0.000000      2.858276      0.000000
  830.0      8.247029      0.000000      2.855946      0.000000
  835.0      8.232138      0.000000      2.853602      0.000000
  840.0      8.216862      0.000000      2.851248      0.000000
  845.0      8.201235      0.000000      2.848886      0.000000
  850.0      8.185290      0.000000      2.846518      0.000000
  855.0      8.169060      0.000000      2.844146      0.000000
  860.0      8.152579      0.000000      2.841773      0.000000
  865.0      8.135880      0.000000      2.839402      0.000000
  870.0      8.118997      0.000000      2.837033      0.000000
  875.0      8.101963      0.000000      2.834670      0.000000
  880.0      8.084811      0.000000      2.832315      0.000000
  885.0      8.067575      0.000000      2.829970      0.000000
  890.0      8.050289      0.000000      2.827638      0.000000
  895.0      8.032985      0.000000      2.825321      0.000000
  900.0      8.015698      0.000000      2.823020      0.000000
  905.0      7.998460      0.000000      2.820739      0.000000
  910.0      7.981305      0.000000      2.818479      0.000000
  915.0      7.964267      0.000000      2.816244      0.000000
  920.0      7.947378      0.000000      2.814034      0.000000
  925.0      7.930673      0.000000      2.811853      0.000000
  930.0      7.914185      0.000000      2.809703      0.000000
  935.0      7.897947      0.000000      2.807586      0.000000
  940.0      7.881992      0.000000      2.805504      0.000000
  945.0      7.866354      0.000000      2.803460      0.000000
  950.0      7.851067      0.000000      2.801456      0.000000
  955.0      7.836164      0.000000      2.799494      0.000000
  960.0      7.821666      0.000000      2.797576      0.000000
  965.0      7.807572      0.000000      2.795701      0.000000
  970.0      7.793880      0.000000      2.793869      0.000000
  975.0      7.780586      0.000000      2.792080      0.000000
  980.0      7.767687      0.000000      2.790334      0.000000
  985.0      7.755180      0.000000      2.788630      0.000000
  990.0      7.743062      0.000000      2.786968      0.000000
  995.0      7.731329      0.000000      2.785347      0.000000
 1000.0      7.719979      0.000000      2.783767      0.000000
 1005.0      7.709007      0.000000      2.782229      0.000000
 1010.0      7.698412      0.000000      2.780731      0.000000
 1015.0      7.688190      0.000000      2.779273      0.000000
 1020.0      7.678337      0.000000      2.777855      0.000000
 1025.0      7.668850      0.000000      2.776476      0.000000
 1030.0      7.659727      0.000000      2.775137      0.000000
 1035.0      7.650964      0.000000      2.773837      0.000000
 1040.0      7.642558      0.000000      2.772575      0.000000
 1045.0      7.634506      0.000000      2.771352      0.000000
 1050.0      7.626804      0.000000      2.770166      0.000000
 1055.0      7.619449      0.000000      2.769018      0.000000
 1060.0      7.612439      0.000000      2.767908      0.000000
 1065.0      7.605770      0.000000      2.766834      0.000000
 1070.0      7.599439      0.000000      2.765797      0.000000
 1075.0      7.593442      0.000000      2.764797      0.000000
 1080.0      7.587777      0.000000      2.763832      0.000000
 1085.0      7.582440      0.000000      2.762903      0.000000
 1090.0      7.577428      0.000000      2.762009      0.000000
 1095.0      7.572738      0.000000      2.761150      0.000000
 1100.0      7.568367      0.000000      2.760326      0.000000
 1105.0      7.564312      0.000000      2.759537      0.000000
 1110.0      7.560569      0.000000      2.758781      0.000000
 1115.0      7.557135      0.000000      2.758059      0.000000
 1120.0      7.554007      0.000000      2.757370      0.000000
 1125.0      7.551183      0.000000      2.756715      0.000000
 1130.0      7.548658      0.000000      2.756092      0.000000
 1135.0      7.546429      0.000000      2.755501      0.000000
 1140.0      7.544494      0.000000      2.754943      0.000000
 1145.0      7.542849      0.000000      2.754416      0.000000
 1150.0      7.541491      0.000000      2.753920      0.000000
 1155.0      7.540417      0.000000      2.753456      0.000000
 1160.0      7.539623      0.000000      2.753023      0.000000
 1165.0      7.539107      0.000000      2.752619      0.000000
 1170.0      7.538865      0.000000      2.752246      0.000000
 1175.0      7.538894      0.000000      2.751903      0.000000
 1180.0      7.539192      0.000000      2.751589      0.000000
 1185.0      7.539754      0.000000      2.751304      0.000000
 1190.0      7.540577      0.000000      2.751048      0.000000
 1195.0      7.541659      0.000000      2.750821      0.000000
 1200.0      7.542996      0.000000      2.750622      0.000000
 1205.0      7.544585      0.000000      2.750450      0.000000
 1210.0      7.546423      0.000000      2.750306      0.000000
 1215.0      7.548507      0.000000      2.750189      0.000000
 1220.0      7.550833      0.000000      2.750099      0.000000
 1225.0      7.553399      0.000000      2.750035      0.000000
 1230.0      7.556201      0.000000      2.749998      0.000000
 1235.0      7.559236      0.000000      2.749986      0.000000
 1240.0      7.562500      0.000000      2.750000      0.000000
 1245.0      7.565991      0.000000      2.750039      0.000000
 1250.0      7.569706      0.000000      2.750103      0.000000
 1255.0      7.573640      0.000000      2.750191      0.000000
 1260.0      7.577792      0.000000      2.750304      0.000000
 1265.0      7.582158      0.000000      2.750441      0.000000
 1270.0      7.586735      0.000000      2.750601      0.000000
 1275.0      7.591519      0.000000      2.750784      0.000000
 1280.0      7.596507      0.000000      2.750990      0.000000
 1285.0      7.601697      0.000000      2.751219      0.000000
 1290.0      7.607084      0.000000      2.751470      0.000000
 1295.0      7.612667      0.000000      2.751743      0.000000
 1300.0      7.618441      0.000000      2.752038      0.000000
 1305.0      7.624404      0.000000      2.752353      0.000000
 1310.0      7.630551      0.000000      2.752690      0.000000
 1315.0      7.636882      0.000000      2.753048      0.000000
 1320.0      7.643390      0.000000      2.753425      0.000000
 1325.0      7.650075      0.000000      2.753823      0.000000
 1330.0      7.656933      0.000000      2.754240      0.000000
 1335.0      7.663959      0.000000      2.754677      0.000000
 1340.0      7.671152      0.000000      2.755132      0.000000
 1345.0      7.678508      0.000000      2.755606      0.000000
 1350.0      7.686024      0.000000      2.756099      0.000000
 1355.0      7.693697      0.000000      2.756609      0.000000
 1360.0      7.701523      0.000000      2.757137      0.000000
 1365.0      7.709499      0.000000      2.757683      0.000000
 1370.0      7.717623      0.000000      2.758245      0.000000
 1375.0      7.725890      0.000000      2.758824      0.000000
 1380.0      7.734299      0.000000      2.759420      0.000000
 1385.0      7.742845      0.000000      2.760031      0.000000
 1390.0      7.751525      0.000000      2.760659      0.000000
 1395.0      7.760337      0.000000      2.761301      0.000000
 1400.0      7.769277      0.000000      2.761959      0.000000
 1405.0      7.778342      0.000000      2.762632      0.000000
 1410.0      7.787528      0.000000      2.763318      0.000000
 1415.0      7.796833      0.000000      2.764019      0.000000
 1420.0      7.806254      0.000000      2.764734      0.000000
 1425.0      7.815786      0.000000      2.765462      0.000000
 1430.0      7.825428      0.000000      2.766203      0.000000
 1435.0      7.835176      0.000000      2.766957      0.000000
 1440.0      7.845026      0.000000      2.767723      0.000000
 1445.0      7.854975      0.000000      2.768502      0.000000
 1450.0      7.865021      0.000000      2.769292      0.000000
 1455.0      7.875161      0.000000      2.770094      0.000000
 1460.0      7.885390      0.000000      2.770906      0.000000
 1465.0      7.895706      0.000000      2.771730      0.000000
 1470.0      7.906105      0.000000      2.772564      0.000000
 1475.0      7.916585      0.000000      2.773408      0.000000
 1480.0      7.927142      0.000000      2.774262      0.000000
 1485.0      7.937773      0.000000      2.775126      0.000000
 1490.0      7.948475      0.000000      2.775999      0.000000
 1495.0      7.959245      0.000000      2.776880      0.000000
 1500.0      7.970080      0.000000      2.777770      0.000000
 1505.0      7.980975      0.000000      2.778669      0.000000
 1510.0      7.991929      0.000000      2.779575      0.000000
 1515.0      8.002938      0.000000      2.780488      0.000000
 1520.0      8.013999      0.000000      2.781409      0.000000
 1525.0      8.025108      0.000000      2.782337      0.000000
 1530.0      8.036263      0.000000      2.783271      0.000000
 1535.0      8.047460      0.000000      2.784212      0.000000
 1540.0      8.058696      0.000000      2.785158      0.000000
 1545.0      8.069968      0.000000      2.786110      0.000000
 1550.0      8.081273      0.000000      2.787067      0.000000
 1555.0      8.092608      0.000000      2.788030      0.000000
 1560.0      8.103969      0.000000      2.788996      0.000000
 1565.0      8.115353      0.000000      2.789967      0.000000
 1570.0      8.126757      0.000000      2.790942      0.000000
 1575.0      8.138178      0.000000      2.791921      0.000000
 1580.0      8.149612      0.000000      2.792903      0.000000
 1585.0      8.161057      0.000000      2.793887      0.000000
 1590.0      8.172510      0.000000      2.794875      0.000000
 1595.0      8.183967      0.000000      2.795864      0.000000
 1600.0      8.195424      0.000000      2.796856      0.000000
 1605.0      8.206880      0.000000      2.797849      0.000000
 1610.0      8.218330      0.000000      2.798844      0.000000
 1615.0      8.229771      0.000000      2.799840      0.000000
 1620.0      8.241201      0.000000      2.800836      0.000000
 1625.0      8.252616      0.000000      2.801833      0.000000
 1630.0      8.264012      0.000000      2.802829      0.000000
 1635.0      8.275388      0.000000      2.803826      0.000000
 1640.0      8.286739      0.000000      2.804821      0.000000
 1645.0      8.298062      0.000000      2.805816      0.000000
 1650.0      8.309355      0.000000      2.806810      0.000000
 1655.0      8.320613      0.000000      2.807801      0.000000
 1660.0      8.331835      0.000000      2.808791      0.000000
 1665.0      8.343016      0.000000      2.809779      0.000000
 1670.0      8.354153      0.000000      2.810764      0.000000
 1675.0      8.365244      0.000000      2.811746      0.000000
 1680.0      8.376285      0.000000      2.812725      0.000000
 1685.0      8.387273      0.000000      2.813700      0.000000
 1690.0      8.398204      0.000000      2.814671      0.000000
 1695.0      8.409077      0.000000      2.815638      0.000000
 1700.0      8.419886      0.000000      2.816601      0.000000
 1705.0      8.430630      0.000000      2.817558      0.000000
 1710.0      8.441305      0.000000      2.818511      0.000000
 1715.0      8.451908      0.000000      2.819458      0.000000
 1720.0      8.462436      0.000000      2.820399      0.000000
 1725.0      8.472885      0.000000      2.821333      0.000000
 1730.0      8.483252      0.000000      2.822262      0.000000
 1735.0      8.493534      0.000000      2.823183      0.000000
 1740.0      8.503729      0.000000      2.824097      0.000000
 1745.0      8.513832      0.000000      2.825004      0.000000
 1750.0      8.523841      0.000000      2.825903      0.000000
 1755.0      8.533753      0.000000      2.826794      0.000000
 1760.0      8.543563      0.000000      2.827676      0.000000
 1765.0      8.553270      0.000000      2.828549      0.000000
 1770.0      8.562870      0.000000      2.829414      0.000000
 1775.0      8.572359      0.000000      2.830268      0.000000
 1780.0      8.581735      0.000000      2.831113      0.000000
 1785.0      8.590995      0.000000      2.831948      0.000000
 1790.0      8.600134      0.000000      2.832773      0.000000
 1795.0      8.609151      0.000000      2.833586      0.000000
 1800.0      8.618041      0.000000      2.834389      0.000000
 1805.0      8.626802      0.000000      2.835180      0.000000
 1810.0      8.635431      0.000000      2.835959      0.000000
 1815.0      8.643924      0.000000      2.836727      0.000000
 1820.0      8.652278      0.000000      2.837482      0.000000
 1825.0      8.660490      0.000000      2.838224      0.000000
 1830.0      8.668557      0.000000      2.838953      0.000000
 1835.0      8.676475      0.000000      2.839669      0.000000
 1840.0      8.684242      0.000000      2.840371      0.000000
 1845.0      8.691854      0.000000      2.841058      0.000000
 1850.0      8.699308      0.000000      2.841732      0.000000
 1855.0      8.706601      0.000000      2.842391      0.000000
 1860.0      8.713730      0.000000      2.843035      0.000000
 1865.0      8.720692      0.000000      2.843663      0.000000
 1870.0      8.727482      0.000000      2.844276      0.000000
 1875.0      8.734099      0.000000      2.844873      0.000000
 1880.0      8.740539      0.000000      2.845453      0.000000
 1885.0      8.746798      0.000000      2.846017      0.000000
 1890.0      8.752875      0.000000      2.846564      0.000000
 1895.0      8.758765      0.000000      2.847093      0.000000
 1900.0      8.764465      0.000000      2.847605      0.000000
 1905.0      8.769972      0.000000      2.848099      0.000000
 1910.0      8.775283      0.000000      2.848575      0.000000
 1915.0      8.780395      0.000000      2.849032      0.000000
 1920.0      8.785304      0.000000      2.849470      0.000000
 1925.0      8.790008      0.000000      2.849888      0.000000
 1930.0      8.794503      0.000000      2.850287      0.000000
 1935.0      8.798786      0.000000      2.850667      0.000000
 1940.0      8.802854      0.000000      2.851026      0.000000
 1945.0      8.806703      0.000000      2.851364      0.000000
 1950.0      8.810332      0.000000      2.851681      0.000000
 1955.0      8.813735      0.000000      2.851978      0.000000
 1960.0      8.816911      0.000000      2.852252      0.000000
 1965.0      8.819855      0.000000      2.852505      0.000000
 1970.0      8.822566      0.000000      2.852736      0.000000
 1975.0      8.825039      0.000000      2.852944      0.000000
 1980.0      8.827271      0.000000      2.853129      0.000000
 1985.0      8.829260      0.000000      2.853291      0.000000
 1990.0      8.831001      0.000000      2.853429      0.000000
 1995.0      8.832493      0.000000      2.853544      0.000000
 2000.0      8.833731      0.000000      2.853634      0.000000
 2005.0      8.834713      0.000000      2.853700      0.000000
 2010.0      8.835436      0.000000      2.853741      0.000000
 2015.0      8.835895      0.000000      2.853757      0.000000
 2020.0      8.836089      0.000000      2.853747      0.000000
 2025.0      8.836013      0.000000      2.853712      0.000000
 2030.0      8.835665      0.000000      2.853650      0.000000
 2035.0      8.835042      0.000000      2.853562      0.000000
 2040.0      8.834139      0.000000      2.853447      0.000000
 2045.0      8.832955      0.000000      2.853305      0.000000
 2050.0      8.831486      0.000000      2.853136      0.000000
 2055.0      8.829729      0.000000      2.852939      0.000000
 2060.0      8.827680      0.000000      2.852713      0.000000
 2065.0      8.825337      0.000000      2.852459      0.000000
 2070.0      8.822695      0.000000      2.852177      0.000000
 2075.0      8.819753      0.000000      2.851865      0.000000
 2080.0      8.816507      0.000000      2.851524      0.000000
 2085.0      8.812954      0.000000      2.851154      0.000000
 2090.0      8.809090      0.000000      2.850753      0.000000
 2095.0      8.804912      0.000000      2.850322      0.000000
 2100.0      8.800417      0.000000      2.849860      0.000000
 2105.0      8.795603      0.000000      2.849367      0.000000
 2110.0      8.790465      0.000000      2.848843      0.000000
 2115.0      8.785001      0.000000      2.848287      0.000000
 2120.0      8.779208      0.000000      2.847698      0.000000
 2125.0      8.773081      0.000000      2.847078      0.000000
 2130.0      8.766619      0.000000      2.846425      0.000000
 2135.0      8.759818      0.000000      2.845739      0.000000
 2140.0      8.752674      0.000000      2.845020      0.000000
 2145.0      8.745185      0.000000      2.844266      0.000000
 2150.0      8.737347      0.000000      2.843479      0.000000
 2155.0      8.729158      0.000000      2.842658      0.000000
 2160.0      8.720614      0.000000      2.841802      0.000000
 2165.0      8.711711      0.000000      2.840911      0.000000
 2170.0      8.702447      0.000000      2.839985      0.000000
 2175.0      8.692819      0.000000      2.839023      0.000000
 2180.0      8.682823      0.000000      2.838025      0.000000
 2185.0      8.672456      0.000000      2.836991      0.000000
 2190.0      8.661715      0.000000      2.835920      0.000000
 2195.0      8.650597      0.000000      2.834812      0.000000
 2200.0      8.639098      0.000000      2.833667      0.000000
 2205.0      8.627216      0.000000      2.832485      0.000000
 2210.0      8.614947      0.000000      2.831264      0.000000
 2215.0      8.602288      0.000000      2.830006      0.000000
 2220.0      8.589236      0.000000      2.828708      0.000000
 2225.0      8.575788      0.000000      2.827372      0.000000
 2230.0      8.561940      0.000000      2.825997      0.000000
 2235.0      8.547690      0.000000      2.824582      0.000000
 2240.0      8.533034      0.000000      2.823127      0.000000
 2245.0      8.517968      0.000000      2.821632      0.000000
 2250.0      8.502491      0.000000      2.820097      0.000000
 2255.0      8.486598      0.000000      2.818521      0.000000
 2260.0      8.470287      0.000000      2.816903      0.000000
 2265.0      8.453554      0.000000      2.815244      0.000000
 2270.0      8.436396      0.000000      2.813543      0.000000
 2275.0      8.418810      0.000000      2.811800      0.000000
 2280.0      8.400793      0.000000      2.810015      0.000000
 2285.0      8.382341      0.000000      2.808186      0.000000
 2290.0      8.363452      0.000000      2.806315      0.000000
 2295.0      8.344122      0.000000      2.804400      0.000000
 2300.0      8.324348      0.000000      2.802441      0.000000
 2305.0      8.304127      0.000000      2.800438      0.000000
 2310.0      8.283456      0.000000      2.798391      0.000000
 2315.0      8.262331      0.000000      2.796299      0.000000
 2320.0      8.240749      0.000000      2.794162      0.000000
 2325.0      8.218708      0.000000      2.791979      0.000000
 2330.0      8.196204      0.000000      2.789751      0.000000
 2335.0      8.173233      0.000000      2.787476      0.000000
 2340.0      8.149793      0.000000      2.785155      0.000000
 2345.0      8.125880      0.000000      2.782788      0.000000
 2350.0      8.101492      0.000000      2.780373      0.000000
 2355.0      8.076625      0.000000      2.777911      0.000000
 2360.0      8.051276      0.000000      2.775401      0.000000
 2365.0      8.025441      0.000000      2.772843      0.000000
 2370.0      7.999118      0.000000      2.770237      0.000000
 2375.0      7.972303      0.000000      2.767582      0.000000
 2380.0      7.944994      0.000000      2.764878      0.000000
 2385.0      7.917186      0.000000      2.762125      0.000000
 2390.0      7.888878      0.000000      2.759322      0.000000
 2395.0      7.860065      0.000000      2.756469      0.000000
 2400.0      7.830744      0.000000      2.753566      0.000000
 2405.0      7.800913      0.000000      2.750612      0.000000
 2410.0      7.770568      0.000000      2.747607      0.000000
 2415.0      7.739706      0.000000      2.744550      0.000000
 2420.0      7.708323      0.000000      2.741442      0.000000
 2425.0      7.676418      0.000000      2.738282      0.000000
 2430.0      7.643985      0.000000      2.735070      0.000000
 2435.0      7.611023      0.000000      2.731805      0.000000
 2440.0      7.577528      0.000000      2.728488      0.000000
 2445.0      7.543497      0.000000      2.725117      0.000000
 2450.0      7.508926      0.000000      2.721692      0.000000
 2455.0      7.473813      0.000000      2.718213      0.000000
 2460.0      7.438155      0.000000      2.714680      0.000000
 2465.0      7.401947      0.000000      2.711093      0.000000
 2470.0      7.365188      0.000000      2.707451      0.000000
 2475.0      7.327873      0.000000      2.703753      0.000000
 2480.0      7.290000      0.000000      2.700000      0.000000
