#Lambda        Dielectric Constant          Refractive Index
# [nm]        [Real]        [Imag]        [Real]        [Imag]
  188.0     -0.322790      2.597207      1.071068      1.212436
  189.0     -0.313215      2.631161      1.080822      1.217185
  190.0     -0.308335      2.662985      1.089103      1.222541
  191.0     -0.307162      2.693050      1.096196      1.228355
  192.0     -0.308703      2.721729      1.102386      1.234476
  193.0     -0.311967      2.749394      1.107961      1.240757
  194.0     -0.315964      2.776417      1.113205      1.247049
  195.0     -0.319702      2.803171      1.118406      1.253203
  196.0     -0.322310      2.829952      1.123808      1.259082
  197.0     -0.324141      2.856274      1.129242      1.264669
  198.0     -0.326275      2.881191      1.134295      1.270020
  199.0     -0.329799      2.903751      1.138547      1.275191
  200.0     -0.335800      2.923000      1.141583      1.280239
  201.0     -0.344400      2.939000      1.143396      1.285206
  202.0     -0.352300      2.955300      1.145409      1.290063
  203.0     -0.356800      2.974500      1.148700      1.294725
  204.0     -0.355600      2.999000      1.154212      1.299155
  205.0     -0.349500      3.027800      1.161552      1.303343
  206.0     -0.340700      3.058000      1.169662      1.307215
  207.0     -0.331700      3.086800      1.177470      1.310777
  208.0     -0.324900      3.111600      1.183980      1.314043
  209.0     -0.320600      3.132100      1.189089      1.317017
  210.0     -0.318200      3.149500      1.193175      1.319798
  211.0     -0.316800      3.165200      1.196707      1.322463
  212.0     -0.315600      3.180500      1.200108      1.325089
  213.0     -0.313900      3.196500      1.203739      1.327738
  214.0     -0.311100      3.213600      1.207792      1.330361
  215.0     -0.306700      3.231900      1.212378      1.332877
  216.0     -0.300000      3.251600      1.217664      1.335180
  217.0     -0.290400      3.272700      1.223756      1.337153
  218.0     -0.278700      3.294500      1.230359      1.338837
  219.0     -0.265900      3.315600      1.237001      1.340176
  220.0     -0.253300      3.334600      1.243163      1.341176
  221.0     -0.242400      3.349900      1.248251      1.341838
  222.0     -0.234200      3.360300      1.251849      1.342135
  223.0     -0.228800      3.366400      1.254067      1.342193
  224.0     -0.225300      3.370700      1.255572      1.342297
  225.0     -0.222600      3.375700      1.257066      1.342690
  226.0     -0.219700      3.383700      1.259191      1.343601
  227.0     -0.215800      3.397000      1.262547      1.345297
  228.0     -0.211200      3.414700      1.266891      1.347669
  229.0     -0.206800      3.434400      1.271578      1.350448
  230.0     -0.203600      3.453500      1.275911      1.353347
  231.0     -0.202700      3.469600      1.279222      1.356137
  232.0     -0.204800      3.480400      1.280941      1.358532
  233.0     -0.209700      3.486100      1.281152      1.360533
  234.0     -0.215900      3.488800      1.280542      1.362236
  235.0     -0.222200      3.490500      1.279720      1.363775
  236.0     -0.227400      3.493100      1.279276      1.365264
  237.0     -0.230200      3.498800      1.279876      1.366851
  238.0     -0.229600      3.509000      1.281972      1.368595
  239.0     -0.226200      3.523100      1.285331      1.370502
  240.0     -0.221100      3.539400      1.289418      1.372479
  241.0     -0.215700      3.556600      1.293722      1.374561
  242.0     -0.211000      3.573000      1.297734      1.376631
  243.0     -0.208200      3.587300      1.300987      1.378684
  244.0     -0.207700      3.598800      1.303282      1.380668
  245.0     -0.208800      3.608100      1.304863      1.382559
  246.0     -0.210700      3.616000      1.306031      1.384347
  247.0     -0.212600      3.623400      1.307102      1.386043
  248.0     -0.213700      3.630800      1.308316      1.387585
  249.0     -0.213200      3.639200      1.310008      1.389000
  250.0     -0.210500      3.649000      1.312358      1.390246
  251.0     -0.205700      3.660000      1.315309      1.391308
  252.0     -0.199200      3.671500      1.318655      1.392139
  253.0     -0.191300      3.683100      1.322264      1.392725
  254.0     -0.182400      3.694100      1.325934      1.393018
  255.0     -0.172900      3.704100      1.329517      1.393024
  256.0     -0.163100      3.712500      1.332851      1.392692
  257.0     -0.152900      3.719600      1.336009      1.392056
  258.0     -0.142500      3.725600      1.338997      1.391191
  259.0     -0.131600      3.731000      1.341961      1.390130
  260.0     -0.120300      3.736200      1.344960      1.388963
  261.0     -0.108600      3.741500      1.348050      1.387746
  262.0     -0.096300      3.747300      1.351340      1.386513
  263.0     -0.083300      3.753700      1.354866      1.385266
  264.0     -0.069500      3.760400      1.358592      1.383933
  265.0     -0.054400      3.767000      1.362533      1.382352
  266.0     -0.038000      3.773300      1.366655      1.380487
  267.0     -0.019800      3.778900      1.370976      1.378178
  268.0      0.000200      3.783500      1.375445      1.375373
  269.0      0.022500      3.786800      1.380103      1.371927
  270.0      0.047000      3.788400      1.384863      1.367789
  271.0      0.073400      3.788200      1.389660      1.362995
  272.0      0.101000      3.786100      1.394354      1.357654
  273.0      0.129300      3.781900      1.398823      1.351815
  274.0      0.157600      3.775600      1.402941      1.345602
  275.0      0.185500      3.766800      1.406568      1.339004
  276.0      0.212200      3.755600      1.409573      1.332177
  277.0      0.237200      3.741800      1.411827      1.325162
  278.0      0.260700      3.725300      1.413349      1.317898
  279.0      0.282900      3.706400      1.414228      1.310397
  280.0      0.304000      3.685100      1.414500      1.302616
  281.0      0.324200      3.661400      1.414200      1.294512
  282.0      0.343900      3.635500      1.413441      1.286046
  283.0      0.363300      3.607300      1.412241      1.277155
  284.0      0.382600      3.577100      1.410692      1.267853
  285.0      0.402200      3.544900      1.408873      1.258063
  286.0      0.422200      3.510600      1.406787      1.247737
  287.0      0.443000      3.474000      1.404481      1.236756
  288.0      0.465000      3.435000      1.402022      1.225017
  289.0      0.488400      3.393400      1.399423      1.212429
  290.0      0.513500      3.349000      1.396717      1.198883
  291.0      0.540600      3.301700      1.393963      1.184286
  292.0      0.570100      3.251300      1.391223      1.168504
  293.0      0.602200      3.197600      1.388527      1.151436
  294.0      0.636600      3.140200      1.385763      1.133022
  295.0      0.672300      3.078400      1.382617      1.113251
  296.0      0.708700      3.011700      1.378887      1.092076
  297.0      0.744600      2.939300      1.374181      1.069473
  298.0      0.779300      2.860600      1.368238      1.045359
  299.0      0.811900      2.774900      1.360724      1.019641
  300.0      0.841400      2.681800      1.351313      0.992294
  301.0      0.867000      2.580400      1.339619      0.963109
  302.0      0.888000      2.470500      1.325376      0.931999
  303.0      0.904400      2.353600      1.308775      0.899162
  304.0      0.916400      2.231300      1.290069      0.864799
  305.0      0.924200      2.105400      1.269550      0.829191
  306.0      0.928100      1.977400      1.247492      0.792550
  307.0      0.928100      1.849300      1.224178      0.755323
  308.0      0.924500      1.722500      1.199879      0.717781
  309.0      0.917600      1.599000      1.174985      0.680434
  310.0      0.907400      1.480300      1.149713      0.643770
  311.0      0.894300      1.368100      1.124447      0.608343
  312.0      0.878000      1.263600      1.099248      0.574757
  313.0      0.857900      1.166500      1.073756      0.543187
  314.0      0.832900      1.076300      1.047338      0.513826
  315.0      0.802400      0.992700      1.019519      0.486847
  316.0      0.765300      0.915200      0.989523      0.462445
  317.0      0.720900      0.843300      0.956645      0.440759
  318.0      0.668300      0.776600      0.920018      0.422057
  319.0      0.606600      0.714800      0.878663      0.406754
  320.0      0.534900      0.657400      0.831391      0.395362
  321.0      0.452500      0.604000      0.776917      0.388716
  322.0      0.360100      0.554400      0.714557      0.387933
  323.0      0.259600      0.508600      0.644446      0.394602
  324.0      0.152800      0.466800      0.567438      0.411322
  325.0      0.041800      0.428900      0.486175      0.441096
  326.0     -0.071700      0.395000      0.406051      0.486392
  327.0     -0.185700      0.365200      0.334665      0.545620
  328.0     -0.298300      0.339400      0.277090      0.612437
  329.0     -0.407600      0.317800      0.233721      0.679872
  330.0     -0.511700      0.300400      0.202065      0.743324
  331.0     -0.608700      0.287300      0.179437      0.800561
  332.0     -0.696700      0.278400      0.163653      0.850578
  333.0     -0.775300      0.273500      0.153014      0.893708
  334.0     -0.845600      0.272200      0.146170      0.931110
  335.0     -0.908800      0.273700      0.141986      0.963826
  336.0     -0.966300      0.277600      0.139793      0.992896
  337.0     -1.019100      0.283200      0.138957      1.019024
  338.0     -1.068500      0.290000      0.139023      1.042990
  339.0     -1.115900      0.297300      0.139508      1.065534
  340.0     -1.162300      0.304700      0.140135      1.087170
  341.0     -1.209100      0.311600      0.140546      1.108536
  342.0     -1.257400      0.317300      0.140387      1.130092
  343.0     -1.308500      0.321400      0.139452      1.152366
  344.0     -1.362800      0.323500      0.137604      1.175472
  345.0     -1.419900      0.324000      0.135087      1.199228
  346.0     -1.479300      0.322900      0.131968      1.223403
  347.0     -1.540700      0.320600      0.128458      1.247879
  348.0     -1.603500      0.317100      0.124606      1.272410
  349.0     -1.667300      0.312800      0.120599      1.296859
  350.0     -1.731700      0.307800      0.116495      1.321087
  351.0     -1.796200      0.302400      0.112422      1.344931
  352.0     -1.860300      0.296700      0.108425      1.368231
  353.0     -1.923700      0.290900      0.104572      1.390912
  354.0     -1.985800      0.285400      0.101005      1.412799
  355.0     -2.046300      0.280100      0.097676      1.433820
  356.0     -2.105100      0.275300      0.094671      1.453982
  357.0     -2.162400      0.270800      0.091898      1.473379
  358.0     -2.218400      0.266700      0.089370      1.492108
  359.0     -2.273200      0.262700      0.086974      1.510220
  360.0     -2.327000      0.259000      0.084762      1.527804
  361.0     -2.380000      0.255500      0.082689      1.544939
  362.0     -2.432400      0.252100      0.080713      1.561702
  363.0     -2.484400      0.248800      0.078826      1.578168
  364.0     -2.536000      0.245500      0.076991      1.594342
  365.0     -2.587600      0.242200      0.075201      1.610359
  366.0     -2.639200      0.238900      0.073452      1.626221
  367.0     -2.691100      0.235400      0.071680      1.642023
  368.0     -2.743400      0.231800      0.069912      1.657796
  369.0     -2.796200      0.228000      0.068118      1.673571
  370.0     -2.849600      0.224100      0.066326      1.689378
  371.0     -2.903400      0.220100      0.064539      1.705158
  372.0     -2.957500      0.216100      0.062787      1.720884
  373.0     -3.011800      0.212000      0.061041      1.736527
  374.0     -3.066200      0.208100      0.059387      1.752064
  375.0     -3.120700      0.204300      0.057794      1.767495
  376.0     -3.175200      0.200700      0.056288      1.782798
  377.0     -3.229500      0.197300      0.054869      1.797918
  378.0     -3.283600      0.194200      0.053562      1.812862
  379.0     -3.337400      0.191500      0.052391      1.827606
  380.0     -3.390800      0.189100      0.051327      1.842128
  381.0     -3.443700      0.187200      0.050420      1.856406
  382.0     -3.496000      0.185800      0.049668      1.870419
  383.0     -3.547700      0.184900      0.049067      1.884173
  384.0     -3.598900      0.184500      0.048611      1.897699
  385.0     -3.649700      0.184500      0.048272      1.911029
  386.0     -3.700200      0.185000      0.048072      1.924191
  387.0     -3.750400      0.185800      0.047956      1.937189
  388.0     -3.800500      0.186900      0.047921      1.950076
  389.0     -3.850500      0.188300      0.047966      1.962855
  390.0     -3.900600      0.190000      0.048087      1.975579
  391.0     -3.950700      0.191900      0.048259      1.988223
  392.0     -4.001100      0.194000      0.048479      2.000862
  393.0     -4.051700      0.196300      0.048747      2.013474
  394.0     -4.102800      0.198600      0.049010      2.026130
  395.0     -4.154200      0.201000      0.049294      2.038781
  396.0     -4.206300      0.203500      0.049597      2.051526
  397.0     -4.259000      0.205900      0.049871      2.064337
  398.0     -4.312400      0.208300      0.050139      2.077237
  399.0     -4.366600      0.210700      0.050401      2.090249
  400.0     -4.421300      0.213000      0.050635      2.103298
  401.0     -4.476700      0.215200      0.050840      2.116432
  402.0     -4.532500      0.217200      0.050996      2.129578
  403.0     -4.588700      0.219200      0.051150      2.142736
  404.0     -4.645300      0.221000      0.051255      2.155905
  405.0     -4.702100      0.222600      0.051313      2.169040
  406.0     -4.759000      0.224000      0.051326      2.182117
  407.0     -4.816000      0.225300      0.051318      2.195139
  408.0     -4.873000      0.226300      0.051244      2.208082
  409.0     -4.929900      0.227100      0.051127      2.220926
  410.0     -4.986600      0.227700      0.050970      2.233651
  411.0     -5.043000      0.228000      0.050752      2.246236
  412.0     -5.099200      0.228000      0.050471      2.258705
  413.0     -5.154900      0.227700      0.050132      2.270994
  414.0     -5.210100      0.227100      0.049735      2.283106
  415.0     -5.264700      0.226100      0.049259      2.295022
  416.0     -5.318900      0.225000      0.048769      2.306790
  417.0     -5.372600      0.223600      0.048223      2.318389
  418.0     -5.425800      0.221900      0.047622      2.329821
  419.0     -5.478600      0.220100      0.047008      2.341113
  420.0     -5.530900      0.218200      0.046381      2.352244
  421.0     -5.582700      0.216100      0.045722      2.363216
  422.0     -5.634200      0.214000      0.045070      2.374075
  423.0     -5.685300      0.211800      0.044406      2.384800
  424.0     -5.735900      0.209600      0.043751      2.395373
  425.0     -5.786200      0.207400      0.043103      2.405838
  426.0     -5.836200      0.205300      0.042484      2.416196
  427.0     -5.885800      0.203200      0.041872      2.426428
  428.0     -5.935100      0.201300      0.041308      2.436556
  429.0     -5.984000      0.199400      0.040751      2.446561
  430.0     -6.032700      0.197800      0.040261      2.456485
  431.0     -6.081100      0.196300      0.039796      2.466310
  432.0     -6.129200      0.195100      0.039398      2.476036
  433.0     -6.177200      0.194100      0.039043      2.485704
  434.0     -6.225000      0.193300      0.038733      2.495296
  435.0     -6.272600      0.192700      0.038466      2.504811
  436.0     -6.320300      0.192400      0.038261      2.514312
  437.0     -6.367900      0.192200      0.038078      2.523757
  438.0     -6.415600      0.192300      0.037956      2.533188
  439.0     -6.463400      0.192600      0.037875      2.542604
  440.0     -6.511300      0.193100      0.037833      2.552005
  441.0     -6.559400      0.193800      0.037831      2.561412
  442.0     -6.607800      0.194800      0.037886      2.570843
  443.0     -6.656500      0.195900      0.037961      2.580299
  444.0     -6.705600      0.197300      0.038092      2.589797
  445.0     -6.755000      0.198900      0.038260      2.599320
  446.0     -6.804900      0.200700      0.038464      2.608904
  447.0     -6.855300      0.202700      0.038705      2.618549
  448.0     -6.906200      0.204900      0.038980      2.628254
  449.0     -6.957800      0.207300      0.039290      2.638057
  450.0     -7.009900      0.210000      0.039654      2.647919
  451.0     -7.062800      0.212800      0.040032      2.657894
  452.0     -7.116500      0.215900      0.040461      2.667984
  453.0     -7.170800      0.219100      0.040905      2.678147
  454.0     -7.225700      0.222600      0.041400      2.688385
  455.0     -7.281200      0.226100      0.041891      2.698695
  456.0     -7.337300      0.229800      0.042413      2.709077
  457.0     -7.393800      0.233600      0.042949      2.719493
  458.0     -7.450700      0.237500      0.043499      2.729944
  459.0     -7.507900      0.241400      0.044045      2.740409
  460.0     -7.565400      0.245400      0.044604      2.750889
  461.0     -7.623200      0.249300      0.045140      2.761383
  462.0     -7.681100      0.253300      0.045691      2.771856
  463.0     -7.739200      0.257300      0.046238      2.782326
  464.0     -7.797400      0.261200      0.046764      2.792774
  465.0     -7.855500      0.265000      0.047268      2.803165
  466.0     -7.913600      0.268800      0.047769      2.813518
  467.0     -7.971600      0.272500      0.048250      2.823814
  468.0     -8.029400      0.276000      0.048694      2.834038
  469.0     -8.087100      0.279300      0.049100      2.844207
  470.0     -8.144400      0.282500      0.049487      2.854269
  471.0     -8.201400      0.285500      0.049839      2.864242
  472.0     -8.258100      0.288300      0.050154      2.874129
  473.0     -8.314300      0.290900      0.050435      2.883894
  474.0     -8.370200      0.293200      0.050664      2.893573
  475.0     -8.425700      0.295400      0.050876      2.903151
  476.0     -8.480900      0.297300      0.051036      2.912646
  477.0     -8.535900      0.299100      0.051179      2.922074
  478.0     -8.590500      0.300700      0.051289      2.931404
  479.0     -8.645000      0.302100      0.051366      2.940687
  480.0     -8.699300      0.303400      0.051425      2.949906
  481.0     -8.753400      0.304500      0.051452      2.959062
  482.0     -8.807300      0.305500      0.051463      2.968156
  483.0     -8.861200      0.306300      0.051441      2.977221
  484.0     -8.914900      0.307100      0.051419      2.986226
  485.0     -8.968600      0.307700      0.051365      2.995203
  486.0     -9.022300      0.308200      0.051296      3.004152
  487.0     -9.076000      0.308600      0.051210      3.013075
  488.0     -9.129700      0.308900      0.051109      3.021972
  489.0     -9.183500      0.309100      0.050992      3.030858
  490.0     -9.237400      0.309300      0.050876      3.039735
  491.0     -9.291400      0.309400      0.050745      3.048602
  492.0     -9.345500      0.309400      0.050598      3.057460
  493.0     -9.399800      0.309400      0.050451      3.066324
  494.0     -9.454400      0.309400      0.050305      3.075212
  495.0     -9.509100      0.309400      0.050161      3.084091
  496.0     -9.564100      0.309300      0.050000      3.092992
  497.0     -9.619500      0.309200      0.049840      3.101932
  498.0     -9.675100      0.309200      0.049697      3.110879
  499.0     -9.731000      0.309100      0.049538      3.119848
  500.0     -9.787200      0.309100      0.049395      3.128840
  501.0     -9.843700      0.309100      0.049253      3.137854
  502.0     -9.900500      0.309100      0.049112      3.146889
  503.0     -9.957700      0.309200      0.048987      3.155963
  504.0    -10.015100      0.309400      0.048878      3.165042
  505.0    -10.072900      0.309600      0.048769      3.174158
  506.0    -10.131100      0.309900      0.048676      3.183311
  507.0    -10.189500      0.310300      0.048599      3.192470
  508.0    -10.248400      0.310900      0.048553      3.201680
  509.0    -10.307500      0.311500      0.048507      3.210896
  510.0    -10.367000      0.312300      0.048492      3.220148
  511.0    -10.426900      0.313200      0.048491      3.229435
  512.0    -10.487100      0.314300      0.048522      3.238743
  513.0    -10.547600      0.315500      0.048567      3.248070
  514.0    -10.608600      0.316900      0.048642      3.257448
  515.0    -10.669900      0.318500      0.048747      3.266845
  516.0    -10.731600      0.320300      0.048882      3.276277
  517.0    -10.793700      0.322200      0.049030      3.285743
  518.0    -10.856100      0.324400      0.049223      3.295227
  519.0    -10.919000      0.326800      0.049444      3.304761
  520.0    -10.982200      0.329500      0.049709      3.314313
  521.0    -11.045800      0.332400      0.050002      3.323898
  522.0    -11.109900      0.335500      0.050322      3.333532
  523.0    -11.174300      0.338900      0.050685      3.343182
  524.0    -11.239000      0.342500      0.051076      3.352851
  525.0    -11.304100      0.346200      0.051479      3.362551
  526.0    -11.369400      0.350200      0.051924      3.372254
  527.0    -11.435000      0.354200      0.052366      3.381973
  528.0    -11.500800      0.358400      0.052835      3.391694
  529.0    -11.566800      0.362700      0.053316      3.401418
  530.0    -11.632900      0.367000      0.053795      3.411128
  531.0    -11.699100      0.371400      0.054285      3.420825
  532.0    -11.765500      0.375800      0.054773      3.430525
  533.0    -11.831900      0.380200      0.055258      3.440197
  534.0    -11.898300      0.384500      0.055727      3.449841
  535.0    -11.964700      0.388800      0.056194      3.459459
  536.0    -12.031100      0.393100      0.056658      3.469050
  537.0    -12.097400      0.397200      0.057092      3.478600
  538.0    -12.163600      0.401200      0.057510      3.488109
  539.0    -12.229700      0.405100      0.057911      3.497578
  540.0    -12.295700      0.408800      0.058283      3.507007
  541.0    -12.361400      0.412300      0.058626      3.516367
  542.0    -12.426900      0.415600      0.058939      3.525674
  543.0    -12.492200      0.418700      0.059223      3.534927
  544.0    -12.557100      0.421500      0.059465      3.544099
  545.0    -12.621800      0.424000      0.059664      3.553218
  546.0    -12.686100      0.426200      0.059822      3.562258
  547.0    -12.750000      0.428000      0.059924      3.571217
  548.0    -12.813500      0.429500      0.059984      3.580097
  549.0    -12.876600      0.430600      0.059991      3.588899
  550.0    -12.939200      0.431400      0.059956      3.597610
  551.0    -13.001400      0.431700      0.059855      3.606242
  552.0    -13.063100      0.431800      0.059727      3.614785
  553.0    -13.124600      0.431500      0.059546      3.623278
  554.0    -13.185600      0.430900      0.059325      3.631683
  555.0    -13.246400      0.430000      0.059065      3.640040
  556.0    -13.306900      0.428900      0.058780      3.648336
  557.0    -13.367100      0.427500      0.058456      3.656572
  558.0    -13.427100      0.425900      0.058107      3.664761
  559.0    -13.486800      0.424200      0.057747      3.672892
  560.0    -13.546500      0.422300      0.057362      3.681004
  561.0    -13.605900      0.420200      0.056952      3.689057
  562.0    -13.665300      0.418100      0.056544      3.697093
  563.0    -13.724500      0.415800      0.056112      3.705084
  564.0    -13.783700      0.413500      0.055682      3.713058
  565.0    -13.842900      0.411100      0.055240      3.721015
  566.0    -13.902100      0.408700      0.054801      3.728955
  567.0    -13.961300      0.406300      0.054364      3.736878
  568.0    -14.020500      0.404000      0.053942      3.744784
  569.0    -14.079900      0.401600      0.053508      3.752701
  570.0    -14.139300      0.399400      0.053103      3.760601
  571.0    -14.198900      0.397200      0.052700      3.768511
  572.0    -14.258600      0.395100      0.052311      3.776418
  573.0    -14.318600      0.393200      0.051951      3.784349
  574.0    -14.378800      0.391400      0.051605      3.792290
  575.0    -14.439200      0.389800      0.051286      3.800241
  576.0    -14.499900      0.388400      0.050995      3.808215
  577.0    -14.560900      0.387300      0.050744      3.816212
  578.0    -14.622200      0.386400      0.050520      3.824232
  579.0    -14.683900      0.385800      0.050335      3.832288
  580.0    -14.746000      0.385400      0.050177      3.840380
  581.0    -14.808600      0.385400      0.050071      3.848520
  582.0    -14.871500      0.385700      0.050004      3.856683
  583.0    -14.935000      0.386400      0.049988      3.864906
  584.0    -14.998900      0.387400      0.050011      3.873164
  585.0    -15.063300      0.388800      0.050084      3.881470
  586.0    -15.128000      0.390500      0.050195      3.889797
  587.0    -15.193200      0.392500      0.050344      3.898171
  588.0    -15.258800      0.394700      0.050517      3.906578
  589.0    -15.324800      0.397200      0.050728      3.915019
  590.0    -15.391100      0.400000      0.050975      3.923480
  591.0    -15.457700      0.403000      0.051247      3.931962
  592.0    -15.524600      0.406200      0.051542      3.940464
  593.0    -15.591800      0.409500      0.051849      3.948986
  594.0    -15.659300      0.413100      0.052192      3.957528
  595.0    -15.727100      0.416800      0.052545      3.966089
  596.0    -15.795100      0.420600      0.052910      3.974657
  597.0    -15.863200      0.424500      0.053286      3.983220
  598.0    -15.931600      0.428600      0.053685      3.991802
  599.0    -16.000200      0.432700      0.054082      4.000391
  600.0    -16.068900      0.436800      0.054478      4.008973
  601.0    -16.137700      0.441000      0.054884      4.017551
  602.0    -16.206600      0.445200      0.055289      4.026122
  603.0    -16.275700      0.449500      0.055704      4.034700
  604.0    -16.344800      0.453700      0.056106      4.043260
  605.0    -16.413900      0.457800      0.056493      4.051801
  606.0    -16.483100      0.462000      0.056892      4.060337
  607.0    -16.552400      0.466000      0.057264      4.068867
  608.0    -16.621600      0.469900      0.057623      4.077367
  609.0    -16.690700      0.473800      0.057981      4.085837
  610.0    -16.759900      0.477500      0.058313      4.094301
  611.0    -16.829000      0.481100      0.058632      4.102735
  612.0    -16.897900      0.484500      0.058925      4.111128
  613.0    -16.966800      0.487700      0.059194      4.119503
  614.0    -17.035600      0.490700      0.059438      4.127848
  615.0    -17.104200      0.493500      0.059657      4.136153
  616.0    -17.172700      0.496100      0.059851      4.144428
  617.0    -17.241000      0.498400      0.060010      4.152662
  618.0    -17.309000      0.500500      0.060144      4.160843
  619.0    -17.376900      0.502200      0.060230      4.168996
  620.0    -17.444600      0.503700      0.060293      4.177108
  621.0    -17.512200      0.505000      0.060332      4.185193
  622.0    -17.579600      0.506000      0.060335      4.193237
  623.0    -17.646800      0.506800      0.060315      4.201242
  624.0    -17.713900      0.507400      0.060272      4.209220
  625.0    -17.780900      0.507800      0.060206      4.217170
  626.0    -17.847700      0.507900      0.060105      4.225081
  627.0    -17.914500      0.507900      0.059993      4.232978
  628.0    -17.981200      0.507600      0.059847      4.240847
  629.0    -18.047700      0.507200      0.059689      4.248678
  630.0    -18.114200      0.506600      0.059509      4.256494
  631.0    -18.180600      0.505800      0.059307      4.264284
  632.0    -18.247000      0.504900      0.059093      4.272059
  633.0    -18.313300      0.503800      0.058858      4.279809
  634.0    -18.379600      0.502600      0.058612      4.287544
  635.0    -18.445900      0.501300      0.058355      4.295265
  636.0    -18.512100      0.499800      0.058076      4.302961
  637.0    -18.578400      0.498200      0.057787      4.310654
  638.0    -18.644600      0.496500      0.057488      4.318322
  639.0    -18.710900      0.494700      0.057178      4.325988
  640.0    -18.777200      0.492800      0.056858      4.333640
  641.0    -18.843500      0.490800      0.056527      4.341278
  642.0    -18.909900      0.488700      0.056186      4.348914
  643.0    -18.976300      0.486600      0.055847      4.356537
  644.0    -19.042900      0.484400      0.055497      4.364170
  645.0    -19.109400      0.482100      0.055138      4.371778
  646.0    -19.176100      0.479800      0.054779      4.379395
  647.0    -19.242900      0.477500      0.054422      4.387011
  648.0    -19.309700      0.475100      0.054055      4.394613
  649.0    -19.376700      0.472700      0.053689      4.402225
  650.0    -19.443900      0.470300      0.053324      4.409846
  651.0    -19.511100      0.467900      0.052960      4.417455
  652.0    -19.578500      0.465500      0.052598      4.425072
  653.0    -19.646100      0.463100      0.052237      4.432700
  654.0    -19.713900      0.460800      0.051888      4.440337
  655.0    -19.781800      0.458400      0.051529      4.447972
  656.0    -19.849900      0.456100      0.051183      4.455617
  657.0    -19.918200      0.453800      0.050837      4.463271
  658.0    -19.986800      0.451600      0.050504      4.470945
  659.0    -20.055500      0.449500      0.050183      4.478618
  660.0    -20.124500      0.447400      0.049863      4.486311
  661.0    -20.193700      0.445400      0.049555      4.494013
  662.0    -20.263100      0.443500      0.049259      4.501725
  663.0    -20.332800      0.441600      0.048964      4.509456
  664.0    -20.402700      0.439800      0.048681      4.517197
  665.0    -20.472900      0.438000      0.048398      4.524958
  666.0    -20.543300      0.436400      0.048139      4.532727
  667.0    -20.613800      0.434700      0.047869      4.540495
  668.0    -20.684700      0.433100      0.047611      4.548293
  669.0    -20.755700      0.431600      0.047365      4.556089
  670.0    -20.826900      0.430100      0.047120      4.563893
  671.0    -20.898400      0.428700      0.046886      4.571717
  672.0    -20.970100      0.427300      0.046653      4.579550
  673.0    -21.041900      0.425900      0.046421      4.587380
  674.0    -21.114000      0.424600      0.046200      4.595230
  675.0    -21.186300      0.423300      0.045980      4.603087
  676.0    -21.258800      0.422100      0.045771      4.610954
  677.0    -21.331500      0.420800      0.045553      4.618828
  678.0    -21.404400      0.419600      0.045345      4.626711
  679.0    -21.477500      0.418400      0.045139      4.634602
  680.0    -21.550800      0.417300      0.044943      4.642501
  681.0    -21.624300      0.416100      0.044738      4.650409
  682.0    -21.697900      0.415000      0.044544      4.658313
  683.0    -21.771800      0.413900      0.044351      4.666237
  684.0    -21.845800      0.412800      0.044158      4.674158
  685.0    -21.920100      0.411600      0.043955      4.682097
  686.0    -21.994500      0.410500      0.043763      4.690034
  687.0    -22.069100      0.409400      0.043572      4.697978
  688.0    -22.143800      0.408300      0.043382      4.705920
  689.0    -22.218700      0.407200      0.043192      4.713869
  690.0    -22.293800      0.406100      0.043002      4.721827
  691.0    -22.369100      0.404900      0.042803      4.729792
  692.0    -22.444600      0.403800      0.042615      4.737765
  693.0    -22.520200      0.402600      0.042417      4.745735
  694.0    -22.595900      0.401400      0.042220      4.753702
  695.0    -22.671900      0.400200      0.042023      4.761687
  696.0    -22.748000      0.399000      0.041827      4.769670
  697.0    -22.824200      0.397700      0.041621      4.777649
  698.0    -22.900600      0.396400      0.041416      4.785636
  699.0    -22.977100      0.395100      0.041211      4.793621
  700.0    -23.053800      0.393800      0.041007      4.801612
  701.0    -23.130700      0.392400      0.040793      4.809612
  702.0    -23.207700      0.390900      0.040570      4.817608
  703.0    -23.284800      0.389400      0.040347      4.825601
  704.0    -23.362100      0.387900      0.040125      4.833602
  705.0    -23.439500      0.386300      0.039894      4.841600
  706.0    -23.517000      0.384700      0.039663      4.849595
  707.0    -23.594700      0.383000      0.039423      4.857598
  708.0    -23.672500      0.381300      0.039183      4.865597
  709.0    -23.750400      0.379500      0.038934      4.873594
  710.0    -23.828500      0.377700      0.038686      4.881598
  711.0    -23.906600      0.375900      0.038439      4.889589
  712.0    -23.984900      0.374000      0.038182      4.897587
  713.0    -24.063300      0.372100      0.037926      4.905582
  714.0    -24.141700      0.370200      0.037671      4.913565
  715.0    -24.220300      0.368300      0.037417      4.921555
  716.0    -24.298900      0.366400      0.037164      4.929532
  717.0    -24.377700      0.364400      0.036901      4.937516
  718.0    -24.456500      0.362400      0.036639      4.945487
  719.0    -24.535400      0.360500      0.036389      4.953456
  720.0    -24.614400      0.358500      0.036129      4.961422
  721.0    -24.693400      0.356500      0.035870      4.969375
  722.0    -24.772500      0.354500      0.035612      4.977325
  723.0    -24.851700      0.352600      0.035364      4.985273
  724.0    -24.930900      0.350600      0.035108      4.993209
  725.0    -25.010200      0.348700      0.034862      5.001141
  726.0    -25.089500      0.346800      0.034617      5.009062
  727.0    -25.168900      0.344900      0.034373      5.016979
  728.0    -25.248300      0.343000      0.034130      5.024885
  729.0    -25.327800      0.341200      0.033898      5.032787
  730.0    -25.407200      0.339400      0.033666      5.040668
  731.0    -25.486700      0.337600      0.033435      5.048546
  732.0    -25.566300      0.335800      0.033205      5.056422
  733.0    -25.645800      0.334100      0.032986      5.064276
  734.0    -25.725300      0.332500      0.032777      5.072117
  735.0    -25.804900      0.330900      0.032569      5.079957
  736.0    -25.884500      0.329300      0.032362      5.087784
  737.0    -25.964000      0.327800      0.032165      5.095590
  738.0    -26.043600      0.326400      0.031979      5.103393
  739.0    -26.123100      0.325000      0.031793      5.111175
  740.0    -26.202700      0.323700      0.031618      5.118955
  741.0    -26.282200      0.322500      0.031453      5.126713
  742.0    -26.361700      0.321300      0.031289      5.134460
  743.0    -26.441100      0.320200      0.031135      5.142185
  744.0    -26.520600      0.319200      0.030991      5.149909
  745.0    -26.600000      0.318300      0.030857      5.157611
  746.0    -26.679300      0.317400      0.030724      5.165292
  747.0    -26.758600      0.316700      0.030611      5.172962
  748.0    -26.837900      0.316000      0.030498      5.180621
  749.0    -26.917100      0.315500      0.030405      5.188258
  750.0    -26.996300      0.315000      0.030312      5.195885
  751.0    -27.075400      0.314600      0.030230      5.203491
  752.0    -27.154400      0.314400      0.030167      5.211076
  753.0    -27.233400      0.314200      0.030104      5.218650
  754.0    -27.312300      0.314200      0.030060      5.226204
  755.0    -27.391100      0.314300      0.030026      5.233737
  756.0    -27.469800      0.314500      0.030002      5.241250
  757.0    -27.548400      0.314800      0.029988      5.248743
  758.0    -27.627000      0.315300      0.029993      5.256225
  759.0    -27.705500      0.315800      0.029998      5.263687
  760.0    -27.783900      0.316500      0.030022      5.271129
  761.0    -27.862300      0.317300      0.030056      5.278561
  762.0    -27.940600      0.318200      0.030099      5.285973
  763.0    -28.018900      0.319200      0.030151      5.293374
  764.0    -28.097100      0.320300      0.030213      5.300756
  765.0    -28.175300      0.321500      0.030284      5.308127
  766.0    -28.253500      0.322900      0.030374      5.315489
  767.0    -28.331700      0.324300      0.030463      5.322840
  768.0    -28.410000      0.325800      0.030562      5.330191
  769.0    -28.488200      0.327300      0.030660      5.337522
  770.0    -28.566400      0.329000      0.030777      5.344843
  771.0    -28.644700      0.330800      0.030903      5.352164
  772.0    -28.723000      0.332600      0.031029      5.359474
  773.0    -28.801400      0.334500      0.031164      5.366784
  774.0    -28.879800      0.336500      0.031308      5.374084
  775.0    -28.958200      0.338500      0.031451      5.381374
  776.0    -29.036800      0.340700      0.031613      5.388673
  777.0    -29.115400      0.342800      0.031764      5.395962
  778.0    -29.194100      0.345100      0.031934      5.403251
  779.0    -29.272900      0.347400      0.032104      5.410539
  780.0    -29.351800      0.349800      0.032282      5.417826
  781.0    -29.430800      0.352200      0.032460      5.425113
  782.0    -29.509900      0.354600      0.032638      5.432400
  783.0    -29.589200      0.357100      0.032824      5.439695
  784.0    -29.668600      0.359700      0.033018      5.446989
  785.0    -29.748200      0.362300      0.033212      5.454292
  786.0    -29.827900      0.364900      0.033406      5.461595
  787.0    -29.907700      0.367600      0.033608      5.468897
  788.0    -29.987800      0.370300      0.033810      5.476216
  789.0    -30.068000      0.373000      0.034011      5.483535
  790.0    -30.148400      0.375800      0.034220      5.490863
  791.0    -30.229000      0.378600      0.034429      5.498198
  792.0    -30.309800      0.381300      0.034629      5.505543
  793.0    -30.390800      0.384200      0.034846      5.512895
  794.0    -30.472000      0.387000      0.035053      5.520256
  795.0    -30.553500      0.389800      0.035259      5.527634
  796.0    -30.635200      0.392700      0.035474      5.535021
  797.0    -30.717200      0.395500      0.035679      5.542425
  798.0    -30.799400      0.398400      0.035893      5.549837
  799.0    -30.881800      0.401200      0.036097      5.557257
  800.0    -30.964600      0.404100      0.036309      5.564703
  810.0    -31.811781      0.432109      0.038299      5.640354
  820.0    -32.697007      0.455903      0.039861      5.718280
  830.0    -33.623869      0.473510      0.040860      5.798589
  840.0    -34.586834      0.485385      0.041345      5.880794
  850.0    -35.577207      0.492826      0.041431      5.964202
  860.0    -36.586287      0.497132      0.041230      6.048119
  870.0    -37.605377      0.499599      0.040858      6.131852
  880.0    -38.625779      0.501528      0.040429      6.214708
  890.0    -39.638793      0.504217      0.040057      6.295993
  900.0    -40.636841      0.508800      0.039843      6.375104
  910.0    -41.620613      0.515205      0.039788      6.452106
  920.0    -42.594511      0.522820      0.039846      6.527365
  930.0    -43.562950      0.531028      0.039975      6.601245
  940.0    -44.530347      0.539214      0.040130      6.674115
  950.0    -45.501120      0.546761      0.040267      6.746338
  960.0    -46.479685      0.553055      0.040341      6.818282
  970.0    -47.470459      0.557479      0.040309      6.890314
  980.0    -48.477859      0.559418      0.040126      6.962798
  990.0    -49.506147      0.558327      0.039751      7.036086
 1000.0    -50.557267      0.554726      0.039215      7.110313
 1010.0    -51.631378      0.549955      0.038596      7.185444
 1020.0    -52.728593      0.545374      0.037975      7.261442
 1030.0    -53.849025      0.542343      0.037436      7.338269
 1040.0    -54.992787      0.542224      0.037058      7.415885
 1050.0    -56.159993      0.546377      0.036924      7.494254
 1060.0    -57.350756      0.556163      0.037115      7.573338
 1070.0    -58.565189      0.572942      0.037713      7.653097
 1080.0    -59.803405      0.598075      0.038798      7.733495
 1090.0    -61.065510      0.632916      0.040453      7.814492
 1100.0    -62.350676      0.678053      0.042711      7.896017
 1110.0    -63.656201      0.732538      0.045513      7.977929
 1120.0    -64.979166      0.795242      0.048786      8.060081
 1130.0    -66.316649      0.865035      0.052460      8.142325
 1140.0    -67.665730      0.940788      0.056463      8.224512
 1150.0    -69.023487      1.021371      0.060725      8.306495
 1160.0    -70.386999      1.105656      0.065173      8.388125
 1170.0    -71.753346      1.192511      0.069737      8.469255
 1180.0    -73.119606      1.280809      0.074346      8.549737
 1190.0    -74.482858      1.369420      0.078928      8.629422
 1200.0    -75.840181      1.457214      0.083411      8.708163
 1210.0    -77.188654      1.543062      0.087725      8.785812
 1220.0    -78.525441      1.625854      0.091800      8.862225
 1230.0    -79.850183      1.705059      0.095603      8.937384
 1240.0    -81.165349      1.780804      0.099145      9.011415
 1250.0    -82.473559      1.853252      0.102439      9.084450
 1260.0    -83.777434      1.922566      0.105496      9.156624
 1270.0    -85.079596      1.988909      0.108332      9.228070
 1280.0    -86.382666      2.052445      0.110957      9.298921
 1290.0    -87.689264      2.113337      0.113385      9.369310
 1300.0    -89.002012      2.171748      0.115629      9.439370
 1310.0    -90.323531      2.227840      0.117702      9.509236
 1320.0    -91.656443      2.281778      0.119616      9.579040
 1330.0    -93.003368      2.333725      0.121384      9.648915
 1340.0    -94.366927      2.383843      0.123020      9.718996
 1350.0    -95.749741      2.432296      0.124535      9.789414
 1360.0    -97.154432      2.479247      0.125943      9.860305
 1370.0    -98.583621      2.524859      0.127256      9.931800
 1380.0   -100.039929      2.569295      0.128488     10.004034
 1390.0   -101.525977      2.612719      0.129651     10.077139
 1400.0   -103.044170      2.655290      0.130758     10.151239
 1410.0   -104.594614      2.697140      0.131816     10.226344
 1420.0   -106.176015      2.738378      0.132830     10.302394
 1430.0   -107.787065      2.779117      0.133805     10.379332
 1440.0   -109.426452      2.819469      0.134745     10.457097
 1450.0   -111.092865      2.859544      0.135655     10.535631
 1460.0   -112.784994      2.899453      0.136540     10.614874
 1470.0   -114.501528      2.939309      0.137404     10.694767
 1480.0   -116.241156      2.979221      0.138252     10.775250
 1490.0   -118.002568      3.019303      0.139090     10.856266
 1500.0   -119.784453      3.059665      0.139920     10.937753
 1510.0   -121.585500      3.100418      0.140749     11.019654
 1520.0   -123.404399      3.141673      0.141581     11.101908
 1530.0   -125.239838      3.183543      0.142421     11.184457
 1540.0   -127.090507      3.226138      0.143273     11.267242
 1550.0   -128.955096      3.269570      0.144142     11.350202
 1560.0   -130.832293      3.313950      0.145033     11.433280
 1570.0   -132.720789      3.359390      0.145950     11.516415
 1580.0   -134.619271      3.406000      0.146899     11.599548
 1590.0   -136.526431      3.453892      0.147883     11.682621
 1600.0   -138.440956      3.503178      0.148908     11.765574
 1610.0   -140.361536      3.553968      0.149978     11.848347
 1620.0   -142.286860      3.606375      0.151098     11.930881
 1630.0   -144.215618      3.660508      0.152273     12.013118
 1640.0   -146.146500      3.716481      0.153507     12.094998
 1650.0   -148.078193      3.774404      0.154805     12.176462
 1660.0   -150.009388      3.834388      0.156172     12.257450
 1670.0   -151.938774      3.896545      0.157612     12.337904
 1680.0   -153.865041      3.960985      0.159130     12.417763
 1690.0   -155.786876      4.027822      0.160731     12.496969
 1700.0   -157.702971      4.097165      0.162420     12.575463
 1710.0   -159.612013      4.169126      0.164201     12.653185
 1720.0   -161.512693      4.243817      0.166079     12.730076
 1730.0   -163.403700      4.321348      0.168058     12.806077
 1740.0   -165.283723      4.401832      0.170144     12.881129
 1750.0   -167.151450      4.485379      0.172341     12.955172
 1760.0   -169.005573      4.572101      0.174653     13.028147
 1770.0   -170.844779      4.662108      0.177086     13.099995
 1780.0   -172.667758      4.755514      0.179644     13.170657
 1790.0   -174.473200      4.852428      0.182332     13.240073
 1800.0   -176.259793      4.952962      0.185155     13.308185
 1810.0   -178.026227      5.057228      0.188116     13.374932
 1820.0   -179.771192      5.165336      0.191222     13.440256
 1830.0   -181.493376      5.277399      0.194476     13.504097
 1840.0   -183.191470      5.393527      0.197883     13.566397
 1850.0   -184.864161      5.513832      0.201449     13.627096
 1860.0   -186.510140      5.638425      0.205177     13.686134
 1870.0   -188.128095      5.767417      0.209073     13.743453
 1880.0   -189.716717      5.900920      0.213140     13.798993
 1890.0   -191.274694      6.039046      0.217385     13.852696
 1900.0   -192.800716      6.181904      0.221811     13.904501
 1910.0   -194.293471      6.329608      0.226423     13.954350
 1920.0   -195.751650      6.482268      0.231226     14.002183
 1930.0   -197.173942      6.639995      0.236225     14.047941
