#Lambda        Dielectric Constant          Refractive Index
# [nm]        [Real]        [Imag]        [Real]        [Imag]
  220.0      2.872400      5.208000      2.100000      1.240000
  225.0      3.064517      5.292738      2.142579      1.235111
  230.0      3.327100      5.412000      2.200000      1.230000
  235.0      3.641033      5.554662      2.267421      1.224889
  240.0      3.987200      5.709600      2.340000      1.220000
  245.0      4.344801      5.864415      2.412737      1.215333
  250.0      4.686300      6.001600      2.480000      1.210000
  255.0      4.999949      6.107380      2.539132      1.202528
  260.0      5.343900      6.188000      2.600000      1.190000
  265.0      5.756926      6.249740      2.669487      1.170804
  270.0      6.130400      6.279000      2.730000      1.150000
  275.0      6.365747      6.260710      2.765422      1.131757
  280.0      6.552000      6.193800      2.790000      1.110000
  285.0      6.787475      6.088347      2.820075      1.079668
  290.0      7.020000      5.985000      2.850000      1.050000
  295.0      7.193892      5.917079      2.873027      1.029570
  300.0      7.389900      5.858000      2.900000      1.010000
  305.0      7.681658      5.773939      2.940316      0.982053
  310.0      7.977900      5.662000      2.980000      0.950000
  315.0      8.180440      5.527242      3.004458      0.919718
  320.0      8.328300      5.375600      3.020000      0.890000
  325.0      8.479407      5.207694      3.035601      0.857825
  330.0      8.630100      5.002000      3.050000      0.820000
  335.0      8.766070      4.745607      3.060637      0.775231
  340.0      8.892000      4.482200      3.070000      0.730000
  345.0      9.012449      4.258753      3.080601      0.691251
  350.0      9.112500      4.078800      3.090000      0.660000
  355.0      9.180571      3.930257      3.095708      0.634763
  360.0      9.237900      3.782000      3.100000      0.610000
  365.0      9.305367      3.607920      3.105317      0.580945
  370.0      9.369600      3.421000      3.110000      0.550000
  375.0      9.412586      3.237514      3.111775      0.520208
  380.0      9.432000      3.047800      3.110000      0.490000
  385.0      9.432826      2.838074      3.105083      0.456974
  390.0      9.433600      2.604000      3.100000      0.420000
  395.0      9.444974      2.349389      3.096644      0.379396
  400.0      9.432500      2.101200      3.090000      0.340000
  405.0      9.366967      1.886994      3.075842      0.306690
  410.0      9.285200      1.713600      3.060000      0.280000
  415.0      9.227745      1.578085      3.048737      0.258843
  420.0      9.184000      1.459200      3.040000      0.240000
  425.0      9.135115      1.336117      3.030461      0.220438
  430.0      9.080400      1.208000      3.020000      0.200000
  435.0      9.024393      1.079846      3.009418      0.179406
  440.0      8.974400      0.960000      3.000000      0.160000
  445.0      8.934711      0.854823      2.992505      0.142836
  450.0      8.894792      0.759387      2.985118      0.127195
  455.0      8.843468      0.667371      2.975901      0.112123
  460.0      8.781824      0.578182      2.965013      0.097499
  465.0      8.712070      0.492662      2.952804      0.083425
  470.0      8.628662      0.411676      2.938289      0.070051
  475.0      8.528624      0.335314      2.920926      0.057394
  480.0      8.427008      0.260538      2.903281      0.044872
  485.0      8.335983      0.186890      2.887422      0.032364
  490.0      8.238171      0.127363      2.870306      0.022186
  495.0      8.119104      0.092948      2.849413      0.016312
  500.0      8.005499      0.073166      2.829428      0.012929
  505.0      7.921681      0.055364      2.814598      0.009836
  510.0      7.841210      0.039662      2.800225      0.007082
  515.0      7.737727      0.028521      2.781650      0.005125
  520.0      7.635948      0.021003      2.763324      0.003800
  525.0      7.562811      0.015526      2.750079      0.002824
  530.0      7.503050      0.011346      2.739170      0.002071
  535.0      7.437888      0.008034      2.727234      0.001472
  540.0      7.376703      0.005579      2.716004      0.001027
  545.0      7.331524      0.003993      2.707683      0.000737
  550.0      7.296817      0.002952      2.701264      0.000546
  555.0      7.264779      0.002102      2.695327      0.000390
  560.0      7.236100      0.001291      2.690000      0.000240
  565.0      7.210757      0.000494      2.685273      0.000092
  570.0      7.177378      0.000000      2.679032      0.000000
  575.0      7.127493      0.000040      2.669708      0.000008
  580.0      7.075600      0.000298      2.660000      0.000056
  585.0      7.037463      0.000411      2.652845      0.000077
  590.0      7.010943      0.000360      2.647844      0.000068
  595.0      6.989839      0.000219      2.643845      0.000042
  600.0      6.969600      0.000079      2.640000      0.000015
  605.0      6.946861      0.000011      2.635683      0.000002
  610.0      6.921364      0.000000      2.630842      0.000000
  615.0      6.893655      0.000011      2.625574      0.000002
  620.0      6.864400      0.000027      2.620000      0.000005
  625.0      6.834515      0.000035      2.614289      0.000006
  630.0      6.805802      0.000034      2.608789      0.000006
  635.0      6.780286      0.000025      2.603894      0.000005
  640.0      6.760000      0.000014      2.600000      0.000003
  645.0      6.745984      0.000008      2.597310      0.000002
  650.0      6.735291      0.000007      2.595254      0.000002
  655.0      6.723977      0.000008      2.593071      0.000002
  660.0      6.708100      0.000009      2.590000      0.000002
  665.0      6.685042      0.000009      2.585536      0.000002
  670.0      6.657484      0.000009      2.580197      0.000002
  675.0      6.629434      0.000009      2.574760      0.000002
  680.0      6.604900      0.000008      2.570000      0.000002
  685.0      6.586819      0.000007      2.566487      0.000002
  690.0      6.573849      0.000007      2.563960      0.000001
  695.0      6.563580      0.000007      2.561953      0.000001
  700.0      6.553600      0.000006      2.560000      0.000001
  705.0      6.542033      0.000005      2.557737      0.000001
  710.0      6.529134      0.000005      2.555213      0.000001
  715.0      6.515693      0.000005      2.552583      0.000001
  720.0      6.502500      0.000005      2.550000      0.000001
  725.0      6.490088      0.000005      2.547567      0.000001
  730.0      6.477966      0.000005      2.545188      0.000001
  735.0      6.465386      0.000005      2.542715      0.000001
  740.0      6.451600      0.000005      2.540000      0.000001
  745.0      6.436353      0.000005      2.536995      0.000001
  750.0      6.421354      0.000005      2.534036      0.000001
  755.0      6.408803      0.000005      2.531559      0.000001
  760.0      6.400900      0.000004      2.530000      0.000001
  765.0      6.398926      0.000003      2.529611      0.000001
  770.0      6.400482      0.000003      2.529919      0.000001
  775.0      6.402247      0.000003      2.530267      0.000001
  780.0      6.400900      0.000003      2.530000      0.000001
  785.0      6.393940      0.000003      2.528623      0.000001
  790.0      6.382141      0.000003      2.526289      0.000001
  795.0      6.367097      0.000003      2.523310      0.000001
  800.0      6.350400      0.000003      2.520000      0.000001
  805.0      6.333661      0.000003      2.516676      0.000001
  810.0      6.318564      0.000002      2.513674      0.000001
  815.0      6.306810      0.000001      2.511335      0.000000
  820.0      6.300100      0.000000      2.510000      0.000000
  825.0      6.299235      0.000000      2.509829      0.000000
  830.0      6.301414      0.000000      2.510264      0.000000
  835.0      6.302936      0.000000      2.510567      0.000000
  840.0      6.300100      0.000000      2.510000      0.000000
  845.0      6.290437      0.000000      2.508071      0.000000
  850.0      6.276405      0.000000      2.505270      0.000000
  855.0      6.261696      0.000000      2.502334      0.000000
  860.0      6.250000      0.000000      2.500000      0.000000
  865.0      6.244116      0.000000      2.498825      0.000000
  870.0      6.243267      0.000000      2.498655      0.000000
  875.0      6.245785      0.000000      2.499157      0.000000
  880.0      6.250000      0.000000      2.500000      0.000000
  885.0      6.254237      0.000000      2.500848      0.000000
  890.0      6.256790      0.000000      2.501360      0.000000
  895.0      6.255949      0.000000      2.501192      0.000000
  900.0      6.250000      0.000000      2.500000      0.000000
  905.0      6.238157      0.000000      2.497626      0.000000
  910.0      6.223334      0.000000      2.494655      0.000000
  915.0      6.209369      0.000000      2.491856      0.000000
  920.0      6.200100      0.000000      2.490000      0.000000
  925.0      6.198012      0.000000      2.489584      0.000000
  930.0      6.200173      0.000000      2.490019      0.000000
  935.0      6.202298      0.000000      2.490445      0.000000
  940.0      6.200100      0.000000      2.490000      0.000000
  945.0      6.190670      0.000000      2.488101      0.000000
  950.0      6.176598      0.000000      2.485270      0.000000
  955.0      6.161853      0.000000      2.482304      0.000000
  960.0      6.150400      0.000000      2.480000      0.000000
  965.0      6.145169      0.000000      2.478948      0.000000
  970.0      6.144934      0.000000      2.478901      0.000000
  975.0      6.147432      0.000000      2.479403      0.000000
  980.0      6.150400      0.000000      2.480000      0.000000
  985.0      6.152022      0.000000      2.480326      0.000000
  990.0      6.152277      0.000000      2.480378      0.000000
  995.0      6.151594      0.000000      2.480240      0.000000
 1000.0      6.150400      0.000000      2.480000      0.000000
 1005.0      6.149052      0.000000      2.479729      0.000000
 1010.0      6.147622      0.000000      2.479441      0.000000
 1015.0      6.146113      0.000000      2.479137      0.000000
 1020.0      6.144526      0.000000      2.478817      0.000000
 1025.0      6.142864      0.000000      2.478482      0.000000
 1030.0      6.141128      0.000000      2.478132      0.000000
 1035.0      6.139320      0.000000      2.477768      0.000000
 1040.0      6.137442      0.000000      2.477389      0.000000
 1045.0      6.135496      0.000000      2.476996      0.000000
 1050.0      6.133483      0.000000      2.476590      0.000000
 1055.0      6.131406      0.000000      2.476170      0.000000
 1060.0      6.129267      0.000000      2.475738      0.000000
 1065.0      6.127067      0.000000      2.475294      0.000000
 1070.0      6.124808      0.000000      2.474838      0.000000
 1075.0      6.122492      0.000000      2.474370      0.000000
 1080.0      6.120121      0.000000      2.473891      0.000000
 1085.0      6.117697      0.000000      2.473401      0.000000
 1090.0      6.115222      0.000000      2.472900      0.000000
 1095.0      6.112697      0.000000      2.472390      0.000000
 1100.0      6.110125      0.000000      2.471870      0.000000
 1105.0      6.107507      0.000000      2.471341      0.000000
 1110.0      6.104846      0.000000      2.470802      0.000000
 1115.0      6.102143      0.000000      2.470255      0.000000
 1120.0      6.099400      0.000000      2.469699      0.000000
 1125.0      6.096618      0.000000      2.469136      0.000000
 1130.0      6.093800      0.000000      2.468565      0.000000
 1135.0      6.090948      0.000000      2.467987      0.000000
 1140.0      6.088064      0.000000      2.467403      0.000000
 1145.0      6.085149      0.000000      2.466812      0.000000
 1150.0      6.082205      0.000000      2.466215      0.000000
 1155.0      6.079234      0.000000      2.465613      0.000000
 1160.0      6.076239      0.000000      2.465005      0.000000
 1165.0      6.073220      0.000000      2.464392      0.000000
 1170.0      6.070180      0.000000      2.463775      0.000000
 1175.0      6.067121      0.000000      2.463154      0.000000
 1180.0      6.064044      0.000000      2.462529      0.000000
 1185.0      6.060952      0.000000      2.461901      0.000000
 1190.0      6.057846      0.000000      2.461270      0.000000
 1195.0      6.054728      0.000000      2.460636      0.000000
 1200.0      6.051600      0.000000      2.460000      0.000000
 1205.0      6.048464      0.000000      2.459362      0.000000
 1210.0      6.045324      0.000000      2.458723      0.000000
 1215.0      6.042182      0.000000      2.458083      0.000000
 1220.0      6.039041      0.000000      2.457444      0.000000
 1225.0      6.035905      0.000000      2.456805      0.000000
 1230.0      6.032776      0.000000      2.456168      0.000000
 1235.0      6.029658      0.000000      2.455533      0.000000
 1240.0      6.026555      0.000000      2.454901      0.000000
 1245.0      6.023469      0.000000      2.454271      0.000000
 1250.0      6.020403      0.000000      2.453646      0.000000
 1255.0      6.017361      0.000000      2.453026      0.000000
 1260.0      6.014345      0.000000      2.452411      0.000000
 1265.0      6.011360      0.000000      2.451802      0.000000
 1270.0      6.008407      0.000000      2.451199      0.000000
 1275.0      6.005490      0.000000      2.450604      0.000000
 1280.0      6.002613      0.000000      2.450017      0.000000
 1285.0      5.999779      0.000000      2.449438      0.000000
 1290.0      5.996990      0.000000      2.448869      0.000000
 1295.0      5.994250      0.000000      2.448309      0.000000
 1300.0      5.991562      0.000000      2.447760      0.000000
 1305.0      5.988929      0.000000      2.447222      0.000000
 1310.0      5.986355      0.000000      2.446696      0.000000
 1315.0      5.983842      0.000000      2.446183      0.000000
 1320.0      5.981394      0.000000      2.445683      0.000000
 1325.0      5.979013      0.000000      2.445196      0.000000
 1330.0      5.976704      0.000000      2.444724      0.000000
 1335.0      5.974469      0.000000      2.444267      0.000000
 1340.0      5.972311      0.000000      2.443826      0.000000
 1345.0      5.970234      0.000000      2.443402      0.000000
 1350.0      5.968240      0.000000      2.442994      0.000000
 1355.0      5.966333      0.000000      2.442604      0.000000
 1360.0      5.964516      0.000000      2.442232      0.000000
 1365.0      5.962792      0.000000      2.441880      0.000000
 1370.0      5.961165      0.000000      2.441547      0.000000
 1375.0      5.959637      0.000000      2.441235      0.000000
 1380.0      5.958212      0.000000      2.440943      0.000000
 1385.0      5.956893      0.000000      2.440673      0.000000
 1390.0      5.955682      0.000000      2.440426      0.000000
 1395.0      5.954583      0.000000      2.440201      0.000000
 1400.0      5.953600      0.000000      2.440000      0.000000
 1405.0      5.952734      0.000000      2.439823      0.000000
 1410.0      5.951981      0.000000      2.439669      0.000000
 1415.0      5.951335      0.000000      2.439537      0.000000
 1420.0      5.950792      0.000000      2.439426      0.000000
 1425.0      5.950345      0.000000      2.439335      0.000000
 1430.0      5.949990      0.000000      2.439263      0.000000
 1435.0      5.949721      0.000000      2.439208      0.000000
 1440.0      5.949532      0.000000      2.439169      0.000000
 1445.0      5.949418      0.000000      2.439146      0.000000
 1450.0      5.949374      0.000000      2.439138      0.000000
 1455.0      5.949395      0.000000      2.439142      0.000000
 1460.0      5.949474      0.000000      2.439158      0.000000
 1465.0      5.949607      0.000000      2.439186      0.000000
 1470.0      5.949787      0.000000      2.439223      0.000000
 1475.0      5.950010      0.000000      2.439269      0.000000
 1480.0      5.950271      0.000000      2.439322      0.000000
 1485.0      5.950563      0.000000      2.439382      0.000000
 1490.0      5.950882      0.000000      2.439448      0.000000
 1495.0      5.951222      0.000000      2.439517      0.000000
 1500.0      5.951577      0.000000      2.439590      0.000000
 1505.0      5.951942      0.000000      2.439665      0.000000
 1510.0      5.952312      0.000000      2.439741      0.000000
 1515.0      5.952681      0.000000      2.439817      0.000000
 1520.0      5.953044      0.000000      2.439891      0.000000
 1525.0      5.953396      0.000000      2.439963      0.000000
 1530.0      5.953731      0.000000      2.440031      0.000000
 1535.0      5.954043      0.000000      2.440095      0.000000
 1540.0      5.954327      0.000000      2.440153      0.000000
 1545.0      5.954578      0.000000      2.440205      0.000000
 1550.0      5.954791      0.000000      2.440248      0.000000
 1555.0      5.954959      0.000000      2.440282      0.000000
 1560.0      5.955078      0.000000      2.440306      0.000000
 1565.0      5.955142      0.000000      2.440319      0.000000
 1570.0      5.955146      0.000000      2.440319      0.000000
 1575.0      5.955085      0.000000      2.440306      0.000000
 1580.0      5.954952      0.000000      2.440279      0.000000
 1585.0      5.954743      0.000000      2.440235      0.000000
 1590.0      5.954451      0.000000      2.440175      0.000000
 1595.0      5.954072      0.000000      2.440097      0.000000
 1600.0      5.953600      0.000000      2.440000      0.000000
 1605.0      5.953032      0.000000      2.439883      0.000000
 1610.0      5.952370      0.000000      2.439747      0.000000
 1615.0      5.951619      0.000000      2.439593      0.000000
 1620.0      5.950785      0.000000      2.439421      0.000000
 1625.0      5.949872      0.000000      2.439233      0.000000
 1630.0      5.948884      0.000000      2.439030      0.000000
 1635.0      5.947826      0.000000      2.438813      0.000000
 1640.0      5.946703      0.000000      2.438582      0.000000
 1645.0      5.945520      0.000000      2.438339      0.000000
 1650.0      5.944282      0.000000      2.438085      0.000000
 1655.0      5.942993      0.000000      2.437820      0.000000
 1660.0      5.941658      0.000000      2.437546      0.000000
 1665.0      5.940282      0.000000      2.437263      0.000000
 1670.0      5.938869      0.000000      2.436973      0.000000
 1675.0      5.937425      0.000000      2.436676      0.000000
 1680.0      5.935953      0.000000      2.436374      0.000000
 1685.0      5.934459      0.000000      2.436067      0.000000
 1690.0      5.932948      0.000000      2.435757      0.000000
 1695.0      5.931425      0.000000      2.435444      0.000000
 1700.0      5.929893      0.000000      2.435130      0.000000
 1705.0      5.928358      0.000000      2.434814      0.000000
 1710.0      5.926824      0.000000      2.434499      0.000000
 1715.0      5.925297      0.000000      2.434186      0.000000
 1720.0      5.923781      0.000000      2.433875      0.000000
 1725.0      5.922281      0.000000      2.433567      0.000000
 1730.0      5.920801      0.000000      2.433263      0.000000
 1735.0      5.919346      0.000000      2.432964      0.000000
 1740.0      5.917922      0.000000      2.432672      0.000000
 1745.0      5.916532      0.000000      2.432387      0.000000
 1750.0      5.915182      0.000000      2.432110      0.000000
 1755.0      5.913876      0.000000      2.431842      0.000000
 1760.0      5.912619      0.000000      2.431584      0.000000
 1765.0      5.911416      0.000000      2.431337      0.000000
 1770.0      5.910272      0.000000      2.431102      0.000000
 1775.0      5.909191      0.000000      2.430880      0.000000
 1780.0      5.908177      0.000000      2.430672      0.000000
 1785.0      5.907237      0.000000      2.430479      0.000000
 1790.0      5.906374      0.000000      2.430302      0.000000
 1795.0      5.905593      0.000000      2.430142      0.000000
 1800.0      5.904900      0.000000      2.430000      0.000000
 1805.0      5.904297      0.000000      2.429877      0.000000
 1810.0      5.903781      0.000000      2.429771      0.000000
 1815.0      5.903348      0.000000      2.429682      0.000000
 1820.0      5.902993      0.000000      2.429609      0.000000
 1825.0      5.902712      0.000000      2.429552      0.000000
 1830.0      5.902501      0.000000      2.429509      0.000000
 1835.0      5.902355      0.000000      2.429479      0.000000
 1840.0      5.902269      0.000000      2.429462      0.000000
 1845.0      5.902240      0.000000      2.429456      0.000000
 1850.0      5.902263      0.000000      2.429461      0.000000
 1855.0      5.902333      0.000000      2.429476      0.000000
 1860.0      5.902445      0.000000      2.429499      0.000000
 1865.0      5.902595      0.000000      2.429530      0.000000
 1870.0      5.902780      0.000000      2.429568      0.000000
 1875.0      5.902995      0.000000      2.429612      0.000000
 1880.0      5.903234      0.000000      2.429662      0.000000
 1885.0      5.903493      0.000000      2.429715      0.000000
 1890.0      5.903769      0.000000      2.429772      0.000000
 1895.0      5.904057      0.000000      2.429831      0.000000
 1900.0      5.904352      0.000000      2.429892      0.000000
 1905.0      5.904649      0.000000      2.429953      0.000000
 1910.0      5.904945      0.000000      2.430014      0.000000
 1915.0      5.905234      0.000000      2.430074      0.000000
 1920.0      5.905513      0.000000      2.430131      0.000000
 1925.0      5.905777      0.000000      2.430185      0.000000
 1930.0      5.906021      0.000000      2.430235      0.000000
 1935.0      5.906242      0.000000      2.430280      0.000000
 1940.0      5.906434      0.000000      2.430319      0.000000
 1945.0      5.906593      0.000000      2.430352      0.000000
 1950.0      5.906715      0.000000      2.430377      0.000000
 1955.0      5.906795      0.000000      2.430393      0.000000
 1960.0      5.906828      0.000000      2.430400      0.000000
 1965.0      5.906811      0.000000      2.430396      0.000000
 1970.0      5.906739      0.000000      2.430381      0.000000
 1975.0      5.906608      0.000000      2.430354      0.000000
 1980.0      5.906412      0.000000      2.430313      0.000000
 1985.0      5.906148      0.000000      2.430258      0.000000
 1990.0      5.905811      0.000000      2.430188      0.000000
 1995.0      5.905396      0.000000      2.430102      0.000000
 2000.0      5.904900      0.000000      2.430000      0.000000
 2005.0      5.904319      0.000000      2.429880      0.000000
 2010.0      5.903655      0.000000      2.429743      0.000000
 2015.0      5.902913      0.000000      2.429590      0.000000
 2020.0      5.902097      0.000000      2.429421      0.000000
 2025.0      5.901210      0.000000      2.429238      0.000000
 2030.0      5.900256      0.000000      2.429042      0.000000
 2035.0      5.899240      0.000000      2.428832      0.000000
 2040.0      5.898165      0.000000      2.428610      0.000000
 2045.0      5.897035      0.000000      2.428377      0.000000
 2050.0      5.895855      0.000000      2.428134      0.000000
 2055.0      5.894628      0.000000      2.427881      0.000000
 2060.0      5.893358      0.000000      2.427619      0.000000
 2065.0      5.892049      0.000000      2.427349      0.000000
 2070.0      5.890704      0.000000      2.427072      0.000000
 2075.0      5.889329      0.000000      2.426788      0.000000
 2080.0      5.887927      0.000000      2.426499      0.000000
 2085.0      5.886502      0.000000      2.426205      0.000000
 2090.0      5.885057      0.000000      2.425907      0.000000
 2095.0      5.883597      0.000000      2.425606      0.000000
 2100.0      5.882126      0.000000      2.425303      0.000000
 2105.0      5.880647      0.000000      2.424998      0.000000
 2110.0      5.879165      0.000000      2.424693      0.000000
 2115.0      5.877684      0.000000      2.424388      0.000000
 2120.0      5.876207      0.000000      2.424083      0.000000
 2125.0      5.874738      0.000000      2.423780      0.000000
 2130.0      5.873282      0.000000      2.423480      0.000000
 2135.0      5.871842      0.000000      2.423183      0.000000
 2140.0      5.870422      0.000000      2.422890      0.000000
 2145.0      5.869026      0.000000      2.422603      0.000000
 2150.0      5.867659      0.000000      2.422321      0.000000
 2155.0      5.866324      0.000000      2.422046      0.000000
 2160.0      5.865024      0.000000      2.421778      0.000000
 2165.0      5.863764      0.000000      2.421518      0.000000
 2170.0      5.862549      0.000000      2.421268      0.000000
 2175.0      5.861382      0.000000      2.421027      0.000000
 2180.0      5.860266      0.000000      2.420797      0.000000
 2185.0      5.859206      0.000000      2.420578      0.000000
 2190.0      5.858206      0.000000      2.420372      0.000000
 2195.0      5.857269      0.000000      2.420179      0.000000
 2200.0      5.856400      0.000000      2.420000      0.000000
 2205.0      5.855601      0.000000      2.419835      0.000000
 2210.0      5.854872      0.000000      2.419685      0.000000
 2215.0      5.854210      0.000000      2.419548      0.000000
 2220.0      5.853613      0.000000      2.419425      0.000000
 2225.0      5.853078      0.000000      2.419315      0.000000
 2230.0      5.852603      0.000000      2.419217      0.000000
 2235.0      5.852187      0.000000      2.419131      0.000000
 2240.0      5.851827      0.000000      2.419057      0.000000
 2245.0      5.851520      0.000000      2.418994      0.000000
 2250.0      5.851264      0.000000      2.418941      0.000000
 2255.0      5.851058      0.000000      2.418899      0.000000
 2260.0      5.850899      0.000000      2.418866      0.000000
 2265.0      5.850784      0.000000      2.418843      0.000000
 2270.0      5.850712      0.000000      2.418828      0.000000
 2275.0      5.850680      0.000000      2.418821      0.000000
 2280.0      5.850686      0.000000      2.418822      0.000000
 2285.0      5.850728      0.000000      2.418830      0.000000
 2290.0      5.850803      0.000000      2.418846      0.000000
 2295.0      5.850909      0.000000      2.418868      0.000000
 2300.0      5.851045      0.000000      2.418896      0.000000
 2305.0      5.851207      0.000000      2.418930      0.000000
 2310.0      5.851394      0.000000      2.418968      0.000000
 2315.0      5.851603      0.000000      2.419011      0.000000
 2320.0      5.851832      0.000000      2.419058      0.000000
 2325.0      5.852079      0.000000      2.419109      0.000000
 2330.0      5.852341      0.000000      2.419163      0.000000
 2335.0      5.852617      0.000000      2.419220      0.000000
 2340.0      5.852904      0.000000      2.419279      0.000000
 2345.0      5.853200      0.000000      2.419340      0.000000
 2350.0      5.853502      0.000000      2.419403      0.000000
 2355.0      5.853809      0.000000      2.419466      0.000000
 2360.0      5.854118      0.000000      2.419530      0.000000
 2365.0      5.854427      0.000000      2.419594      0.000000
 2370.0      5.854734      0.000000      2.419657      0.000000
 2375.0      5.855036      0.000000      2.419719      0.000000
 2380.0      5.855331      0.000000      2.419780      0.000000
 2385.0      5.855618      0.000000      2.419839      0.000000
 2390.0      5.855893      0.000000      2.419895      0.000000
 2395.0      5.856154      0.000000      2.419949      0.000000
 2400.0      5.856400      0.000000      2.420000      0.000000
 2405.0      5.856628      0.000000      2.420047      0.000000
 2410.0      5.856839      0.000000      2.420090      0.000000
 2415.0      5.857033      0.000000      2.420130      0.000000
 2420.0      5.857210      0.000000      2.420167      0.000000
 2425.0      5.857371      0.000000      2.420200      0.000000
 2430.0      5.857516      0.000000      2.420230      0.000000
 2435.0      5.857646      0.000000      2.420257      0.000000
 2440.0      5.857761      0.000000      2.420281      0.000000
 2445.0      5.857862      0.000000      2.420301      0.000000
 2450.0      5.857949      0.000000      2.420319      0.000000
 2455.0      5.858023      0.000000      2.420334      0.000000
 2460.0      5.858083      0.000000      2.420347      0.000000
 2465.0      5.858131      0.000000      2.420357      0.000000
 2470.0      5.858167      0.000000      2.420365      0.000000
 2475.0      5.858192      0.000000      2.420370      0.000000
 2480.0      5.858206      0.000000      2.420372      0.000000
 2485.0      5.858209      0.000000      2.420373      0.000000
 2490.0      5.858202      0.000000      2.420372      0.000000
 2495.0      5.858185      0.000000      2.420369      0.000000
 2500.0      5.858158      0.000000      2.420363      0.000000
 2505.0      5.858123      0.000000      2.420356      0.000000
 2510.0      5.858080      0.000000      2.420347      0.000000
 2515.0      5.858029      0.000000      2.420336      0.000000
 2520.0      5.857970      0.000000      2.420324      0.000000
 2525.0      5.857905      0.000000      2.420311      0.000000
 2530.0      5.857833      0.000000      2.420296      0.000000
 2535.0      5.857755      0.000000      2.420280      0.000000
 2540.0      5.857671      0.000000      2.420262      0.000000
 2545.0      5.857582      0.000000      2.420244      0.000000
 2550.0      5.857489      0.000000      2.420225      0.000000
 2555.0      5.857391      0.000000      2.420205      0.000000
 2560.0      5.857290      0.000000      2.420184      0.000000
 2565.0      5.857185      0.000000      2.420162      0.000000
 2570.0      5.857078      0.000000      2.420140      0.000000
 2575.0      5.856969      0.000000      2.420117      0.000000
 2580.0      5.856857      0.000000      2.420094      0.000000
 2585.0      5.856743      0.000000      2.420071      0.000000
 2590.0      5.856629      0.000000      2.420047      0.000000
 2595.0      5.856514      0.000000      2.420024      0.000000
 2600.0      5.856400      0.000000      2.420000      0.000000
 2605.0      5.856286      0.000000      2.419976      0.000000
 2610.0      5.856172      0.000000      2.419953      0.000000
 2615.0      5.856060      0.000000      2.419930      0.000000
 2620.0      5.855949      0.000000      2.419907      0.000000
 2625.0      5.855840      0.000000      2.419884      0.000000
 2630.0      5.855734      0.000000      2.419862      0.000000
 2635.0      5.855630      0.000000      2.419841      0.000000
 2640.0      5.855530      0.000000      2.419820      0.000000
 2645.0      5.855434      0.000000      2.419800      0.000000
 2650.0      5.855341      0.000000      2.419781      0.000000
 2655.0      5.855253      0.000000      2.419763      0.000000
 2660.0      5.855169      0.000000      2.419746      0.000000
 2665.0      5.855091      0.000000      2.419729      0.000000
 2670.0      5.855018      0.000000      2.419714      0.000000
 2675.0      5.854951      0.000000      2.419700      0.000000
 2680.0      5.854891      0.000000      2.419688      0.000000
 2685.0      5.854837      0.000000      2.419677      0.000000
 2690.0      5.854791      0.000000      2.419667      0.000000
 2695.0      5.854753      0.000000      2.419659      0.000000
 2700.0      5.854722      0.000000      2.419653      0.000000
 2705.0      5.854700      0.000000      2.419648      0.000000
 2710.0      5.854686      0.000000      2.419645      0.000000
 2715.0      5.854682      0.000000      2.419644      0.000000
 2720.0      5.854687      0.000000      2.419646      0.000000
 2725.0      5.854702      0.000000      2.419649      0.000000
 2730.0      5.854727      0.000000      2.419654      0.000000
 2735.0      5.854763      0.000000      2.419661      0.000000
 2740.0      5.854811      0.000000      2.419671      0.000000
 2745.0      5.854871      0.000000      2.419683      0.000000
 2750.0      5.854942      0.000000      2.419698      0.000000
 2755.0      5.855025      0.000000      2.419715      0.000000
 2760.0      5.855121      0.000000      2.419735      0.000000
 2765.0      5.855231      0.000000      2.419758      0.000000
 2770.0      5.855354      0.000000      2.419784      0.000000
 2775.0      5.855491      0.000000      2.419812      0.000000
 2780.0      5.855642      0.000000      2.419843      0.000000
 2785.0      5.855808      0.000000      2.419877      0.000000
 2790.0      5.855990      0.000000      2.419915      0.000000
 2795.0      5.856187      0.000000      2.419956      0.000000
 2800.0      5.856400      0.000000      2.420000      0.000000
 2805.0      5.856629      0.000000      2.420047      0.000000
 2810.0      5.856872      0.000000      2.420098      0.000000
 2815.0      5.857127      0.000000      2.420151      0.000000
 2820.0      5.857393      0.000000      2.420206      0.000000
 2825.0      5.857667      0.000000      2.420262      0.000000
 2830.0      5.857947      0.000000      2.420320      0.000000
 2835.0      5.858231      0.000000      2.420379      0.000000
 2840.0      5.858517      0.000000      2.420438      0.000000
 2845.0      5.858803      0.000000      2.420497      0.000000
 2850.0      5.859087      0.000000      2.420556      0.000000
 2855.0      5.859367      0.000000      2.420614      0.000000
 2860.0      5.859640      0.000000      2.420671      0.000000
 2865.0      5.859905      0.000000      2.420726      0.000000
 2870.0      5.860160      0.000000      2.420778      0.000000
 2875.0      5.860402      0.000000      2.420829      0.000000
 2880.0      5.860630      0.000000      2.420876      0.000000
 2885.0      5.860841      0.000000      2.420919      0.000000
 2890.0      5.861033      0.000000      2.420959      0.000000
 2895.0      5.861205      0.000000      2.420995      0.000000
 2900.0      5.861354      0.000000      2.421026      0.000000
 2905.0      5.861479      0.000000      2.421052      0.000000
 2910.0      5.861577      0.000000      2.421072      0.000000
 2915.0      5.861646      0.000000      2.421086      0.000000
 2920.0      5.861683      0.000000      2.421094      0.000000
 2925.0      5.861688      0.000000      2.421095      0.000000
 2930.0      5.861658      0.000000      2.421088      0.000000
 2935.0      5.861591      0.000000      2.421074      0.000000
 2940.0      5.861484      0.000000      2.421052      0.000000
 2945.0      5.861336      0.000000      2.421021      0.000000
 2950.0      5.861145      0.000000      2.420982      0.000000
 2955.0      5.860908      0.000000      2.420933      0.000000
 2960.0      5.860624      0.000000      2.420875      0.000000
 2965.0      5.860291      0.000000      2.420806      0.000000
 2970.0      5.859906      0.000000      2.420726      0.000000
 2975.0      5.859468      0.000000      2.420635      0.000000
 2980.0      5.858974      0.000000      2.420533      0.000000
 2985.0      5.858422      0.000000      2.420419      0.000000
 2990.0      5.857810      0.000000      2.420292      0.000000
 2995.0      5.857137      0.000000      2.420153      0.000000
 3000.0      5.856400      0.000000      2.420000      0.000000
 3050.0      5.845958      0.000000      2.417838      0.000000
 3100.0      5.832223      0.000000      2.414994      0.000000
 3150.0      5.818503      0.000000      2.412154      0.000000
 3200.0      5.808100      0.000000      2.410000      0.000000
 3250.0      5.803416      0.000000      2.409031      0.000000
 3300.0      5.803254      0.000000      2.408997      0.000000
 3350.0      5.805515      0.000000      2.409465      0.000000
 3400.0      5.808100      0.000000      2.410000      0.000000
 3450.0      5.809355      0.000000      2.410260      0.000000
 3500.0      5.809398      0.000000      2.410269      0.000000
 3550.0      5.808792      0.000000      2.410144      0.000000
 3600.0      5.808100      0.000000      2.410000      0.000000
 3650.0      5.807764      0.000000      2.409930      0.000000
 3700.0      5.807752      0.000000      2.409928      0.000000
 3750.0      5.807914      0.000000      2.409962      0.000000
 3800.0      5.808100      0.000000      2.410000      0.000000
 3850.0      5.808190      0.000000      2.410018      0.000000
 3900.0      5.808193      0.000000      2.410019      0.000000
 3950.0      5.808149      0.000000      2.410010      0.000000
 4000.0      5.808100      0.000000      2.410000      0.000000
 4050.0      5.808077      0.000000      2.409995      0.000000
 4100.0      5.808077      0.000000      2.409995      0.000000
 4150.0      5.808089      0.000000      2.409997      0.000000
 4200.0      5.808100      0.000000      2.410000      0.000000
 4250.0      5.808103      0.000000      2.410001      0.000000
 4300.0      5.808100      0.000000      2.410000      0.000000
 4350.0      5.808097      0.000000      2.409999      0.000000
 4400.0      5.808100      0.000000      2.410000      0.000000
 4450.0      5.808112      0.000000      2.410003      0.000000
 4500.0      5.808123      0.000000      2.410005      0.000000
 4550.0      5.808123      0.000000      2.410005      0.000000
 4600.0      5.808100      0.000000      2.410000      0.000000
 4650.0      5.808051      0.000000      2.409990      0.000000
 4700.0      5.808008      0.000000      2.409981      0.000000
 4750.0      5.808011      0.000000      2.409982      0.000000
 4800.0      5.808100      0.000000      2.410000      0.000000
 4850.0      5.808285      0.000000      2.410038      0.000000
 4900.0      5.808447      0.000000      2.410072      0.000000
 4950.0      5.808435      0.000000      2.410070      0.000000
 5000.0      5.808100      0.000000      2.410000      0.000000
 5050.0      5.807409      0.000000      2.409857      0.000000
 5100.0      5.806805      0.000000      2.409731      0.000000
 5150.0      5.806848      0.000000      2.409740      0.000000
 5200.0      5.808100      0.000000      2.410000      0.000000
 5250.0      5.810678      0.000000      2.410536      0.000000
 5300.0      5.812933      0.000000      2.411005      0.000000
 5350.0      5.812771      0.000000      2.410971      0.000000
 5400.0      5.808100      0.000000      2.410000      0.000000
 5450.0      5.797726      0.000000      2.407843      0.000000
 5500.0      5.784050      0.000000      2.405000      0.000000
 5550.0      5.770374      0.000000      2.402157      0.000000
 5600.0      5.760000      0.000000      2.400000      0.000000
 5650.0      5.755329      0.000000      2.399029      0.000000
 5700.0      5.755167      0.000000      2.398995      0.000000
 5750.0      5.757422      0.000000      2.399464      0.000000
 5800.0      5.760000      0.000000      2.400000      0.000000
 5850.0      5.761252      0.000000      2.400260      0.000000
 5900.0      5.761295      0.000000      2.400269      0.000000
 5950.0      5.760691      0.000000      2.400143      0.000000
 6000.0      5.760000      0.000000      2.400000      0.000000
 6050.0      5.759665      0.000000      2.399930      0.000000
 6100.0      5.759653      0.000000      2.399928      0.000000
 6150.0      5.759815      0.000000      2.399962      0.000000
 6200.0      5.760000      0.000000      2.400000      0.000000
 6250.0      5.760089      0.000000      2.400018      0.000000
 6300.0      5.760092      0.000000      2.400019      0.000000
 6350.0      5.760049      0.000000      2.400010      0.000000
 6400.0      5.760000      0.000000      2.400000      0.000000
 6450.0      5.759978      0.000000      2.399995      0.000000
 6500.0      5.759978      0.000000      2.399995      0.000000
 6550.0      5.759989      0.000000      2.399997      0.000000
 6600.0      5.760000      0.000000      2.400000      0.000000
 6650.0      5.760002      0.000002      2.400001      0.000000
 6700.0      5.759999      0.000003      2.400000      0.000000
 6750.0      5.759999      0.000003      2.400000      0.000000
 6800.0      5.760001      0.000003      2.400000      0.000001
 6850.0      5.760002      0.000003      2.400000      0.000001
 6900.0      5.760000      0.000003      2.400000      0.000001
 6950.0      5.759993      0.000003      2.399998      0.000001
 7000.0      5.759997      0.000003      2.399999      0.000001
 7050.0      5.760018      0.000003      2.400003      0.000001
 7100.0      5.760020      0.000004      2.400004      0.000001
 7150.0      5.759976      0.000004      2.399995      0.000001
 7200.0      5.759933      0.000004      2.399986      0.000001
 7250.0      5.759957      0.000004      2.399991      0.000001
 7300.0      5.760120      0.000004      2.400025      0.000001
 7350.0      5.760363      0.000005      2.400076      0.000001
 7400.0      5.760086      0.000006      2.400018      0.000001
 7450.0      5.759023      0.000007      2.399796      0.000001
 7500.0      5.758791      0.000007      2.399748      0.000001
 7550.0      5.760768      0.000007      2.400160      0.000001
 7600.0      5.763503      0.000007      2.400731      0.000001
 7650.0      5.764297      0.000007      2.400897      0.000001
 7700.0      5.758290      0.000007      2.399643      0.000001
 7750.0      5.742595      0.000007      2.396367      0.000001
 7800.0      5.724371      0.000006      2.392562      0.000001
 7850.0      5.711733      0.000006      2.389923      0.000001
 7900.0      5.706578      0.000006      2.388847      0.000001
 7950.0      5.708249      0.000006      2.389196      0.000001
 8000.0      5.712100      0.000006      2.390000      0.000001
 8050.0      5.713681      0.000006      2.390330      0.000002
 8100.0      5.713328      0.000007      2.390256      0.000002
 8150.0      5.712416      0.000008      2.390066      0.000002
 8200.0      5.711691      0.000010      2.389915      0.000002
 8250.0      5.711582      0.000012      2.389892      0.000003
 8300.0      5.711868      0.000014      2.389952      0.000003
 8350.0      5.712210      0.000016      2.390024      0.000003
 8400.0      5.712461      0.000018      2.390076      0.000003
 8450.0      5.712510      0.000021      2.390086      0.000004
 8500.0      5.712215      0.000025      2.390024      0.000005
 8550.0      5.711544      0.000031      2.389883      0.000006
 8600.0      5.710946      0.000037      2.389758      0.000007
 8650.0      5.710992      0.000044      2.389767      0.000008
 8700.0      5.712264      0.000050      2.390034      0.000010
 8750.0      5.714850      0.000055      2.390576      0.000011
 8800.0      5.716843      0.000061      2.390994      0.000013
 8850.0      5.715947      0.000068      2.390806      0.000015
 8900.0      5.710296      0.000079      2.389622      0.000017
 8950.0      5.699058      0.000093      2.387266      0.000020
 9000.0      5.685114      0.000110      2.384343      0.000023
 9050.0      5.672141      0.000126      2.381623      0.000026
 9100.0      5.663278      0.000140      2.379765      0.000029
 9150.0      5.660495      0.000150      2.379182      0.000031
 9200.0      5.661626      0.000158      2.379419      0.000033
 9250.0      5.663790      0.000166      2.379873      0.000035
 9300.0      5.665376      0.000175      2.380205      0.000037
 9350.0      5.665490      0.000188      2.380229      0.000040
 9400.0      5.664826      0.000203      2.380089      0.000043
 9450.0      5.664294      0.000220      2.379977      0.000046
 9500.0      5.664082      0.000240      2.379933      0.000050
 9550.0      5.664161      0.000265      2.379950      0.000055
 9600.0      5.664351      0.000295      2.379990      0.000062
 9650.0      5.664472      0.000332      2.380015      0.000070
 9700.0      5.664505      0.000375      2.380022      0.000079
 9750.0      5.664471      0.000421      2.380015      0.000088
 9800.0      5.664405      0.000467      2.380001      0.000098
 9850.0      5.664342      0.000510      2.379988      0.000107
 9900.0      5.664305      0.000550      2.379980      0.000116
 9950.0      5.664317      0.000586      2.379983      0.000123
10000.0      5.664400      0.000619      2.380000      0.000130
10050.0      5.664554      0.000648      2.380032      0.000136
10100.0      5.664683      0.000669      2.380059      0.000140
10150.0      5.664668      0.000677      2.380056      0.000142
10200.0      5.664400      0.000666      2.380000      0.000140
10250.0      5.663848      0.000635      2.379884      0.000133
10300.0      5.663293      0.000591      2.379767      0.000124
10350.0      5.663118      0.000543      2.379730      0.000114
10400.0      5.663822      0.000502      2.379878      0.000106
10450.0      5.665667      0.000477      2.380266      0.000101
10500.0      5.667869      0.000466      2.380730      0.000098
10550.0      5.669240      0.000462      2.381019      0.000097
10600.0      5.668022      0.000455      2.380763      0.000096
10650.0      5.662756      0.000437      2.379654      0.000092
10700.0      5.653741      0.000408      2.377756      0.000086
10750.0      5.642043      0.000371      2.375293      0.000078
10800.0      5.630030      0.000336      2.372764      0.000071
10850.0      5.620135      0.000313      2.370681      0.000066
10900.0      5.613750      0.000308      2.369337      0.000065
10950.0      5.611539      0.000323      2.368872      0.000068
11000.0      5.612309      0.000354      2.369034      0.000075
11050.0      5.614452      0.000393      2.369485      0.000083
11100.0      5.616573      0.000433      2.369931      0.000091
11150.0      5.617615      0.000470      2.370150      0.000099
11200.0      5.617653      0.000505      2.370158      0.000107
11250.0      5.617108      0.000538      2.370043      0.000114
11300.0      5.616648      0.000572      2.369946      0.000121
11350.0      5.616876      0.000609      2.369994      0.000129
11400.0      5.617898      0.000649      2.370211      0.000137
11450.0      5.619540      0.000694      2.370558      0.000146
11500.0      5.620994      0.000744      2.370866      0.000157
11550.0      5.621280      0.000800      2.370926      0.000169
11600.0      5.619359      0.000861      2.370520      0.000182
11650.0      5.614462      0.000928      2.369485      0.000196
11700.0      5.606951      0.001001      2.367897      0.000211
11750.0      5.597581      0.001077      2.365916      0.000227
11800.0      5.587559      0.001155      2.363797      0.000244
11850.0      5.578194      0.001232      2.361817      0.000261
11900.0      5.570765      0.001307      2.360246      0.000277
11950.0      5.566238      0.001379      2.359289      0.000292
12000.0      5.564345      0.001447      2.358889      0.000307
12050.0      5.564478      0.001513      2.358917      0.000321
12100.0      5.565900      0.001576      2.359218      0.000334
12150.0      5.567849      0.001638      2.359630      0.000347
12200.0      5.569600      0.001699      2.360000      0.000360
12250.0      5.570591      0.001762      2.360209      0.000373
12300.0      5.570888      0.001833      2.360272      0.000388
12350.0      5.570714      0.001921      2.360235      0.000407
12400.0      5.570289      0.002032      2.360145      0.000431
12450.0      5.569837      0.002175      2.360050      0.000461
12500.0      5.569600      0.002360      2.360000      0.000500
12550.0      5.569711      0.002589      2.360024      0.000548
12600.0      5.569838      0.002820      2.360051      0.000597
12650.0      5.569617      0.003017      2.360004      0.000639
12700.0      5.569015      0.003201      2.359876      0.000678
12750.0      5.568335      0.003440      2.359732      0.000729
12800.0      5.568884      0.003939      2.359848      0.000835
12850.0      5.571493      0.004868      2.360402      0.001031
12900.0      5.574090      0.006111      2.360954      0.001294
12950.0      5.573831      0.007472      2.360899      0.001582
13000.0      5.567679      0.008722      2.359593      0.001848
13050.0      5.554134      0.009688      2.356717      0.002056
13100.0      5.538034      0.010453      2.353299      0.002221
13150.0      5.525059      0.011148      2.350544      0.002371
13200.0      5.517931      0.011856      2.349031      0.002523
13250.0      5.517561      0.012636      2.348953      0.002689
13300.0      5.520588      0.013520      2.349596      0.002877
13350.0      5.523270      0.014517      2.350166      0.003088
13400.0      5.524598      0.015589      2.350448      0.003316
13450.0      5.524371      0.016674      2.350401      0.003547
13500.0      5.522869      0.017676      2.350082      0.003761
13550.0      5.520681      0.018533      2.349616      0.003944
13600.0      5.519145      0.019361      2.349288      0.004121
13650.0      5.519579      0.020326      2.349381      0.004326
13700.0      5.522479      0.021620      2.350000      0.004600
13750.0      5.525914      0.023355      2.350733      0.004967
13800.0      5.519081      0.025310      2.349277      0.005387
13850.0      5.495276      0.027201      2.344202      0.005802
13900.0      5.473059      0.028824      2.339466      0.006160
13950.0      5.470224      0.030150      2.338863      0.006445
14000.0      5.476246      0.031763      2.340148      0.006787
14050.0      5.477375      0.034104      2.340390      0.007286
14100.0      5.475273      0.036430      2.339943      0.007784
14150.0      5.474353      0.037950      2.339748      0.008109
14200.0      5.474621      0.038865      2.339806      0.008305
14250.0      5.475142      0.039596      2.339918      0.008461
14300.0      5.475617      0.040444      2.340020      0.008642
14350.0      5.475923      0.041607      2.340086      0.008890
14400.0      5.475999      0.042977      2.340103      0.009183
14450.0      5.475815      0.044375      2.340065      0.009482
14500.0      5.475403      0.045628      2.339978      0.009750
14550.0      5.474989      0.046540      2.339890      0.009945
14600.0      5.475500      0.046800      2.340000      0.010000
14650.0      5.477109      0.046213      2.340344      0.009873
14700.0      5.476275      0.045157      2.340164      0.009648
14750.0      5.469699      0.044047      2.338755      0.009416
14800.0      5.458771      0.042875      2.336414      0.009175
14850.0      5.446054      0.041527      2.333690      0.008897
14900.0      5.434112      0.039888      2.331132      0.008555
14950.0      5.425506      0.037845      2.329288      0.008123
