#Lambda        Dielectric Constant          Refractive Index
# [nm]        [Real]        [Imag]        [Real]        [Imag]
  300.0      0.577500      7.400000      2.000000      1.850000
  305.0      0.852997      7.395877      2.035818      1.813490
  310.0      1.139398      7.381350      2.072957      1.775731
  315.0      1.435564      7.356598      2.111269      1.736816
  320.0      1.740356      7.321800      2.150609      1.696841
  325.0      2.052633      7.277133      2.190829      1.655900
  330.0      2.371255      7.222775      2.231783      1.614086
  335.0      2.695083      7.158905      2.273324      1.571495
  340.0      3.022976      7.085700      2.315305      1.528220
  345.0      3.353795      7.003339      2.357579      1.484357
  350.0      3.686400      6.912000      2.400000      1.440000
  355.0      4.019651      6.811861      2.442421      1.395243
  360.0      4.352408      6.703100      2.484695      1.350180
  365.0      4.683531      6.585895      2.526676      1.304905
  370.0      5.011881      6.460425      2.568217      1.259514
  375.0      5.336317      6.326867      2.609171      1.214100
  380.0      5.655700      6.185400      2.649391      1.168759
  385.0      5.968890      6.036202      2.688731      1.123584
  390.0      6.274746      5.879450      2.727043      1.078669
  395.0      6.572129      5.715323      2.764182      1.034110
  400.0      6.859900      5.544000      2.800000      0.990000
  405.0      7.136963      5.365856      2.834357      0.946440
  410.0      7.402407      5.182058      2.867141      0.903551
  415.0      7.655363      4.993972      2.898245      0.861462
  420.0      7.894966      4.802964      2.927563      0.820302
  425.0      8.120348      4.610398      2.954988      0.780198
  430.0      8.330642      4.417641      2.980413      0.741278
  435.0      8.524981      4.226057      3.003734      0.703670
  440.0      8.702499      4.037012      3.024843      0.667502
  445.0      8.862327      3.851871      3.043634      0.632903
  450.0      9.003600      3.672000      3.060000      0.600000
  455.0      9.125857      3.498484      3.073889      0.568879
  460.0      9.230265      3.331292      3.085459      0.539456
  465.0      9.318399      3.170111      3.094923      0.511605
  470.0      9.391833      3.014630      3.102492      0.485198
  475.0      9.452142      2.864538      3.108379      0.460109
  480.0      9.500899      2.719523      3.112796      0.436211
  485.0      9.539679      2.579273      3.115954      0.413377
  490.0      9.570056      2.443477      3.118066      0.391482
  495.0      9.593605      2.311823      3.119344      0.370398
  500.0      9.611900      2.184000      3.120000      0.350000
  505.0      9.626237      2.059825      3.120207      0.330194
  510.0      9.636798      1.939639      3.119982      0.311024
  515.0      9.643489      1.823910      3.119303      0.292569
  520.0      9.646213      1.713107      3.118148      0.274908
  525.0      9.644875      1.607698      3.116495      0.258119
  530.0      9.639378      1.508154      3.114323      0.242280
  535.0      9.629628      1.414943      3.111610      0.227470
  540.0      9.615528      1.328535      3.108333      0.213768
  545.0      9.596984      1.249397      3.104470      0.201252
  550.0      9.573900      1.178000      3.100000      0.190000
  555.0      9.546211      1.114604      3.094904      0.180057
  560.0      9.513977      1.058641      3.089174      0.171329
  565.0      9.477290      1.009332      3.082806      0.163690
  570.0      9.436242      0.965900      3.075796      0.157012
  575.0      9.390924      0.927568      3.068139      0.151168
  580.0      9.341429      0.893559      3.059831      0.146030
  585.0      9.287847      0.863095      3.050867      0.141471
  590.0      9.230271      0.835399      3.041244      0.137365
  595.0      9.168791      0.809693      3.030956      0.133584
  600.0      9.103500      0.785200      3.020000      0.130000
  605.0      9.034628      0.761287      3.008398      0.126510
  610.0      8.962961      0.737896      2.996283      0.123100
  615.0      8.889423      0.715115      2.983814      0.119782
  620.0      8.814941      0.693030      2.971150      0.116566
  625.0      8.740439      0.671728      2.958450      0.113463
  630.0      8.666842      0.651295      2.945874      0.110482
  635.0      8.595074      0.631819      2.933582      0.107635
  640.0      8.526061      0.613387      2.921733      0.104932
  645.0      8.460728      0.596085      2.910486      0.102383
  650.0      8.400000      0.580000      2.900000      0.100000
  655.0      8.344554      0.565183      2.890393      0.097788
  660.0      8.294077      0.551545      2.881614      0.095734
  665.0      8.248011      0.538959      2.873569      0.093822
  670.0      8.205795      0.527301      2.866166      0.092036
  675.0      8.166870      0.516444      2.859311      0.090358
  680.0      8.130675      0.506263      2.852912      0.088771
  685.0      8.096652      0.496631      2.846874      0.087259
  690.0      8.064240      0.487424      2.841105      0.085804
  695.0      8.032880      0.478515      2.835511      0.084390
  700.0      8.002011      0.469780      2.830000      0.083000
  705.0      7.971145      0.461116      2.824489      0.081621
  710.0      7.940077      0.452514      2.818941      0.080251
  715.0      7.908670      0.443990      2.813328      0.078894
  720.0      7.876790      0.435560      2.807625      0.077553
  725.0      7.844301      0.427238      2.801804      0.076231
  730.0      7.811069      0.419041      2.795839      0.074930
  735.0      7.776957      0.410983      2.789702      0.073654
  740.0      7.741832      0.403080      2.783368      0.072405
  745.0      7.705558      0.395347      2.776810      0.071186
  750.0      7.668000      0.387800      2.770000      0.070000
  755.0      7.629117      0.380452      2.762930      0.068849
  760.0      7.589245      0.373308      2.755662      0.067734
  765.0      7.548816      0.366373      2.748276      0.066653
  770.0      7.508260      0.359651      2.740853      0.065606
  775.0      7.468008      0.353145      2.733472      0.064592
  780.0      7.428492      0.346860      2.726213      0.063611
  785.0      7.390142      0.340799      2.719156      0.062662
  790.0      7.353390      0.334966      2.712381      0.061744
  795.0      7.318666      0.329365      2.705969      0.060857
  800.0      7.286400      0.324000      2.700000      0.060000
  805.0      7.256904      0.318873      2.694531      0.059172
  810.0      7.230002      0.313976      2.689530      0.058374
  815.0      7.205400      0.309301      2.684945      0.057604
  820.0      7.182803      0.304837      2.680723      0.056863
  825.0      7.161915      0.300575      2.676809      0.056150
  830.0      7.142442      0.296505      2.673151      0.055465
  835.0      7.124088      0.292618      2.669694      0.054808
  840.0      7.106559      0.288904      2.666386      0.054178
  845.0      7.089558      0.285355      2.663172      0.053576
  850.0      7.072791      0.281960      2.660000      0.053000
  855.0      7.056025      0.278708      2.656827      0.052450
  860.0      7.039271      0.275580      2.653656      0.051923
  865.0      7.022604      0.272555      2.650500      0.051414
  870.0      7.006098      0.269611      2.647374      0.050919
  875.0      6.989828      0.266728      2.644291      0.050433
  880.0      6.973867      0.263884      2.641264      0.049953
  885.0      6.958289      0.261058      2.638308      0.049474
  890.0      6.943168      0.258230      2.635436      0.048992
  895.0      6.928579      0.255378      2.632662      0.048502
  900.0      6.914596      0.252480      2.630000      0.048000
  905.0      6.901279      0.249524      2.627461      0.047484
  910.0      6.888630      0.246530      2.625045      0.046957
  915.0      6.876640      0.243524      2.622752      0.046425
  920.0      6.865297      0.240534      2.620580      0.045893
  925.0      6.854592      0.237587      2.618527      0.045366
  930.0      6.844514      0.234711      2.616592      0.044850
  935.0      6.835051      0.231933      2.614774      0.044350
  940.0      6.826193      0.229280      2.613070      0.043871
  945.0      6.817930      0.226780      2.611479      0.043419
  950.0      6.810251      0.224460      2.610000      0.043000
  955.0      6.803140      0.222338      2.608630      0.042616
  960.0      6.796563      0.220396      2.607363      0.042265
  965.0      6.790480      0.218605      2.606191      0.041940
  970.0      6.784851      0.216939      2.605106      0.041638
  975.0      6.779637      0.215370      2.604100      0.041353
  980.0      6.774798      0.213869      2.603167      0.041080
  985.0      6.770295      0.212409      2.602298      0.040813
  990.0      6.766087      0.210963      2.601486      0.040547
  995.0      6.762135      0.209503      2.600722      0.040278
 1000.0      6.758400      0.208000      2.600000      0.040000
 1005.0      6.754847      0.206433      2.599313      0.039709
 1010.0      6.751460      0.204802      2.598657      0.039405
 1015.0      6.748229      0.203113      2.598031      0.039089
 1020.0      6.745144      0.201371      2.597432      0.038763
 1025.0      6.742193      0.199582      2.596860      0.038427
 1030.0      6.739367      0.197751      2.596311      0.038082
 1035.0      6.736655      0.195885      2.595784      0.037730
 1040.0      6.734047      0.193988      2.595276      0.037372
 1045.0      6.731532      0.192067      2.594786      0.037009
 1050.0      6.729099      0.190127      2.594312      0.036642
 1055.0      6.726739      0.188174      2.593852      0.036272
 1060.0      6.724440      0.186214      2.593403      0.035900
 1065.0      6.722192      0.184252      2.592965      0.035528
 1070.0      6.719985      0.182293      2.592534      0.035156
 1075.0      6.717809      0.180344      2.592109      0.034786
 1080.0      6.715652      0.178410      2.591687      0.034419
 1085.0      6.713504      0.176497      2.591268      0.034056
 1090.0      6.711355      0.174611      2.590848      0.033697
 1095.0      6.709194      0.172757      2.590426      0.033345
 1100.0      6.707011      0.170940      2.590000      0.033000
 1105.0      6.704797      0.169165      2.589568      0.032663
 1110.0      6.702550      0.167431      2.589130      0.032334
 1115.0      6.700269      0.165733      2.588685      0.032012
 1120.0      6.697953      0.164069      2.588234      0.031696
 1125.0      6.695602      0.162435      2.587776      0.031386
 1130.0      6.693215      0.160829      2.587311      0.031081
 1135.0      6.690792      0.159246      2.586839      0.030781
 1140.0      6.688331      0.157683      2.586360      0.030485
 1145.0      6.685832      0.156137      2.585873      0.030192
 1150.0      6.683295      0.154605      2.585379      0.029901
 1155.0      6.680719      0.153084      2.584878      0.029613
 1160.0      6.678104      0.151570      2.584369      0.029326
 1165.0      6.675448      0.150060      2.583852      0.029040
 1170.0      6.672751      0.148550      2.583327      0.028753
 1175.0      6.670012      0.147037      2.582794      0.028466
 1180.0      6.667231      0.145519      2.582252      0.028178
 1185.0      6.664407      0.143991      2.581702      0.027888
 1190.0      6.661539      0.142451      2.581143      0.027595
 1195.0      6.658627      0.140895      2.580576      0.027299
 1200.0      6.655671      0.139320      2.580000      0.027000
 1205.0      6.652671      0.137723      2.579415      0.026696
 1210.0      6.649639      0.136108      2.578824      0.026389
 1215.0      6.646587      0.134477      2.578229      0.026079
 1220.0      6.643529      0.132835      2.577633      0.025766
 1225.0      6.640478      0.131185      2.577038      0.025452
 1230.0      6.637448      0.129530      2.576446      0.025136
 1235.0      6.634450      0.127875      2.575861      0.024820
 1240.0      6.631499      0.126223      2.575285      0.024504
 1245.0      6.628607      0.124577      2.574721      0.024190
 1250.0      6.625787      0.122941      2.574170      0.023877
 1255.0      6.623053      0.121319      2.573636      0.023567
 1260.0      6.620417      0.119715      2.573121      0.023260
 1265.0      6.617894      0.118132      2.572628      0.022957
 1270.0      6.615495      0.116573      2.572159      0.022659
 1275.0      6.613234      0.115042      2.571717      0.022366
 1280.0      6.611124      0.113543      2.571305      0.022078
 1285.0      6.609179      0.112080      2.570924      0.021797
 1290.0      6.607411      0.110656      2.570578      0.021523
 1295.0      6.605833      0.109275      2.570269      0.021257
 1300.0      6.604459      0.107940      2.570000      0.021000
 1305.0      6.603297      0.106654      2.569772      0.020752
 1310.0      6.602338      0.105415      2.569584      0.020513
 1315.0      6.601569      0.104219      2.569432      0.020282
 1320.0      6.600977      0.103063      2.569315      0.020058
 1325.0      6.600548      0.101945      2.569230      0.019841
 1330.0      6.600269      0.100860      2.569174      0.019630
 1335.0      6.600126      0.099805      2.569145      0.019425
 1340.0      6.600107      0.098778      2.569140      0.019226
 1345.0      6.600197      0.097775      2.569156      0.019031
 1350.0      6.600384      0.096792      2.569191      0.018839
 1355.0      6.600654      0.095826      2.569242      0.018651
 1360.0      6.600993      0.094875      2.569306      0.018465
 1365.0      6.601389      0.093935      2.569382      0.018281
 1370.0      6.601827      0.093002      2.569466      0.018099
 1375.0      6.602295      0.092073      2.569556      0.017917
 1380.0      6.602779      0.091145      2.569649      0.017736
 1385.0      6.603266      0.090215      2.569743      0.017554
 1390.0      6.603743      0.089280      2.569834      0.017371
 1395.0      6.604196      0.088336      2.569921      0.017187
 1400.0      6.604611      0.087380      2.570000      0.017000
 1405.0      6.604978      0.086410      2.570070      0.016810
 1410.0      6.605297      0.085425      2.570131      0.016618
 1415.0      6.605569      0.084428      2.570182      0.016423
 1420.0      6.605795      0.083419      2.570225      0.016227
 1425.0      6.605978      0.082400      2.570259      0.016029
 1430.0      6.606120      0.081373      2.570286      0.015829
 1435.0      6.606222      0.080339      2.570305      0.015628
 1440.0      6.606285      0.079298      2.570316      0.015425
 1445.0      6.606312      0.078252      2.570320      0.015222
 1450.0      6.606305      0.077203      2.570317      0.015018
 1455.0      6.606265      0.076152      2.570308      0.014814
 1460.0      6.606194      0.075101      2.570294      0.014609
 1465.0      6.606094      0.074050      2.570273      0.014405
 1470.0      6.605967      0.073001      2.570247      0.014201
 1475.0      6.605814      0.071955      2.570216      0.013998
 1480.0      6.605638      0.070914      2.570181      0.013795
 1485.0      6.605440      0.069878      2.570142      0.013594
 1490.0      6.605221      0.068850      2.570098      0.013394
 1495.0      6.604984      0.067830      2.570051      0.013196
 1500.0      6.604731      0.066820      2.570000      0.013000
 1505.0      6.604463      0.065821      2.569947      0.012806
 1510.0      6.604180      0.064833      2.569891      0.012614
 1515.0      6.603883      0.063856      2.569832      0.012424
 1520.0      6.603572      0.062890      2.569770      0.012237
 1525.0      6.603248      0.061935      2.569706      0.012052
 1530.0      6.602910      0.060990      2.569639      0.011868
 1535.0      6.602559      0.060057      2.569570      0.011687
 1540.0      6.602195      0.059134      2.569499      0.011507
 1545.0      6.601819      0.058222      2.569425      0.011329
 1550.0      6.601431      0.057320      2.569348      0.011154
 1555.0      6.601031      0.056428      2.569269      0.010981
 1560.0      6.600620      0.055547      2.569188      0.010810
 1565.0      6.600197      0.054676      2.569105      0.010641
 1570.0      6.599764      0.053816      2.569020      0.010474
 1575.0      6.599320      0.052966      2.568932      0.010309
 1580.0      6.598865      0.052125      2.568843      0.010145
 1585.0      6.598400      0.051294      2.568752      0.009983
 1590.0      6.597925      0.050474      2.568659      0.009824
 1595.0      6.597441      0.049664      2.568564      0.009666
 1600.0      6.596948      0.048863      2.568467      0.009511
 1605.0      6.596446      0.048072      2.568368      0.009358
 1610.0      6.595935      0.047291      2.568268      0.009206
 1615.0      6.595416      0.046519      2.568166      0.009056
 1620.0      6.594889      0.045757      2.568063      0.008908
 1625.0      6.594354      0.045004      2.567958      0.008762
 1630.0      6.593812      0.044261      2.567852      0.008617
 1635.0      6.593262      0.043527      2.567745      0.008474
 1640.0      6.592706      0.042802      2.567636      0.008333
 1645.0      6.592143      0.042086      2.567526      0.008194
 1650.0      6.591574      0.041379      2.567414      0.008057
 1655.0      6.590999      0.040681      2.567302      0.007922
 1660.0      6.590418      0.039993      2.567188      0.007788
 1665.0      6.589832      0.039313      2.567073      0.007656
 1670.0      6.589241      0.038642      2.566957      0.007525
 1675.0      6.588645      0.037980      2.566840      0.007396
 1680.0      6.588044      0.037326      2.566723      0.007269
 1685.0      6.587439      0.036681      2.566605      0.007144
 1690.0      6.586830      0.036045      2.566486      0.007020
 1695.0      6.586218      0.035417      2.566366      0.006898
 1700.0      6.585602      0.034797      2.566245      0.006778
 1705.0      6.584983      0.034185      2.566124      0.006659
 1710.0      6.584361      0.033582      2.566003      0.006541
 1715.0      6.583737      0.032987      2.565881      0.006426
 1720.0      6.583111      0.032400      2.565759      0.006312
 1725.0      6.582483      0.031821      2.565636      0.006199
 1730.0      6.581853      0.031250      2.565513      0.006088
 1735.0      6.581222      0.030687      2.565390      0.005979
 1740.0      6.580590      0.030132      2.565266      0.005871
 1745.0      6.579957      0.029585      2.565143      0.005764
 1750.0      6.579324      0.029045      2.565019      0.005659
 1755.0      6.578691      0.028512      2.564895      0.005556
 1760.0      6.578058      0.027987      2.564771      0.005454
 1765.0      6.577425      0.027470      2.564647      0.005353
 1770.0      6.576793      0.026960      2.564524      0.005254
 1775.0      6.576162      0.026457      2.564401      0.005156
 1780.0      6.575533      0.025962      2.564278      0.005060
 1785.0      6.574905      0.025474      2.564155      0.004965
 1790.0      6.574279      0.024993      2.564033      0.004871
 1795.0      6.573655      0.024519      2.563911      0.004779
 1800.0      6.573034      0.024051      2.563790      0.004688
 1805.0      6.572416      0.023591      2.563670      0.004598
 1810.0      6.571800      0.023137      2.563550      0.004510
 1815.0      6.571188      0.022690      2.563430      0.004423
 1820.0      6.570579      0.022250      2.563311      0.004338
 1825.0      6.569975      0.021817      2.563193      0.004253
 1830.0      6.569375      0.021390      2.563076      0.004170
 1835.0      6.568780      0.020969      2.562960      0.004088
 1840.0      6.568189      0.020555      2.562845      0.004008
 1845.0      6.567603      0.020147      2.562731      0.003928
 1850.0      6.567023      0.019745      2.562618      0.003850
 1855.0      6.566448      0.019349      2.562506      0.003773
 1860.0      6.565880      0.018960      2.562395      0.003698
 1865.0      6.565318      0.018577      2.562285      0.003624
 1870.0      6.564763      0.018199      2.562177      0.003550
 1875.0      6.564215      0.017828      2.562070      0.003477
 1880.0      6.563673      0.017462      2.561964      0.003406
 1885.0      6.563138      0.017102      2.561860      0.003336
 1890.0      6.562612      0.016748      2.561757      0.003267
 1895.0      6.562094      0.016399      2.561656      0.003199
 1900.0      6.561585      0.016056      2.561557      0.003132
 1905.0      6.561084      0.015718      2.561459      0.003066
 1910.0      6.560591      0.015385      2.561363      0.003002
 1915.0      6.560108      0.015058      2.561269      0.002939
 1920.0      6.559635      0.014736      2.561177      0.002876
 1925.0      6.559171      0.014419      2.561087      0.002814
 1930.0      6.558718      0.014108      2.560998      0.002753
 1935.0      6.558275      0.013802      2.560911      0.002693
 1940.0      6.557843      0.013500      2.560827      0.002635
 1945.0      6.557421      0.013203      2.560745      0.002577
 1950.0      6.557011      0.012911      2.560665      0.002520
 1955.0      6.556612      0.012624      2.560587      0.002464
 1960.0      6.556226      0.012341      2.560512      0.002409
 1965.0      6.555852      0.012063      2.560439      0.002355
 1970.0      6.555490      0.011790      2.560369      0.002302
 1975.0      6.555141      0.011521      2.560301      0.002250
 1980.0      6.554805      0.011256      2.560235      0.002198
 1985.0      6.554482      0.010996      2.560172      0.002147
 1990.0      6.554172      0.010740      2.560112      0.002097
 1995.0      6.553877      0.010488      2.560055      0.002048
 2000.0      6.553596      0.010240      2.560000      0.002000
 2005.0      6.553329      0.009996      2.559948      0.001953
 2010.0      6.553077      0.009756      2.559899      0.001906
 2015.0      6.552839      0.009521      2.559853      0.001860
 2020.0      6.552614      0.009289      2.559809      0.001815
 2025.0      6.552402      0.009061      2.559768      0.001771
 2030.0      6.552204      0.008836      2.559729      0.001727
 2035.0      6.552019      0.008615      2.559693      0.001684
 2040.0      6.551846      0.008399      2.559659      0.001641
 2045.0      6.551686      0.008187      2.559628      0.001600
 2050.0      6.551537      0.007978      2.559599      0.001559
 2055.0      6.551400      0.007772      2.559572      0.001519
 2060.0      6.551275      0.007570      2.559548      0.001480
 2065.0      6.551162      0.007372      2.559526      0.001441
 2070.0      6.551059      0.007177      2.559506      0.001403
 2075.0      6.550967      0.006986      2.559488      0.001366
 2080.0      6.550885      0.006799      2.559472      0.001329
 2085.0      6.550813      0.006615      2.559459      0.001293
 2090.0      6.550752      0.006434      2.559447      0.001258
 2095.0      6.550700      0.006257      2.559437      0.001224
 2100.0      6.550658      0.006083      2.559428      0.001190
 2105.0      6.550625      0.005912      2.559421      0.001157
 2110.0      6.550600      0.005745      2.559417      0.001124
 2115.0      6.550584      0.005581      2.559414      0.001092
 2120.0      6.550576      0.005420      2.559413      0.001060
 2125.0      6.550576      0.005262      2.559413      0.001030
 2130.0      6.550584      0.005108      2.559414      0.001000
 2135.0      6.550599      0.004956      2.559417      0.000970
 2140.0      6.550622      0.004808      2.559422      0.000941
 2145.0      6.550651      0.004663      2.559428      0.000913
 2150.0      6.550687      0.004521      2.559435      0.000885
 2155.0      6.550729      0.004382      2.559443      0.000858
 2160.0      6.550778      0.004246      2.559453      0.000831
 2165.0      6.550833      0.004113      2.559463      0.000805
 2170.0      6.550893      0.003982      2.559475      0.000780
 2175.0      6.550959      0.003854      2.559488      0.000755
 2180.0      6.551029      0.003729      2.559502      0.000730
 2185.0      6.551104      0.003607      2.559517      0.000706
 2190.0      6.551183      0.003488      2.559532      0.000683
 2195.0      6.551267      0.003372      2.559548      0.000660
 2200.0      6.551355      0.003258      2.559565      0.000638
 2205.0      6.551446      0.003147      2.559583      0.000616
 2210.0      6.551541      0.003038      2.559602      0.000595
 2215.0      6.551639      0.002932      2.559621      0.000574
 2220.0      6.551740      0.002828      2.559641      0.000554
 2225.0      6.551843      0.002727      2.559661      0.000534
 2230.0      6.551949      0.002628      2.559682      0.000515
 2235.0      6.552057      0.002532      2.559703      0.000496
 2240.0      6.552167      0.002438      2.559724      0.000478
 2245.0      6.552278      0.002347      2.559746      0.000460
 2250.0      6.552390      0.002258      2.559768      0.000443
 2255.0      6.552503      0.002171      2.559790      0.000426
 2260.0      6.552617      0.002087      2.559812      0.000409
 2265.0      6.552731      0.002004      2.559834      0.000393
 2270.0      6.552846      0.001924      2.559857      0.000378
 2275.0      6.552961      0.001846      2.559879      0.000363
 2280.0      6.553075      0.001770      2.559901      0.000348
 2285.0      6.553189      0.001697      2.559923      0.000333
 2290.0      6.553301      0.001625      2.559945      0.000319
 2295.0      6.553412      0.001555      2.559967      0.000305
 2300.0      6.553522      0.001487      2.559988      0.000292
 2305.0      6.553630      0.001421      2.560009      0.000279
 2310.0      6.553736      0.001357      2.560030      0.000267
 2315.0      6.553840      0.001295      2.560050      0.000255
 2320.0      6.553941      0.001235      2.560070      0.000243
 2325.0      6.554040      0.001177      2.560089      0.000231
 2330.0      6.554135      0.001120      2.560108      0.000220
 2335.0      6.554227      0.001065      2.560126      0.000209
 2340.0      6.554315      0.001012      2.560143      0.000199
 2345.0      6.554399      0.000961      2.560159      0.000189
 2350.0      6.554479      0.000911      2.560175      0.000179
 2355.0      6.554555      0.000863      2.560189      0.000169
 2360.0      6.554626      0.000816      2.560203      0.000160
 2365.0      6.554692      0.000771      2.560216      0.000151
 2370.0      6.554753      0.000727      2.560228      0.000143
 2375.0      6.554808      0.000685      2.560239      0.000135
 2380.0      6.554858      0.000644      2.560248      0.000127
 2385.0      6.554901      0.000604      2.560257      0.000119
 2390.0      6.554938      0.000566      2.560264      0.000111
 2395.0      6.554968      0.000529      2.560270      0.000104
 2400.0      6.554992      0.000494      2.560274      0.000097
 2405.0      6.555009      0.000459      2.560277      0.000090
 2410.0      6.555018      0.000426      2.560279      0.000084
 2415.0      6.555019      0.000394      2.560279      0.000078
 2420.0      6.555012      0.000364      2.560278      0.000072
 2425.0      6.554997      0.000335      2.560275      0.000066
 2430.0      6.554974      0.000306      2.560270      0.000060
 2435.0      6.554942      0.000278      2.560263      0.000055
 2440.0      6.554900      0.000252      2.560255      0.000050
 2445.0      6.554849      0.000227      2.560245      0.000045
 2450.0      6.554789      0.000202      2.560234      0.000040
 2455.0      6.554719      0.000178      2.560220      0.000035
 2460.0      6.554639      0.000155      2.560204      0.000031
 2465.0      6.554548      0.000133      2.560186      0.000026
 2470.0      6.554447      0.000112      2.560166      0.000022
 2475.0      6.554335      0.000091      2.560144      0.000018
 2480.0      6.554211      0.000072      2.560120      0.000014
 2485.0      6.554076      0.000054      2.560094      0.000011
 2490.0      6.553930      0.000035      2.560065      0.000007
 2495.0      6.553771      0.000015      2.560034      0.000003
 2500.0      6.553600      0.000000      2.560000      0.000000
 2505.0      6.553417      0.000000      2.559964      0.000000
 2510.0      6.553221      0.000000      2.559926      0.000000
 2515.0      6.553013      0.000001      2.559885      0.000000
 2520.0      6.552792      0.000000      2.559842      0.000000
 2525.0      6.552560      0.000000      2.559796      0.000000
 2530.0      6.552316      0.000000      2.559748      0.000000
 2535.0      6.552061      0.000000      2.559698      0.000000
 2540.0      6.551795      0.000000      2.559646      0.000000
 2545.0      6.551517      0.000000      2.559592      0.000000
 2550.0      6.551228      0.000000      2.559535      0.000000
 2555.0      6.550929      0.000000      2.559477      0.000000
 2560.0      6.550619      0.000000      2.559416      0.000000
 2565.0      6.550298      0.000000      2.559353      0.000000
 2570.0      6.549967      0.000000      2.559288      0.000000
 2575.0      6.549626      0.000000      2.559221      0.000000
 2580.0      6.549275      0.000000      2.559153      0.000000
 2585.0      6.548914      0.000000      2.559082      0.000000
 2590.0      6.548544      0.000000      2.559010      0.000000
 2595.0      6.548165      0.000000      2.558936      0.000000
 2600.0      6.547776      0.000000      2.558860      0.000000
 2605.0      6.547379      0.000000      2.558782      0.000000
 2610.0      6.546972      0.000000      2.558702      0.000000
 2615.0      6.546556      0.000000      2.558621      0.000000
 2620.0      6.546132      0.000000      2.558538      0.000000
 2625.0      6.545700      0.000000      2.558453      0.000000
 2630.0      6.545260      0.000000      2.558367      0.000000
 2635.0      6.544812      0.000000      2.558279      0.000000
 2640.0      6.544356      0.000000      2.558190      0.000000
 2645.0      6.543892      0.000000      2.558099      0.000000
 2650.0      6.543421      0.000000      2.558007      0.000000
 2655.0      6.542943      0.000000      2.557914      0.000000
 2660.0      6.542457      0.000000      2.557819      0.000000
 2665.0      6.541964      0.000000      2.557723      0.000000
 2670.0      6.541465      0.000000      2.557625      0.000000
 2675.0      6.540959      0.000000      2.557526      0.000000
 2680.0      6.540447      0.000000      2.557425      0.000000
 2685.0      6.539929      0.000000      2.557323      0.000000
 2690.0      6.539405      0.000000      2.557221      0.000000
 2695.0      6.538875      0.000000      2.557118      0.000000
 2700.0      6.538339      0.000000      2.557013      0.000000
 2705.0      6.537798      0.000000      2.556907      0.000000
 2710.0      6.537251      0.000000      2.556800      0.000000
 2715.0      6.536699      0.000000      2.556692      0.000000
 2720.0      6.536142      0.000000      2.556583      0.000000
 2725.0      6.535581      0.000000      2.556473      0.000000
 2730.0      6.535015      0.000000      2.556362      0.000000
 2735.0      6.534444      0.000000      2.556250      0.000000
 2740.0      6.533869      0.000000      2.556138      0.000000
 2745.0      6.533290      0.000000      2.556025      0.000000
 2750.0      6.532708      0.000000      2.555911      0.000000
 2755.0      6.532121      0.000000      2.555796      0.000000
 2760.0      6.531531      0.000000      2.555681      0.000000
 2765.0      6.530938      0.000000      2.555565      0.000000
 2770.0      6.530341      0.000000      2.555448      0.000000
 2775.0      6.529741      0.000000      2.555331      0.000000
 2780.0      6.529139      0.000000      2.555213      0.000000
 2785.0      6.528534      0.000000      2.555094      0.000000
 2790.0      6.527926      0.000000      2.554975      0.000000
 2795.0      6.527316      0.000000      2.554856      0.000000
 2800.0      6.526704      0.000000      2.554736      0.000000
 2805.0      6.526090      0.000000      2.554616      0.000000
 2810.0      6.525474      0.000000      2.554496      0.000000
 2815.0      6.524856      0.000000      2.554375      0.000000
 2820.0      6.524237      0.000000      2.554254      0.000000
 2825.0      6.523617      0.000000      2.554133      0.000000
 2830.0      6.522996      0.000000      2.554011      0.000000
 2835.0      6.522374      0.000000      2.553889      0.000000
 2840.0      6.521751      0.000000      2.553767      0.000000
 2845.0      6.521128      0.000000      2.553645      0.000000
 2850.0      6.520504      0.000000      2.553523      0.000000
 2855.0      6.519880      0.000000      2.553401      0.000000
 2860.0      6.519256      0.000000      2.553279      0.000000
 2865.0      6.518632      0.000000      2.553157      0.000000
 2870.0      6.518009      0.000000      2.553035      0.000000
 2875.0      6.517386      0.000000      2.552913      0.000000
 2880.0      6.516764      0.000000      2.552791      0.000000
 2885.0      6.516142      0.000000      2.552669      0.000000
 2890.0      6.515522      0.000000      2.552548      0.000000
 2895.0      6.514903      0.000000      2.552427      0.000000
 2900.0      6.514286      0.000000      2.552306      0.000000
 2905.0      6.513670      0.000000      2.552186      0.000000
 2910.0      6.513055      0.000000      2.552066      0.000000
 2915.0      6.512443      0.000000      2.551946      0.000000
 2920.0      6.511833      0.000000      2.551826      0.000000
 2925.0      6.511225      0.000000      2.551707      0.000000
 2930.0      6.510619      0.000000      2.551589      0.000000
 2935.0      6.510016      0.000000      2.551471      0.000000
 2940.0      6.509416      0.000000      2.551354      0.000000
 2945.0      6.508819      0.000000      2.551237      0.000000
 2950.0      6.508225      0.000000      2.551121      0.000000
 2955.0      6.507635      0.000000      2.551005      0.000000
 2960.0      6.507048      0.000000      2.550890      0.000000
 2965.0      6.506465      0.000000      2.550776      0.000000
 2970.0      6.505885      0.000000      2.550663      0.000000
 2975.0      6.505310      0.000000      2.550550      0.000000
 2980.0      6.504739      0.000000      2.550438      0.000000
 2985.0      6.504172      0.000000      2.550327      0.000000
 2990.0      6.503610      0.000000      2.550217      0.000000
 2995.0      6.503053      0.000000      2.550108      0.000000
 3000.0      6.502500      0.000000      2.550000      0.000000
 3050.0      6.497251      0.000049      2.548973      0.000000
 3100.0      6.492483      0.000098      2.548039      0.000000
 3150.0      6.488161      0.000062      2.547192      0.000000
 3200.0      6.484254      0.000000      2.546427      0.000000
 3250.0      6.480728      0.000000      2.545736      0.000000
 3300.0      6.477552      0.000000      2.545113      0.000000
 3350.0      6.474693      0.000004      2.544552      0.000000
 3400.0      6.472119      0.000000      2.544046      0.000000
 3450.0      6.469797      0.000000      2.543589      0.000000
 3500.0      6.467694      0.000000      2.543176      0.000000
 3550.0      6.465779      0.000000      2.542799      0.000000
 3600.0      6.464018      0.000000      2.542453      0.000000
 3650.0      6.462379      0.000000      2.542130      0.000000
 3700.0      6.460830      0.000000      2.541824      0.000000
 3750.0      6.459338      0.000000      2.541529      0.000000
 3800.0      6.457871      0.000000      2.541239      0.000000
 3850.0      6.456396      0.000000      2.540947      0.000000
 3900.0      6.454881      0.000000      2.540648      0.000000
 3950.0      6.453293      0.000000      2.540334      0.000000
 4000.0      6.451600      0.000000      2.540000      0.000000
 4050.0      6.449776      0.000000      2.539640      0.000000
 4100.0      6.447823      0.000000      2.539254      0.000000
 4150.0      6.445751      0.000000      2.538845      0.000000
 4200.0      6.443568      0.000000      2.538415      0.000000
 4250.0      6.441283      0.000000      2.537964      0.000000
 4300.0      6.438905      0.000000      2.537495      0.000000
 4350.0      6.436443      0.000000      2.537010      0.000000
 4400.0      6.433907      0.000000      2.536510      0.000000
 4450.0      6.431304      0.000000      2.535997      0.000000
 4500.0      6.428645      0.000000      2.535473      0.000000
 4550.0      6.425938      0.000000      2.534939      0.000000
 4600.0      6.423192      0.000000      2.534398      0.000000
 4650.0      6.420416      0.000000      2.533851      0.000000
 4700.0      6.417619      0.000000      2.533299      0.000000
 4750.0      6.414810      0.000000      2.532745      0.000000
 4800.0      6.411998      0.000000      2.532190      0.000000
 4850.0      6.409192      0.000000      2.531637      0.000000
 4900.0      6.406401      0.000000      2.531086      0.000000
 4950.0      6.403634      0.000000      2.530540      0.000000
 5000.0      6.400900      0.000000      2.530000      0.000000
 5050.0      6.398206      0.000000      2.529468      0.000000
 5100.0      6.395550      0.000000      2.528943      0.000000
 5150.0      6.392929      0.000000      2.528425      0.000000
 5200.0      6.390340      0.000000      2.527914      0.000000
 5250.0      6.387779      0.000000      2.527408      0.000000
 5300.0      6.385242      0.000000      2.526906      0.000000
 5350.0      6.382727      0.000000      2.526408      0.000000
 5400.0      6.380230      0.000000      2.525914      0.000000
 5450.0      6.377747      0.000000      2.525423      0.000000
 5500.0      6.375275      0.000000      2.524933      0.000000
 5550.0      6.372811      0.000000      2.524445      0.000000
 5600.0      6.370350      0.000000      2.523957      0.000000
 5650.0      6.367890      0.000000      2.523469      0.000000
 5700.0      6.365427      0.000000      2.522981      0.000000
 5750.0      6.362958      0.000000      2.522492      0.000000
 5800.0      6.360480      0.000000      2.522000      0.000000
 5850.0      6.357988      0.000000      2.521506      0.000000
 5900.0      6.355480      0.000000      2.521008      0.000000
 5950.0      6.352952      0.000000      2.520506      0.000000
 6000.0      6.350400      0.000000      2.520000      0.000000
 6050.0      6.347823      0.000000      2.519488      0.000000
 6100.0      6.345224      0.000000      2.518972      0.000000
 6150.0      6.342607      0.000000      2.518452      0.000000
 6200.0      6.339978      0.000000      2.517930      0.000000
 6250.0      6.337341      0.000000      2.517406      0.000000
 6300.0      6.334701      0.000000      2.516882      0.000000
 6350.0      6.332063      0.000000      2.516358      0.000000
 6400.0      6.329431      0.000000      2.515835      0.000000
 6450.0      6.326811      0.000000      2.515314      0.000000
 6500.0      6.324207      0.000000      2.514796      0.000000
 6550.0      6.321623      0.000000      2.514282      0.000000
 6600.0      6.319065      0.000000      2.513774      0.000000
 6650.0      6.316538      0.000000      2.513272      0.000000
 6700.0      6.314046      0.000000      2.512776      0.000000
 6750.0      6.311594      0.000000      2.512288      0.000000
 6800.0      6.309187      0.000000      2.511809      0.000000
 6850.0      6.306829      0.000000      2.511340      0.000000
 6900.0      6.304525      0.000000      2.510881      0.000000
 6950.0      6.302281      0.000000      2.510434      0.000000
 7000.0      6.300100      0.000000      2.510000      0.000000
 7050.0      6.297985      0.000000      2.509579      0.000000
 7100.0      6.295922      0.000000      2.509168      0.000000
 7150.0      6.293897      0.000000      2.508764      0.000000
 7200.0      6.291893      0.000000      2.508365      0.000000
 7250.0      6.289895      0.000000      2.507966      0.000000
 7300.0      6.287888      0.000000      2.507566      0.000000
 7350.0      6.285856      0.000000      2.507161      0.000000
 7400.0      6.283782      0.000000      2.506747      0.000000
 7450.0      6.281652      0.000000      2.506322      0.000000
 7500.0      6.279449      0.000000      2.505882      0.000000
 7550.0      6.277158      0.000000      2.505425      0.000000
 7600.0      6.274764      0.000000      2.504947      0.000000
 7650.0      6.272250      0.000000      2.504445      0.000000
 7700.0      6.269602      0.000000      2.503916      0.000000
 7750.0      6.266803      0.000000      2.503357      0.000000
 7800.0      6.263838      0.000000      2.502764      0.000000
 7850.0      6.260690      0.000000      2.502135      0.000000
 7900.0      6.257345      0.000000      2.501467      0.000000
 7950.0      6.253787      0.000000      2.500756      0.000000
 8000.0      6.250000      0.000000      2.500000      0.000000
 8050.0      6.245975      0.000000      2.499196      0.000000
 8100.0      6.241725      0.000000      2.498347      0.000000
 8150.0      6.237271      0.000000      2.497457      0.000000
 8200.0      6.232635      0.000000      2.496530      0.000000
 8250.0      6.227837      0.000000      2.495571      0.000000
 8300.0      6.222897      0.000000      2.494583      0.000000
 8350.0      6.217836      0.000000      2.493570      0.000000
 8400.0      6.212675      0.000000      2.492537      0.000000
 8450.0      6.207434      0.000000      2.491487      0.000000
 8500.0      6.202134      0.000000      2.490425      0.000000
 8550.0      6.196795      0.000000      2.489354      0.000000
 8600.0      6.191437      0.000000      2.488279      0.000000
 8650.0      6.186082      0.000000      2.487203      0.000000
 8700.0      6.180751      0.000000      2.486131      0.000000
 8750.0      6.175463      0.000000      2.485066      0.000000
 8800.0      6.170240      0.000000      2.484013      0.000000
 8850.0      6.165101      0.000000      2.482976      0.000000
 8900.0      6.160068      0.000000      2.481959      0.000000
 8950.0      6.155161      0.000000      2.480966      0.000000
 9000.0      6.150400      0.000000      2.480000      0.000000
 9050.0      6.145798      0.000000      2.479065      0.000000
 9100.0      6.141335      0.000000      2.478156      0.000000
 9150.0      6.136981      0.000000      2.477268      0.000000
 9200.0      6.132707      0.000000      2.476395      0.000000
 9250.0      6.128485      0.000000      2.475532      0.000000
 9300.0      6.124285      0.000000      2.474673      0.000000
 9350.0      6.120078      0.000000      2.473812      0.000000
 9400.0      6.115836      0.000000      2.472945      0.000000
 9450.0      6.111529      0.000000      2.472066      0.000000
 9500.0      6.107128      0.000000      2.471169      0.000000
 9550.0      6.102605      0.000000      2.470249      0.000000
 9600.0      6.097930      0.000000      2.469299      0.000000
 9650.0      6.093075      0.000000      2.468315      0.000000
 9700.0      6.088011      0.000000      2.467291      0.000000
 9750.0      6.082708      0.000000      2.466222      0.000000
 9800.0      6.077137      0.000000      2.465102      0.000000
 9850.0      6.071270      0.000000      2.463925      0.000000
 9900.0      6.065077      0.000000      2.462686      0.000000
 9950.0      6.058530      0.000000      2.461380      0.000000
10000.0      6.051600      0.000000      2.460000      0.000000
10050.0      6.044266      0.000000      2.458543      0.000000
10100.0      6.036542      0.000000      2.457011      0.000000
10150.0      6.028451      0.000000      2.455406      0.000000
10200.0      6.020014      0.000000      2.453732      0.000000
10250.0      6.011255      0.000000      2.451991      0.000000
10300.0      6.002195      0.000000      2.450187      0.000000
10350.0      5.992858      0.000000      2.448323      0.000000
10400.0      5.983265      0.000000      2.446402      0.000000
10450.0      5.973440      0.000000      2.444426      0.000000
10500.0      5.963404      0.000000      2.442399      0.000000
10550.0      5.953180      0.000000      2.440324      0.000000
10600.0      5.942790      0.000000      2.438205      0.000000
10650.0      5.932257      0.000000      2.436044      0.000000
10700.0      5.921603      0.000000      2.433844      0.000000
10750.0      5.910851      0.000000      2.431608      0.000000
10800.0      5.900023      0.000000      2.429340      0.000000
10850.0      5.889142      0.000000      2.427042      0.000000
10900.0      5.878229      0.000000      2.424717      0.000000
10950.0      5.867308      0.000000      2.422369      0.000000
11000.0      5.856400      0.000000      2.420000      0.000000
11050.0      5.845521      0.000000      2.417614      0.000000
11100.0      5.834657      0.000000      2.415211      0.000000
11150.0      5.823786      0.000000      2.412792      0.000000
11200.0      5.812886      0.000000      2.410358      0.000000
11250.0      5.801936      0.000000      2.407910      0.000000
11300.0      5.790914      0.000000      2.405449      0.000000
11350.0      5.779798      0.000000      2.402975      0.000000
11400.0      5.768566      0.000000      2.400489      0.000000
11450.0      5.757197      0.000000      2.397991      0.000000
11500.0      5.745670      0.000000      2.395483      0.000000
11550.0      5.733962      0.000000      2.392965      0.000000
11600.0      5.722052      0.000000      2.390439      0.000000
11650.0      5.709919      0.000000      2.387905      0.000000
11700.0      5.697540      0.000000      2.385363      0.000000
11750.0      5.684894      0.000000      2.382814      0.000000
11800.0      5.671959      0.000000      2.380260      0.000000
11850.0      5.658714      0.000000      2.377701      0.000000
11900.0      5.645137      0.000000      2.375137      0.000000
11950.0      5.631206      0.000000      2.372570      0.000000
12000.0      5.616900      0.000000      2.370000      0.000000
12050.0      5.602200      0.000000      2.367425      0.000000
12100.0      5.587101      0.000000      2.364826      0.000000
12150.0      5.571599      0.000000      2.362183      0.000000
12200.0      5.555693      0.000000      2.359474      0.000000
12250.0      5.539380      0.000000      2.356679      0.000000
12300.0      5.522657      0.000000      2.353777      0.000000
12350.0      5.505521      0.000000      2.350746      0.000000
12400.0      5.487971      0.000000      2.347564      0.000000
12450.0      5.470004      0.000000      2.344212      0.000000
12500.0      5.451617      0.000000      2.340667      0.000000
12550.0      5.432807      0.000000      2.336909      0.000000
12600.0      5.413573      0.000000      2.332917      0.000000
12650.0      5.393911      0.000000      2.328669      0.000000
12700.0      5.373820      0.000000      2.324144      0.000000
12750.0      5.353296      0.000000      2.319321      0.000000
12800.0      5.332337      0.000000      2.314180      0.000000
12850.0      5.310941      0.000000      2.308698      0.000000
12900.0      5.289104      0.000000      2.302855      0.000000
12950.0      5.266825      0.000000      2.296629      0.000000
13000.0      5.244100      0.000000      2.290000      0.000000
13050.0      5.220919      0.000000      2.282960      0.000000
13100.0      5.197234      0.000000      2.275556      0.000000
13150.0      5.172990      0.000000      2.267850      0.000000
13200.0      5.148130      0.000000      2.259904      0.000000
13250.0      5.122598      0.000066      2.251778      0.000000
13300.0      5.096338      0.000810      2.243533      0.000000
13350.0      5.069294      0.002800      2.235231      0.000000
13400.0      5.041410      0.005968      2.226934      0.000000
13450.0      5.012630      0.010166      2.218702      0.000000
13500.0      4.982899      0.015565      2.210597      0.000000
13550.0      4.952160      0.022394      2.202680      0.000000
13600.0      4.920356      0.030796      2.195013      0.000000
13650.0      4.887432      0.040901      2.187656      0.001490
13700.0      4.853333      0.052859      2.180670      0.004191
13750.0      4.818002      0.066826      2.174118      0.007917
13800.0      4.781382      0.082950      2.168061      0.012539
13850.0      4.743418      0.101379      2.162559      0.017979
13900.0      4.704053      0.122264      2.157674      0.024310
13950.0      4.663233      0.145755      2.153467      0.031630
14000.0      4.620900      0.172000      2.150000      0.040000
14050.0      4.576976      0.201019      2.147266      0.049422
14100.0      4.531290      0.232312      2.144989      0.059713
14150.0      4.483649      0.265248      2.142825      0.070645
14200.0      4.433860      0.299197      2.140430      0.081987
14250.0      4.381729      0.333527      2.137460      0.093505
14300.0      4.327062      0.367607      2.133570      0.104969
14350.0      4.269667      0.400808      2.128417      0.116147
14400.0      4.209349      0.432498      2.121658      0.126806
14450.0      4.145915      0.462047      2.112948      0.136716
14500.0      4.079173      0.488825      2.101943      0.145644
14550.0      4.008928      0.512200      2.088299      0.153360
14600.0      3.934988      0.531542      2.071672      0.159631
14650.0      3.857158      0.546220      2.051718      0.164226
14700.0      3.775245      0.555603      2.028094      0.166913
14750.0      3.689056      0.559061      2.000455      0.167461
14800.0      3.598398      0.555964      1.968457      0.165638
14850.0      3.503077      0.545680      1.931757      0.161212
14900.0      3.402898      0.527578      1.890010      0.153951
14950.0      3.297669      0.501027      1.842873      0.143623
