#Lambda        Dielectric Constant          Refractive Index
# [nm]        [Real]        [Imag]        [Real]        [Imag]
   60.0      1.081439      0.332197      1.051834      0.157816
   65.0      0.902378      0.401775      0.985314      0.209293
   70.0      0.815572      0.348376      0.922502      0.188845
   75.0      0.753980      0.309177      0.871408      0.176085
   80.0      0.650562      0.421352      0.840041      0.250629
   85.0      0.469375      0.753534      0.833304      0.451106
   90.0      0.298878      1.100177      0.843666      0.652211
   95.0      0.225897      1.260674      0.861654      0.732794
  100.0      0.206338      1.328340      0.882451      0.752271
  105.0      0.176816      1.432229      0.902209      0.792698
  110.0      0.127709      1.550424      0.916296      0.846138
  115.0      0.061633      1.638226      0.921254      0.889729
  120.0     -0.023602      1.710786      0.919088      0.930911
  125.0     -0.129822      1.792459      0.913174      0.981250
  130.0     -0.252598      1.884562      0.906890      1.038517
  135.0     -0.390767      1.985032      0.902618      1.099314
  140.0     -0.562477      2.101315      0.898737      1.169359
  145.0     -0.780849      2.240665      0.893968      1.253588
  150.0     -1.019591      2.400049      0.892406      1.344698
  155.0     -1.248164      2.577203      0.899028      1.434059
  160.0     -1.458467      2.783217      0.916979      1.519982
  165.0     -1.655166      3.031398      0.947654      1.603808
  170.0     -1.871576      3.330561      0.987279      1.692068
  175.0     -2.136358      3.699548      1.034183      1.791716
  180.0     -2.430919      4.201808      1.100277      1.906201
  185.0     -2.667410      4.842065      1.194727      2.021339
  190.0     -2.528202      5.345540      1.302133      2.055909
  195.0     -1.920022      5.500595      1.395248      1.972505
  200.0     -1.876800      5.627648      1.424000      1.976000
  205.0     -3.228695      6.050938      1.360431      2.237885
  210.0     -4.863562      6.577938      1.287875      2.553830
  215.0     -5.599435      6.985534      1.289972      2.703376
  220.0     -5.917353      7.445049      1.340309      2.777370
  225.0     -6.542303      8.136468      1.393100      2.909537
  230.0     -7.512067      8.879999      1.435128      3.093810
  235.0     -8.711448      9.703039      1.484314      3.304995
  240.0    -10.100537     11.821514      1.650563      3.581176
  245.0    -11.306053     16.098509      2.024416      3.922608
  250.0    -10.545927     20.797224      2.526957      4.114963
  255.0     -6.565314     23.943833      3.037546      3.976072
  260.0     -1.627039     25.216299      3.438091      3.666987
  265.0      1.856767     24.866628      3.653826      3.387152
  270.0      4.394436     23.791202      3.780735      3.146351
  275.0      6.899253     22.761459      3.918681      2.911450
  280.0      8.983867     21.404700      4.012292      2.667293
  285.0     10.109775     19.328487      3.994757      2.414762
  290.0     10.434503     17.205581      3.908758      2.200923
  295.0     10.278687     15.762267      3.813911      2.068269
  300.0      9.919368     14.873740      3.728091      1.994817
  305.0      9.575941     14.254559      3.657200      1.948325
  310.0      9.280801     13.827840      3.601000      1.920000
  315.0      9.023339     13.565285      3.557757      1.906607
  320.0      8.807936     13.424376      3.525894      1.903684
  325.0      8.640152     13.365989      3.503977      1.907216
  330.0      8.515287     13.378781      3.490995      1.916186
  335.0      8.427186     13.456925      3.486049      1.930130
  340.0      8.374128     13.588873      3.488271      1.947795
  345.0      8.355591     13.764531      3.496976      1.968040
  350.0      8.371423     13.985343      3.512181      1.990977
  355.0      8.422083     14.256355      3.534156      2.017016
  360.0      8.510113     14.585480      3.563478      2.046524
  365.0      8.639222     14.976117      3.600560      2.079440
  370.0      8.815716     15.410758      3.644847      2.114049
  375.0      9.049787     15.904322      3.697957      2.151227
  380.0      9.364589     16.622358      3.771159      2.203875
  385.0      9.855264     17.647937      3.877431      2.273927
  390.0     10.891956     18.583583      4.026925      2.307417
  395.0     12.683416     18.993471      4.214042      2.255535
  400.0     14.517813     18.768916      4.373000      2.146000
  405.0     15.659943     18.044609      4.447469      2.028599
  410.0     16.201700     17.601611      4.479102      1.964857
  415.0     16.599420     18.015776      4.533107      1.983354
  420.0     17.940104     18.395757      4.670940      1.969158
  425.0     20.865610     17.721776      4.910988      1.811595
  430.0     23.606540     15.927521      5.103126      1.560529
  435.0     24.401939     13.326531      5.109483      1.298440
  440.0     23.935865     10.798268      5.009727      1.077727
  445.0     23.285612      9.112401      4.913390      0.929688
  450.0     22.656405      8.033496      4.831926      0.831303
  455.0     22.042016      7.160269      4.755023      0.752184
  460.0     21.462482      6.433149      4.683394      0.686801
  465.0     20.938200      5.863068      4.619571      0.634834
  470.0     20.464735      5.401259      4.562353      0.591938
  475.0     20.032685      4.995812      4.509939      0.553791
  480.0     19.637619      4.641957      4.461857      0.520182
  485.0     19.275894      4.343006      4.417855      0.491560
  490.0     18.942042      4.087473      4.377218      0.466906
  495.0     18.631626      3.862447      4.339319      0.445044
  500.0     18.346145      3.664123      4.304336      0.425632
  505.0     18.086532      3.489302      4.272390      0.408364
  510.0     17.845500      3.328104      4.242563      0.392228
  515.0     17.616461      3.172307      4.214036      0.376391
  520.0     17.403829      3.026991      4.187417      0.361440
  525.0     17.211532      2.898985      4.163267      0.348166
  530.0     17.030560      2.788802      4.140528      0.336769
  535.0     16.851973      2.693790      4.118120      0.327066
  540.0     16.680040      2.604940      4.096479      0.317946
  545.0     16.520863      2.514786      4.076278      0.308460
  550.0     16.374652      2.428381      4.057610      0.299237
  555.0     16.240012      2.350539      4.040372      0.290886
  560.0     16.115013      2.272611      4.024269      0.282363
  565.0     15.997500      2.187177      4.008982      0.272780
  570.0     15.884960      2.105213      3.994297      0.263527
  575.0     15.775447      2.038771      3.980080      0.256123
  580.0     15.669649      1.985819      3.966398      0.250330
  585.0     15.568755      1.940445      3.953351      0.245418
  590.0     15.473334      1.895293      3.940958      0.240461
  595.0     15.383686      1.845056      3.929225      0.234786
  600.0     15.299643      1.794056      3.918170      0.228941
  605.0     15.220446      1.747939      3.907746      0.223649
  610.0     15.143432      1.708020      3.897622      0.219107
  615.0     15.066658      1.673061      3.887540      0.215180
  620.0     14.992956      1.635943      3.877815      0.210936
  625.0     14.925381      1.589891      3.868797      0.205478
  630.0     14.863093      1.535376      3.860392      0.198865
  635.0     14.804235      1.477308      3.852402      0.191737
  640.0     14.746766      1.431113      3.844659      0.186118
  645.0     14.689432      1.407271      3.837061      0.183384
  650.0     14.634322      1.385977      3.829760      0.180949
  655.0     14.583463      1.349561      3.822909      0.176505
  660.0     14.535299      1.319188      3.816434      0.172830
  665.0     14.488049      1.313879      3.810217      0.172420
  670.0     14.442621      1.305242      3.804214      0.171550
  675.0     14.400353      1.264864      3.798433      0.166493
  680.0     14.361614      1.211643      3.793037      0.159720
  685.0     14.326585      1.170708      3.788198      0.154524
  690.0     14.295673      1.144791      3.783986      0.151270
  695.0     14.268197      1.127167      3.780272      0.149086
  700.0     14.238899      1.095696      3.776244      0.145073
  705.0     14.202883      1.034471      3.771173      0.137150
  710.0     14.161289      0.967950      3.765338      0.128538
  715.0     14.116605      0.922524      3.759203      0.122707
  720.0     14.070681      0.891958      3.752973      0.118833
  725.0     14.025575      0.863902      3.746849      0.115282
  730.0     13.984811      0.834176      3.741289      0.111482
  735.0     13.950494      0.802354      3.736579      0.107365
  740.0     13.917591      0.774874      3.732072      0.103813
  745.0     13.881016      0.757004      3.727106      0.101555
  750.0     13.842607      0.742484      3.721903      0.099745
  755.0     13.805331      0.724564      3.716832      0.097470
  760.0     13.769753      0.706062      3.711980      0.095106
  765.0     13.736189      0.691208      3.707408      0.093220
  770.0     13.706348      0.680322      3.703348      0.091853
  775.0     13.681036      0.672438      3.699905      0.090873
  780.0     13.656050      0.665347      3.696505      0.089997
  785.0     13.627589      0.657181      3.692628      0.088985
  790.0     13.598486      0.648687      3.688660      0.087930
  795.0     13.572288      0.640882      3.685084      0.086957
  800.0     13.548775      0.633256      3.681871      0.085997
  805.0     13.526695      0.625271      3.678849      0.084981
  810.0     13.504429      0.617796      3.675799      0.084035
  815.0     13.481019      0.611350      3.672592      0.083233
  820.0     13.458523      0.603643      3.669504      0.082255
  825.0     13.438770      0.591373      3.666779      0.080641
  830.0     13.419643      0.570003      3.664125      0.077772
  835.0     13.398631      0.536061      3.661200      0.073176
  840.0     13.375574      0.491579      3.657982      0.067132
  845.0     13.350779      0.439708      3.654515      0.060070
  850.0     13.324054      0.382574      3.650773      0.052282
  855.0     13.295117      0.322129      3.646720      0.044036
  860.0     13.263809      0.260665      3.642336      0.035645
  865.0     13.230003      0.200475      3.637604      0.027424
  870.0     13.193564      0.143529      3.632506      0.019644
  875.0     13.154332      0.091955      3.627022      0.012597
  880.0     13.112044      0.048843      3.621118      0.006700
  885.0     13.066536      0.017356      3.614773      0.002384
  890.0     13.018136      0.000000      3.608032      0.000000
  895.0     12.967452      0.000000      3.600979      0.000000
  900.0     12.915716      0.000000      3.593782      0.000000
  905.0     12.864300      0.000000      3.586629      0.000000
  910.0     12.814501      0.000000      3.579698      0.000000
  915.0     12.767554      0.000000      3.573156      0.000000
  920.0     12.724526      0.000000      3.567151      0.000000
  925.0     12.686131      0.000000      3.561780      0.000000
  930.0     12.651843      0.000000      3.556971      0.000000
  935.0     12.620864      0.000000      3.552614      0.000000
  940.0     12.592541      0.000000      3.548621      0.000000
  945.0     12.566229      0.000000      3.544904      0.000000
  950.0     12.541183      0.000000      3.541360      0.000000
  955.0     12.516728      0.000000      3.537897      0.000000
  960.0     12.492583      0.000000      3.534477      0.000000
  965.0     12.468622      0.000000      3.531083      0.000000
  970.0     12.444929      0.000000      3.527726      0.000000
  975.0     12.421632      0.000000      3.524424      0.000000
  980.0     12.398804      0.000000      3.521186      0.000000
  985.0     12.376512      0.000000      3.518022      0.000000
  990.0     12.354845      0.000000      3.514945      0.000000
  995.0     12.333876      0.000000      3.511963      0.000000
 1000.0     12.313598      0.000000      3.509077      0.000000
 1005.0     12.293980      0.000000      3.506281      0.000000
 1010.0     12.274973      0.000000      3.503570      0.000000
 1015.0     12.256528      0.000000      3.500936      0.000000
 1020.0     12.238598      0.000000      3.498373      0.000000
 1025.0     12.221139      0.000000      3.495876      0.000000
 1030.0     12.204102      0.000000      3.493438      0.000000
 1035.0     12.187441      0.000000      3.491052      0.000000
 1040.0     12.171131      0.000000      3.488714      0.000000
 1045.0     12.155157      0.000000      3.486424      0.000000
 1050.0     12.139510      0.000000      3.484179      0.000000
 1055.0     12.124184      0.000000      3.481979      0.000000
 1060.0     12.109170      0.000000      3.479822      0.000000
 1065.0     12.094458      0.000000      3.477708      0.000000
 1070.0     12.080040      0.000000      3.475635      0.000000
 1075.0     12.065908      0.000000      3.473602      0.000000
 1080.0     12.052053      0.000000      3.471607      0.000000
 1085.0     12.038468      0.000000      3.469650      0.000000
 1090.0     12.025147      0.000000      3.467730      0.000000
 1095.0     12.012085      0.000000      3.465846      0.000000
 1100.0     11.999276      0.000000      3.463998      0.000000 
 1105.0     11.986716      0.000000      3.462185      0.000000
 1110.0     11.974399      0.000000      3.460405      0.000000
 1115.0     11.962319      0.000000      3.458659      0.000000
 1120.0     11.950470      0.000000      3.456945      0.000000
 1125.0     11.938848      0.000000      3.455264      0.000000
 1130.0     11.927447      0.000000      3.453614      0.000000
 1135.0     11.916259      0.000000      3.451994      0.000000
 1140.0     11.905277      0.000000      3.450403      0.000000
 1145.0     11.894493      0.000000      3.448840      0.000000
 1150.0     11.883897      0.000000      3.447303      0.000000
 1155.0     11.873482      0.000000      3.445792      0.000000
 1160.0     11.863238      0.000000      3.444305      0.000000
 1165.0     11.853158      0.000000      3.442842      0.000000
 1170.0     11.843234      0.000000      3.441400      0.000000
 1175.0     11.833457      0.000000      3.439979      0.000000
 1180.0     11.823819      0.000000      3.438578      0.000000
 1185.0     11.814312      0.000000      3.437195      0.000000
 1190.0     11.804933      0.000000      3.435831      0.000000
 1195.0     11.795683      0.000000      3.434484      0.000000
 1200.0     11.786563      0.000000      3.433156      0.000000
 1205.0     11.777573      0.000000      3.431847      0.000000
 1210.0     11.768713      0.000000      3.430556      0.000000
 1215.0     11.759983      0.000000      3.429283      0.000000
 1220.0     11.751384      0.000000      3.428029      0.000000
 1225.0     11.742915      0.000000      3.426794      0.000000
 1230.0     11.734578      0.000000      3.425577      0.000000
 1235.0     11.726372      0.000000      3.424379      0.000000
 1240.0     11.718298      0.000000      3.423200      0.000000
 1245.0     11.710355      0.000000      3.422040      0.000000
 1250.0     11.702541      0.000000      3.420898      0.000000
 1255.0     11.694851      0.000000      3.419774      0.000000
 1260.0     11.687282      0.000000      3.418667      0.000000
 1265.0     11.679830      0.000000      3.417577      0.000000
 1270.0     11.672493      0.000000      3.416503      0.000000
 1275.0     11.665266      0.000000      3.415445      0.000000
 1280.0     11.658145      0.000000      3.414403      0.000000
 1285.0     11.651126      0.000000      3.413375      0.000000
 1290.0     11.644207      0.000000      3.412361      0.000000
 1295.0     11.637384      0.000000      3.411361      0.000000
 1300.0     11.630652      0.000000      3.410374      0.000000
 1305.0     11.624008      0.000000      3.409400      0.000000
 1310.0     11.617449      0.000000      3.408438      0.000000
 1315.0     11.610974      0.000000      3.407488      0.000000
 1320.0     11.604582      0.000000      3.406550      0.000000
 1325.0     11.598272      0.000000      3.405624      0.000000
 1330.0     11.592043      0.000000      3.404709      0.000000
 1335.0     11.585894      0.000000      3.403806      0.000000
 1340.0     11.579825      0.000000      3.402914      0.000000
 1345.0     11.573834      0.000000      3.402034      0.000000
 1350.0     11.567922      0.000000      3.401165      0.000000
 1355.0     11.562087      0.000000      3.400307      0.000000
 1360.0     11.556328      0.000000      3.399460      0.000000
 1365.0     11.550644      0.000000      3.398624      0.000000
 1370.0     11.545034      0.000000      3.397798      0.000000
 1375.0     11.539499      0.000000      3.396984      0.000000
 1380.0     11.534036      0.000000      3.396180      0.000000
 1385.0     11.528644      0.000000      3.395386      0.000000
 1390.0     11.523323      0.000000      3.394602      0.000000
 1395.0     11.518070      0.000000      3.393828      0.000000
 1400.0     11.512885      0.000000      3.393064      0.000000
 1405.0     11.507765      0.000000      3.392309      0.000000
 1410.0     11.502708      0.000000      3.391564      0.000000
 1415.0     11.497714      0.000000      3.390828      0.000000
 1420.0     11.492780      0.000000      3.390100      0.000000
 1425.0     11.487905      0.000000      3.389381      0.000000
 1430.0     11.483088      0.000000      3.388671      0.000000
 1435.0     11.478326      0.000000      3.387968      0.000000
 1440.0     11.473618      0.000000      3.387273      0.000000
 1445.0     11.468962      0.000000      3.386586      0.000000
 1450.0     11.464358      0.000000      3.385906      0.000000
 1455.0     11.459803      0.000000      3.385233      0.000000
 1460.0     11.455296      0.000000      3.384567      0.000000
 1465.0     11.450836      0.000000      3.383908      0.000000
 1470.0     11.446421      0.000000      3.383256      0.000000
 1475.0     11.442052      0.000000      3.382610      0.000000
 1480.0     11.437729      0.000000      3.381971      0.000000
 1485.0     11.433451      0.000000      3.381339      0.000000
 1490.0     11.429219      0.000000      3.380713      0.000000
 1495.0     11.425031      0.000000      3.380093      0.000000
 1500.0     11.420888      0.000000      3.379480      0.000000
 1505.0     11.416790      0.000000      3.378874      0.000000
 1510.0     11.412735      0.000000      3.378274      0.000000
 1515.0     11.408724      0.000000      3.377680      0.000000
 1520.0     11.404756      0.000000      3.377093      0.000000
 1525.0     11.400832      0.000000      3.376512      0.000000
 1530.0     11.396951      0.000000      3.375937      0.000000
 1535.0     11.393113      0.000000      3.375368      0.000000
 1540.0     11.389317      0.000000      3.374806      0.000000
 1545.0     11.385564      0.000000      3.374250      0.000000
 1550.0     11.381852      0.000000      3.373700      0.000000
 1555.0     11.378182      0.000000      3.373156      0.000000
 1560.0     11.374553      0.000000      3.372618      0.000000
 1565.0     11.370965      0.000000      3.372086      0.000000
 1570.0     11.367417      0.000000      3.371560      0.000000
 1575.0     11.363908      0.000000      3.371040      0.000000
 1580.0     11.360437      0.000000      3.370525      0.000000
 1585.0     11.357005      0.000000      3.370016      0.000000
 1590.0     11.353611      0.000000      3.369512      0.000000
 1595.0     11.350253      0.000000      3.369014      0.000000
 1600.0     11.346932      0.000000      3.368521      0.000000
 1605.0     11.343646      0.000000      3.368033      0.000000
 1610.0     11.340396      0.000000      3.367550      0.000000
 1615.0     11.337180      0.000000      3.367072      0.000000
 1620.0     11.333998      0.000000      3.366600      0.000000
 1625.0     11.330849      0.000000      3.366133      0.000000
 1630.0     11.327733      0.000000      3.365670      0.000000
 1635.0     11.324649      0.000000      3.365212      0.000000
 1640.0     11.321597      0.000000      3.364758      0.000000
 1645.0     11.318576      0.000000      3.364309      0.000000
 1650.0     11.315585      0.000000      3.363865      0.000000
 1655.0     11.312624      0.000000      3.363425      0.000000
 1660.0     11.309692      0.000000      3.362989      0.000000
 1665.0     11.306789      0.000000      3.362557      0.000000
 1670.0     11.303915      0.000000      3.362130      0.000000
 1675.0     11.301069      0.000000      3.361707      0.000000
 1680.0     11.298250      0.000000      3.361287      0.000000
 1685.0     11.295459      0.000000      3.360872      0.000000
 1690.0     11.292694      0.000000      3.360460      0.000000
 1695.0     11.289956      0.000000      3.360052      0.000000
 1700.0     11.287244      0.000000      3.359649      0.000000
 1705.0     11.284558      0.000000      3.359250      0.000000
 1710.0     11.281897      0.000000      3.358854      0.000000
 1715.0     11.279261      0.000000      3.358461      0.000000
 1720.0     11.276650      0.000000      3.358072      0.000000
 1725.0     11.274063      0.000000      3.357687      0.000000
 1730.0     11.271499      0.000000      3.357305      0.000000
 1735.0     11.268959      0.000000      3.356927      0.000000
 1740.0     11.266442      0.000000      3.356552      0.000000
 1745.0     11.263948      0.000000      3.356180      0.000000
 1750.0     11.261476      0.000000      3.355812      0.000000
 1755.0     11.259026      0.000000      3.355447      0.000000
 1760.0     11.256597      0.000000      3.355085      0.000000
 1765.0     11.254190      0.000000      3.354727      0.000000
 1770.0     11.251803      0.000000      3.354371      0.000000
 1775.0     11.249437      0.000000      3.354018      0.000000
 1780.0     11.247090      0.000000      3.353668      0.000000
 1785.0     11.244763      0.000000      3.353321      0.000000
 1790.0     11.242456      0.000000      3.352977      0.000000
 1795.0     11.240169      0.000000      3.352636      0.000000
 1800.0     11.237901      0.000000      3.352298      0.000000
 1805.0     11.235653      0.000000      3.351963      0.000000
 1810.0     11.233423      0.000000      3.351630      0.000000
 1815.0     11.231212      0.000000      3.351300      0.000000
 1820.0     11.229020      0.000000      3.350973      0.000000
 1825.0     11.226847      0.000000      3.350649      0.000000
 1830.0     11.224692      0.000000      3.350327      0.000000
 1835.0     11.222556      0.000000      3.350008      0.000000
 1840.0     11.220437      0.000000      3.349692      0.000000
 1845.0     11.218336      0.000000      3.349379      0.000000
 1850.0     11.216253      0.000000      3.349068      0.000000
 1855.0     11.214188      0.000000      3.348759      0.000000
 1860.0     11.212140      0.000000      3.348453      0.000000
 1865.0     11.210109      0.000000      3.348150      0.000000
 1870.0     11.208095      0.000000      3.347849      0.000000
 1875.0     11.206098      0.000000      3.347551      0.000000
 1880.0     11.204118      0.000000      3.347255      0.000000
 1885.0     11.202155      0.000000      3.346962      0.000000
 1890.0     11.200208      0.000000      3.346671      0.000000
 1895.0     11.198277      0.000000      3.346383      0.000000
 1900.0     11.196362      0.000000      3.346097      0.000000
 1905.0     11.194463      0.000000      3.345813      0.000000
 1910.0     11.192580      0.000000      3.345531      0.000000
 1915.0     11.190712      0.000000      3.345252      0.000000
 1920.0     11.188860      0.000000      3.344975      0.000000
 1925.0     11.187023      0.000000      3.344700      0.000000
 1930.0     11.185201      0.000000      3.344428      0.000000
 1935.0     11.183394      0.000000      3.344158      0.000000
 1940.0     11.181602      0.000000      3.343890      0.000000
 1945.0     11.179825      0.000000      3.343624      0.000000
 1950.0     11.178062      0.000000      3.343361      0.000000
 1955.0     11.176314      0.000000      3.343099      0.000000
 1960.0     11.174580      0.000000      3.342840      0.000000
 1965.0     11.172860      0.000000      3.342583      0.000000
 1970.0     11.171154      0.000000      3.342328      0.000000
 1975.0     11.169462      0.000000      3.342075      0.000000
 1980.0     11.167783      0.000000      3.341823      0.000000
 1985.0     11.166118      0.000000      3.341574      0.000000
 1990.0     11.164467      0.000000      3.341327      0.000000
 1995.0     11.162828      0.000000      3.341082      0.000000
 2000.0     11.161203      0.000000      3.340839      0.000000
 2005.0     11.159591      0.000000      3.340598      0.000000
 2010.0     11.157992      0.000000      3.340358      0.000000
 2015.0     11.156405      0.000000      3.340121      0.000000
 2020.0     11.154831      0.000000      3.339885      0.000000
 2025.0     11.153269      0.000000      3.339651      0.000000
 2030.0     11.151719      0.000000      3.339419      0.000000
 2035.0     11.150181      0.000000      3.339189      0.000000
 2040.0     11.148656      0.000000      3.338960      0.000000
 2045.0     11.147142      0.000000      3.338734      0.000000
 2050.0     11.145640      0.000000      3.338509      0.000000
 2055.0     11.144149      0.000000      3.338286      0.000000
 2060.0     11.142669      0.000000      3.338064      0.000000
 2065.0     11.141201      0.000000      3.337844      0.000000
 2070.0     11.139744      0.000000      3.337626      0.000000
 2075.0     11.138298      0.000000      3.337409      0.000000
 2080.0     11.136863      0.000000      3.337194      0.000000
 2085.0     11.135438      0.000000      3.336981      0.000000
 2090.0     11.134024      0.000000      3.336769      0.000000
 2095.0     11.132621      0.000000      3.336558      0.000000
 2100.0     11.131228      0.000000      3.336349      0.000000
 2105.0     11.129845      0.000000      3.336142      0.000000
 2110.0     11.128473      0.000000      3.335937      0.000000
 2115.0     11.127111      0.000000      3.335733      0.000000
 2120.0     11.125759      0.000000      3.335530      0.000000
 2125.0     11.124417      0.000000      3.335329      0.000000
 2130.0     11.123084      0.000000      3.335129      0.000000
 2135.0     11.121761      0.000000      3.334931      0.000000
 2140.0     11.120448      0.000000      3.334734      0.000000
 2145.0     11.119145      0.000000      3.334538      0.000000
 2150.0     11.117851      0.000000      3.334344      0.000000
 2155.0     11.116566      0.000000      3.334151      0.000000
 2160.0     11.115290      0.000000      3.333960      0.000000
 2165.0     11.114024      0.000000      3.333770      0.000000
 2170.0     11.112767      0.000000      3.333582      0.000000
 2175.0     11.111518      0.000000      3.333394      0.000000
 2180.0     11.110278      0.000000      3.333208      0.000000
 2185.0     11.109047      0.000000      3.333023      0.000000
 2190.0     11.107825      0.000000      3.332840      0.000000
 2195.0     11.106611      0.000000      3.332658      0.000000
 2200.0     11.105406      0.000000      3.332477      0.000000
 2205.0     11.104209      0.000000      3.332297      0.000000
 2210.0     11.103020      0.000000      3.332119      0.000000
 2215.0     11.101839      0.000000      3.331942      0.000000
 2220.0     11.100666      0.000000      3.331766      0.000000
 2225.0     11.099501      0.000000      3.331591      0.000000
 2230.0     11.098344      0.000000      3.331418      0.000000
 2235.0     11.097195      0.000000      3.331245      0.000000
 2240.0     11.096053      0.000000      3.331074      0.000000
 2245.0     11.094919      0.000000      3.330904      0.000000
 2250.0     11.093792      0.000000      3.330735      0.000000
 2255.0     11.092672      0.000000      3.330566      0.000000
 2260.0     11.091560      0.000000      3.330399      0.000000
 2265.0     11.090455      0.000000      3.330233      0.000000
 2270.0     11.089357      0.000000      3.330069      0.000000
 2275.0     11.088266      0.000000      3.329905      0.000000
 2280.0     11.087182      0.000000      3.329742      0.000000
 2285.0     11.086105      0.000000      3.329580      0.000000
 2290.0     11.085035      0.000000      3.329420      0.000000
 2295.0     11.083972      0.000000      3.329260      0.000000
 2300.0     11.082915      0.000000      3.329101      0.000000
 2305.0     11.081865      0.000000      3.328943      0.000000
 2310.0     11.080822      0.000000      3.328787      0.000000
 2315.0     11.079785      0.000000      3.328631      0.000000
 2320.0     11.078755      0.000000      3.328476      0.000000
 2325.0     11.077732      0.000000      3.328322      0.000000
 2330.0     11.076715      0.000000      3.328170      0.000000
 2335.0     11.075705      0.000000      3.328018      0.000000
 2340.0     11.074701      0.000000      3.327867      0.000000
 2345.0     11.073703      0.000000      3.327717      0.000000
 2350.0     11.072711      0.000000      3.327568      0.000000
 2355.0     11.071726      0.000000      3.327420      0.000000
 2360.0     11.070747      0.000000      3.327273      0.000000
 2365.0     11.069775      0.000000      3.327127      0.000000
 2370.0     11.068808      0.000000      3.326982      0.000000
 2375.0     11.067847      0.000000      3.326838      0.000000
 2380.0     11.066892      0.000000      3.326694      0.000000
 2385.0     11.065944      0.000000      3.326552      0.000000
 2390.0     11.065001      0.000000      3.326410      0.000000
 2395.0     11.064064      0.000000      3.326269      0.000000
 2400.0     11.063132      0.000000      3.326129      0.000000
 2405.0     11.062207      0.000000      3.325990      0.000000
 2410.0     11.061287      0.000000      3.325851      0.000000
 2415.0     11.060373      0.000000      3.325714      0.000000
 2420.0     11.059464      0.000000      3.325577      0.000000
 2425.0     11.058561      0.000000      3.325441      0.000000
 2430.0     11.057663      0.000000      3.325306      0.000000
 2435.0     11.056771      0.000000      3.325172      0.000000
 2440.0     11.055884      0.000000      3.325039      0.000000
 2445.0     11.055002      0.000000      3.324907      0.000000
 2450.0     11.054126      0.000000      3.324775      0.000000
 2455.0     11.053255      0.000000      3.324644      0.000000
 2460.0     11.052389      0.000000      3.324513      0.000000
 2465.0     11.051528      0.000000      3.324384      0.000000
 2470.0     11.050672      0.000000      3.324255      0.000000
 2475.0     11.049822      0.000000      3.324127      0.000000
 2480.0     11.048976      0.000000      3.324000      0.000000
 2485.0     11.048135      0.000000      3.323874      0.000000
 2490.0     11.047299      0.000000      3.323748      0.000000
 2495.0     11.046468      0.000000      3.323623      0.000000
 2500.0     11.045642      0.000000      3.323498      0.000000
 2505.0     11.044821      0.000000      3.323375      0.000000
 2510.0     11.044004      0.000000      3.323252      0.000000
 2515.0     11.043192      0.000000      3.323130      0.000000
 2520.0     11.042385      0.000000      3.323008      0.000000
 2525.0     11.041582      0.000000      3.322887      0.000000
 2530.0     11.040784      0.000000      3.322767      0.000000
 2535.0     11.039991      0.000000      3.322648      0.000000
 2540.0     11.039202      0.000000      3.322529      0.000000
 2545.0     11.038417      0.000000      3.322411      0.000000
 2550.0     11.037637      0.000000      3.322294      0.000000
 2555.0     11.036862      0.000000      3.322177      0.000000
 2560.0     11.036091      0.000000      3.322061      0.000000
 2565.0     11.035324      0.000000      3.321946      0.000000
 2570.0     11.034562      0.000000      3.321831      0.000000
 2575.0     11.033804      0.000000      3.321717      0.000000
 2580.0     11.033051      0.000000      3.321604      0.000000
 2585.0     11.032301      0.000000      3.321491      0.000000
 2590.0     11.031556      0.000000      3.321379      0.000000
 2595.0     11.030815      0.000000      3.321267      0.000000
 2600.0     11.030078      0.000000      3.321156      0.000000
 2605.0     11.029345      0.000000      3.321046      0.000000
 2610.0     11.028617      0.000000      3.320936      0.000000
 2615.0     11.027893      0.000000      3.320827      0.000000
 2620.0     11.027172      0.000000      3.320719      0.000000
 2625.0     11.026455      0.000000      3.320611      0.000000
 2630.0     11.025743      0.000000      3.320503      0.000000
 2635.0     11.025035      0.000000      3.320397      0.000000
 2640.0     11.024330      0.000000      3.320291      0.000000
 2645.0     11.023629      0.000000      3.320185      0.000000
 2650.0     11.022932      0.000000      3.320080      0.000000
 2655.0     11.022239      0.000000      3.319976      0.000000
 2660.0     11.021550      0.000000      3.319872      0.000000
 2665.0     11.020864      0.000000      3.319769      0.000000
 2670.0     11.020182      0.000000      3.319666      0.000000
 2675.0     11.019504      0.000000      3.319564      0.000000
 2680.0     11.018829      0.000000      3.319462      0.000000
 2685.0     11.018158      0.000000      3.319361      0.000000
 2690.0     11.017491      0.000000      3.319261      0.000000
 2695.0     11.016827      0.000000      3.319161      0.000000
 2700.0     11.016167      0.000000      3.319061      0.000000
 2705.0     11.015510      0.000000      3.318962      0.000000
 2710.0     11.014856      0.000000      3.318864      0.000000
 2715.0     11.014206      0.000000      3.318766      0.000000
 2720.0     11.013559      0.000000      3.318668      0.000000
 2725.0     11.012916      0.000000      3.318571      0.000000
 2730.0     11.012276      0.000000      3.318475      0.000000
 2735.0     11.011639      0.000000      3.318379      0.000000
 2740.0     11.011006      0.000000      3.318284      0.000000
 2745.0     11.010375      0.000000      3.318189      0.000000
 2750.0     11.009748      0.000000      3.318094      0.000000
 2755.0     11.009124      0.000000      3.318000      0.000000
 2760.0     11.008503      0.000000      3.317906      0.000000
 2765.0     11.007886      0.000000      3.317813      0.000000
 2770.0     11.007271      0.000000      3.317721      0.000000
 2775.0     11.006659      0.000000      3.317629      0.000000
 2780.0     11.006050      0.000000      3.317537      0.000000
 2785.0     11.005444      0.000000      3.317446      0.000000
 2790.0     11.004842      0.000000      3.317355      0.000000
 2795.0     11.004243      0.000000      3.317264      0.000000
 2800.0     11.003646      0.000000      3.317174      0.000000
 2805.0     11.003052      0.000000      3.317085      0.000000
 2810.0     11.002461      0.000000      3.316996      0.000000
 2815.0     11.001873      0.000000      3.316907      0.000000
 2820.0     11.001289      0.000000      3.316819      0.000000
 2825.0     11.000707      0.000000      3.316731      0.000000
 2830.0     11.000128      0.000000      3.316644      0.000000
 2835.0     10.999552      0.000000      3.316557      0.000000
 2840.0     10.998978      0.000000      3.316471      0.000000
 2845.0     10.998408      0.000000      3.316385      0.000000
 2850.0     10.997840      0.000000      3.316299      0.000000
 2855.0     10.997275      0.000000      3.316214      0.000000
 2860.0     10.996712      0.000000      3.316129      0.000000
 2865.0     10.996152      0.000000      3.316045      0.000000
 2870.0     10.995596      0.000000      3.315961      0.000000
 2875.0     10.995042      0.000000      3.315877      0.000000
 2880.0     10.994491      0.000000      3.315794      0.000000
 2885.0     10.993942      0.000000      3.315711      0.000000
 2890.0     10.993396      0.000000      3.315629      0.000000
 2895.0     10.992853      0.000000      3.315547      0.000000
 2900.0     10.992312      0.000000      3.315466      0.000000
 2905.0     10.991774      0.000000      3.315385      0.000000
 2910.0     10.991239      0.000000      3.315304      0.000000
 2915.0     10.990706      0.000000      3.315223      0.000000
 2920.0     10.990176      0.000000      3.315143      0.000000
 2925.0     10.989648      0.000000      3.315064      0.000000
 2930.0     10.989123      0.000000      3.314985      0.000000
 2935.0     10.988600      0.000000      3.314906      0.000000
 2940.0     10.988080      0.000000      3.314827      0.000000
 2945.0     10.987562      0.000000      3.314749      0.000000
 2950.0     10.987047      0.000000      3.314672      0.000000
 2955.0     10.986534      0.000000      3.314594      0.000000
 2960.0     10.986024      0.000000      3.314517      0.000000
 2965.0     10.985516      0.000000      3.314440      0.000000
 2970.0     10.985011      0.000000      3.314364      0.000000
 2975.0     10.984508      0.000000      3.314288      0.000000
 2980.0     10.984007      0.000000      3.314213      0.000000
 2985.0     10.983509      0.000000      3.314138      0.000000
 2990.0     10.983013      0.000000      3.314063      0.000000
 2995.0     10.982519      0.000000      3.313988      0.000000
 3000.0     10.982027      0.000000      3.313914      0.000000
 3050.0     10.977234      0.000000      3.313190      0.000000
 3100.0     10.972656      0.000000      3.312500      0.000000
 3150.0     10.968273      0.000000      3.311838      0.000000
 3200.0     10.964073      0.000000      3.311204      0.000000
 3250.0     10.960049      0.000000      3.310596      0.000000
 3300.0     10.956191      0.000000      3.310014      0.000000
 3350.0     10.952490      0.000000      3.309455      0.000000
 3400.0     10.948935      0.000000      3.308918      0.000000
 3450.0     10.945518      0.000000      3.308401      0.000000
 3500.0     10.942228      0.000000      3.307904      0.000000
 3550.0     10.939056      0.000000      3.307424      0.000000
 3600.0     10.935993      0.000000      3.306961      0.000000
 3650.0     10.933030      0.000000      3.306513      0.000000
 3700.0     10.930159      0.000000      3.306079      0.000000
 3750.0     10.927370      0.000000      3.305657      0.000000
 3800.0     10.924656      0.000000      3.305247      0.000000
 3850.0     10.922007      0.000000      3.304846      0.000000
 3900.0     10.919414      0.000000      3.304454      0.000000
 3950.0     10.916869      0.000000      3.304069      0.000000
 4000.0     10.914365      0.000000      3.303690      0.000000
 4050.0     10.911894      0.000000      3.303316      0.000000
 4100.0     10.909438      0.000000      3.302944      0.000000
 4150.0     10.906991      0.000000      3.302573      0.000000
 4200.0     10.904598      0.000000      3.302211      0.000000
 4250.0     10.902316      0.000000      3.301866      0.000000
 4300.0     10.900192      0.000000      3.301544      0.000000
 4350.0     10.898242      0.000000      3.301248      0.000000
 4400.0     10.896353      0.000000      3.300962      0.000000
 4450.0     10.894408      0.000000      3.300667      0.000000
 4500.0     10.892404      0.000000      3.300364      0.000000
 4550.0     10.890370      0.000000      3.300056      0.000000
 4600.0     10.888364      0.000000      3.299752      0.000000
 4650.0     10.886435      0.000000      3.299460      0.000000
 4700.0     10.884567      0.000000      3.299177      0.000000
 4750.0     10.882733      0.000000      3.298899      0.000000
 4800.0     10.880921      0.000000      3.298624      0.000000
 4850.0     10.879132      0.000000      3.298353      0.000000
 4900.0     10.877405      0.000000      3.298091      0.000000
 4950.0     10.875777      0.000000      3.297844      0.000000
 5000.0     10.874240      0.000000      3.297611      0.000000
 5050.0     10.872756      0.000000      3.297386      0.000000
 5100.0     10.871207      0.000000      3.297151      0.000000
 5150.0     10.869473      0.000000      3.296888      0.000000
 5200.0     10.867518      0.000000      3.296592      0.000000
 5250.0     10.865359      0.000000      3.296264      0.000000
 5300.0     10.863163      0.000000      3.295931      0.000000
 5350.0     10.861120      0.000000      3.295621      0.000000
 5400.0     10.859378      0.000000      3.295357      0.000000
 5450.0     10.858028      0.000000      3.295152      0.000000
 5500.0     10.856971      0.000000      3.294992      0.000000
 5550.0     10.856057      0.000000      3.294853      0.000000
 5600.0     10.855130      0.000000      3.294712      0.000000
 5650.0     10.854056      0.000000      3.294549      0.000000
 5700.0     10.852801      0.000000      3.294359      0.000000
 5750.0     10.851368      0.000000      3.294141      0.000000
 5800.0     10.849814      0.000000      3.293905      0.000000
 5850.0     10.848209      0.000000      3.293661      0.000000
 5900.0     10.846610      0.000000      3.293419      0.000000
 5950.0     10.845060      0.000000      3.293184      0.000000
 6000.0     10.843563      0.000000      3.292957      0.000000
 6050.0     10.842109      0.000000      3.292736      0.000000
 6100.0     10.840687      0.000000      3.292520      0.000000
 6150.0     10.839286      0.000000      3.292307      0.000000
 6200.0     10.837894      0.000000      3.292096      0.000000
 6250.0     10.836503      0.000000      3.291885      0.000000
 6300.0     10.835109      0.000000      3.291673      0.000000
 6350.0     10.833709      0.000000      3.291460      0.000000
 6400.0     10.832301      0.000000      3.291246      0.000000
 6450.0     10.830884      0.000000      3.291031      0.000000
 6500.0     10.829455      0.000000      3.290814      0.000000
 6550.0     10.828011      0.000000      3.290594      0.000000
 6600.0     10.826555      0.000000      3.290373      0.000000
 6650.0     10.825091      0.000000      3.290151      0.000000
 6700.0     10.823624      0.000000      3.289928      0.000000
 6750.0     10.822160      0.000000      3.289705      0.000000
 6800.0     10.820705      0.000000      3.289484      0.000000
 6850.0     10.819263      0.000000      3.289265      0.000000
 6900.0     10.817839      0.000000      3.289048      0.000000
 6950.0     10.816436      0.000000      3.288835      0.000000
 7000.0     10.815050      0.000000      3.288624      0.000000
 7050.0     10.813675      0.000000      3.288415      0.000000
 7100.0     10.812307      0.000000      3.288207      0.000000
 7150.0     10.810941      0.000000      3.287999      0.000000
 7200.0     10.809571      0.000000      3.287791      0.000000
 7250.0     10.808193      0.000000      3.287581      0.000000
 7300.0     10.806803      0.000000      3.287370      0.000000
 7350.0     10.805397      0.000000      3.287156      0.000000
 7400.0     10.803976      0.000000      3.286940      0.000000
 7450.0     10.802543      0.000000      3.286722      0.000000
 7500.0     10.801101      0.000000      3.286503      0.000000
 7550.0     10.799651      0.000000      3.286282      0.000000
 7600.0     10.798195      0.000000      3.286061      0.000000
 7650.0     10.796737      0.000000      3.285839      0.000000
 7700.0     10.795280      0.000000      3.285617      0.000000
 7750.0     10.793825      0.000000      3.285396      0.000000
 7800.0     10.792372      0.000000      3.285175      0.000000
 7850.0     10.790922      0.000000      3.284954      0.000000
 7900.0     10.789474      0.000000      3.284733      0.000000
 7950.0     10.788025      0.000000      3.284513      0.000000
 8000.0     10.786573      0.000000      3.284292      0.000000
 8050.0     10.785118      0.000000      3.284071      0.000000
 8100.0     10.783657      0.000000      3.283848      0.000000
 8150.0     10.782189      0.000000      3.283624      0.000000
 8200.0     10.780712      0.000000      3.283399      0.000000
 8250.0     10.779224      0.000000      3.283172      0.000000
 8300.0     10.777725      0.000000      3.282944      0.000000
 8350.0     10.776213      0.000000      3.282714      0.000000
 8400.0     10.774689      0.000000      3.282482      0.000000
 8450.0     10.773155      0.000000      3.282248      0.000000
 8500.0     10.771610      0.000000      3.282013      0.000000
 8550.0     10.770055      0.000000      3.281776      0.000000
 8600.0     10.768491      0.000000      3.281538      0.000000
 8650.0     10.766919      0.000000      3.281299      0.000000
 8700.0     10.765339      0.000000      3.281058      0.000000
 8750.0     10.763752      0.000000      3.280816      0.000000
 8800.0     10.762159      0.000000      3.280573      0.000000
 8850.0     10.760560      0.000000      3.280329      0.000000
 8900.0     10.758956      0.000000      3.280085      0.000000
 8950.0     10.757346      0.000000      3.279839      0.000000
 9000.0     10.755732      0.000000      3.279593      0.000000
 9050.0     10.754113      0.000000      3.279346      0.000000
 9100.0     10.752489      0.000000      3.279099      0.000000
 9150.0     10.750860      0.000000      3.278850      0.000000
 9200.0     10.749225      0.000000      3.278601      0.000000
 9250.0     10.747585      0.000000      3.278351      0.000000
 9300.0     10.745940      0.000000      3.278100      0.000000
 9350.0     10.744290      0.000000      3.277848      0.000000
 9400.0     10.742635      0.000000      3.277596      0.000000
 9450.0     10.740975      0.000000      3.277343      0.000000
 9500.0     10.739310      0.000000      3.277089      0.000000
 9550.0     10.737639      0.000000      3.276834      0.000000
 9600.0     10.735963      0.000000      3.276578      0.000000
 9650.0     10.734282      0.000000      3.276322      0.000000
 9700.0     10.732594      0.000000      3.276064      0.000000
 9750.0     10.730899      0.000000      3.275805      0.000000
 9800.0     10.729197      0.000000      3.275545      0.000000
 9850.0     10.727487      0.000000      3.275284      0.000000
 9900.0     10.725768      0.000000      3.275022      0.000000
 9950.0     10.724040      0.000000      3.274758      0.000000
10000.0     10.722303      0.000000      3.274493      0.000000
10050.0     10.720556      0.000000      3.274226      0.000000
10100.0     10.718799      0.000000      3.273958      0.000000
10150.0     10.717031      0.000000      3.273688      0.000000
10200.0     10.715251      0.000000      3.273416      0.000000
10250.0     10.713459      0.000000      3.273142      0.000000
10300.0     10.711654      0.000000      3.272866      0.000000
10350.0     10.709836      0.000000      3.272588      0.000000
10400.0     10.708005      0.000000      3.272309      0.000000
10450.0     10.706161      0.000000      3.272027      0.000000
10500.0     10.704303      0.000000      3.271743      0.000000
10550.0     10.702431      0.000000      3.271457      0.000000
10600.0     10.700546      0.000000      3.271169      0.000000
10650.0     10.698647      0.000000      3.270879      0.000000
10700.0     10.696734      0.000000      3.270587      0.000000
10750.0     10.694807      0.000000      3.270292      0.000000
10800.0     10.692867      0.000000      3.269995      0.000000
10850.0     10.690913      0.000000      3.269697      0.000000
10900.0     10.688945      0.000000      3.269396      0.000000
10950.0     10.686963      0.000000      3.269093      0.000000
11000.0     10.684967      0.000000      3.268787      0.000000
11050.0     10.682957      0.000000      3.268480      0.000000
11100.0     10.680932      0.000000      3.268170      0.000000
11150.0     10.678893      0.000000      3.267858      0.000000
11200.0     10.676840      0.000000      3.267544      0.000000
11250.0     10.674773      0.000000      3.267228      0.000000
11300.0     10.672691      0.000000      3.266909      0.000000
11350.0     10.670596      0.000000      3.266588      0.000000
11400.0     10.668488      0.000000      3.266265      0.000000
11450.0     10.666370      0.000000      3.265940      0.000000
11500.0     10.664241      0.000000      3.265614      0.000000
11550.0     10.662103      0.000000      3.265287      0.000000
11600.0     10.659958      0.000000      3.264958      0.000000
11650.0     10.657807      0.000000      3.264628      0.000000
11700.0     10.655651      0.000000      3.264298      0.000000
11750.0     10.653491      0.000000      3.263967      0.000000
11800.0     10.651329      0.000000      3.263636      0.000000
11850.0     10.649166      0.000000      3.263305      0.000000
11900.0     10.647003      0.000000      3.262973      0.000000
11950.0     10.644841      0.000000      3.262641      0.000000
12000.0     10.642681      0.000000      3.262310      0.000000
12050.0     10.640525      0.000000      3.261980      0.000000
12100.0     10.638374      0.000000      3.261650      0.000000
12150.0     10.636230      0.000000      3.261321      0.000000
12200.0     10.634093      0.000000      3.260994      0.000000
12250.0     10.631965      0.000000      3.260668      0.000000
12300.0     10.629846      0.000000      3.260344      0.000000
12350.0     10.627739      0.000000      3.260021      0.000000
12400.0     10.625644      0.000000      3.259700      0.000000
12450.0     10.623562      0.000000      3.259381      0.000000
12500.0     10.621489      0.000000      3.259064      0.000000
12550.0     10.619422      0.000000      3.258748      0.000000
12600.0     10.617355      0.000000      3.258431      0.000000
12650.0     10.615284      0.000000      3.258114      0.000000
12700.0     10.613205      0.000000      3.257795      0.000000
12750.0     10.611114      0.000000      3.257475      0.000000
12800.0     10.609006      0.000000      3.257152      0.000000
12850.0     10.606877      0.000000      3.256826      0.000000
12900.0     10.604722      0.000000      3.256496      0.000000
12950.0     10.602537      0.000000      3.256161      0.000000
13000.0     10.600318      0.000000      3.255821      0.000000
13050.0     10.598060      0.000000      3.255474      0.000000
13100.0     10.595759      0.000000      3.255121      0.000000
13150.0     10.593411      0.000000      3.254761      0.000000
13200.0     10.591012      0.000000      3.254393      0.000000
13250.0     10.588556      0.000000      3.254015      0.000000
13300.0     10.586040      0.000000      3.253628      0.000000
13350.0     10.583459      0.000000      3.253231      0.000000
13400.0     10.580808      0.000000      3.252824      0.000000
13450.0     10.578084      0.000000      3.252405      0.000000
13500.0     10.575283      0.000000      3.251973      0.000000
13550.0     10.572399      0.000003      3.251529      0.000000
13600.0     10.569428      0.000000      3.251071      0.000000
13650.0     10.566367      0.000000      3.250599      0.000000
13700.0     10.563210      0.000000      3.250112      0.000000
13750.0     10.559953      0.000058      3.249609      0.000009
13800.0     10.556593      0.000176      3.249090      0.000027
13850.0     10.553132      0.000353      3.248556      0.000055
13900.0     10.549579      0.000564      3.248007      0.000088
13950.0     10.545947      0.000784      3.247445      0.000123
14000.0     10.542247      0.001011      3.246873      0.000159
14050.0     10.538491      0.001249      3.246292      0.000196
14100.0     10.534689      0.001495      3.245704      0.000235
14150.0     10.530853      0.001744      3.245111      0.000274
14200.0     10.526995      0.001994      3.244514      0.000314
14250.0     10.523126      0.002243      3.243915      0.000353
14300.0     10.519258      0.002488      3.243317      0.000392
14350.0     10.515402      0.002726      3.242721      0.000430
14400.0     10.511569      0.002954      3.242128      0.000466
14450.0     10.507770      0.003170      3.241541      0.000500
14500.0     10.504017      0.003372      3.240960      0.000532
14550.0     10.500322      0.003556      3.240388      0.000561
14600.0     10.496696      0.003720      3.239827      0.000587
14650.0     10.493149      0.003861      3.239279      0.000609
14700.0     10.489694      0.003977      3.238745      0.000627
14750.0     10.486342      0.004065      3.238227      0.000641
14800.0     10.483105      0.004122      3.237727      0.000650
14850.0     10.479994      0.004145      3.237247      0.000654
14900.0     10.477019      0.004132      3.236788      0.000652
14950.0     10.474192      0.004079      3.236353      0.000644
