#Lambda        Dielectric Constant          Refractive Index
# [nm]        [Real]        [Imag]        [Real]        [Imag]
   80.0      0.207935      0.864452      0.740629      0.583280
   85.0      0.137511      0.993915      0.752997      0.658160
   90.0      0.033730      1.128003      0.762296      0.739761
   95.0     -0.073994      1.271538      0.775932      0.820662
  100.0     -0.156250      1.431047      0.801313      0.893441
  105.0     -0.202283      1.605602      0.839697      0.954342
  110.0     -0.275971      1.762731      0.867753      1.014262
  115.0     -0.417606      1.887327      0.871691      1.082072
  120.0     -0.498491      2.065275      0.900480      1.143875
  125.0     -0.405949      2.348361      0.991562      1.182264
  130.0     -0.260359      2.550966      1.073499      1.188557
  135.0     -0.214063      2.505573      1.072581      1.166376
  140.0     -0.314199      2.354462      1.014886      1.159823
  145.0     -0.565002      2.282752      0.946811      1.210081
  150.0     -0.904295      2.337115      0.896246      1.306176
  155.0     -1.257379      2.516916      0.880940      1.424104
  160.0     -1.565868      2.770745      0.896573      1.539913
  165.0     -1.806249      3.054008      0.932990      1.638756
  170.0     -2.078181      3.400165      0.978764      1.742161
  175.0     -2.419831      3.836325      1.029250      1.861463
  180.0     -2.500229      4.286158      1.108204      1.930864
  185.0     -2.104849      4.653038      1.223770      1.902699
  190.0     -1.854086      4.862613      1.293253      1.878984
  195.0     -2.377072      4.943503      1.252451      1.972987
  200.0     -3.502963      5.313961      1.201987      2.193311
  205.0     -4.860892      6.295150      1.244618      2.504564
  210.0     -6.079888      7.430258      1.326811      2.800048
  215.0     -7.006638      8.267894      1.378670      3.002228
  220.0     -8.358575      9.156340      1.421123      3.221516
  225.0    -10.571180     10.754854      1.517264      3.562427
  230.0    -12.081386     14.166918      1.808025      3.917937
  235.0    -11.244436     19.795095      2.376845      4.140651
  240.0     -8.087367     24.794031      2.999350      4.133225
  245.0     -3.272681     26.502076      3.441573      3.863374
  250.0      1.667040     26.240302      3.739000      3.509000
  255.0      5.373971     25.762778      3.970404      3.239915
  260.0      8.059388     24.572822      4.118257      2.983397
  265.0     10.143135     22.041435      4.154043      2.652762
  270.0     11.310218     19.261082      4.101599      2.348015
  275.0     11.289643     17.425598      3.999628      2.178906
  280.0     10.721261     16.412826      3.893942      2.107481
  285.0     10.303028     15.832718      3.821796      2.071091
  290.0     10.054491     15.539670      3.779104      2.056001
  295.0      9.855168     15.468203      3.754428      2.060848
  300.0      9.702878     15.628906      3.748250      2.084826
  305.0      9.625250     16.012753      3.762128      2.125206
  310.0      9.650859     16.456180      3.790000      2.171000
  315.0      9.784003     16.985401      3.833751      2.225329
  320.0      9.930926     18.540274      3.934679      2.356013
  325.0     10.434466     21.616706      4.146007      2.580715
  330.0     13.481886     24.021150      4.529242      2.651783
  335.0     20.306349     23.491026      5.073109      2.351274
  340.0     26.480204     20.177069      5.466915      1.845410
  345.0     27.734684     15.101661      5.442915      1.362527
  350.0     26.097367     10.360467      5.204588      0.995248
  355.0     24.513488      7.701534      5.010940      0.779204
  360.0     23.302560      6.409147      4.871882      0.657777
  365.0     22.195097      5.394134      4.745215      0.565037
  370.0     21.191337      4.537247      4.629413      0.490044
  375.0     20.340792      3.921956      4.530829      0.433850
  380.0     19.620355      3.472688      4.446665      0.390482
  385.0     18.993686      3.094921      4.372523      0.353602
  390.0     18.444130      2.777400      4.306751      0.322447
  395.0     17.960125      2.522992      4.248328      0.297044
  400.0     17.530791      2.307800      4.196000      0.275000
  405.0     17.146644      2.108391      4.148645      0.254070
  410.0     16.803087      1.929957      4.105889      0.235023
  415.0     16.497391      1.781137      4.067591      0.218952
  420.0     16.229397      1.655739      4.033796      0.205235
  425.0     15.997832      1.540706      4.004357      0.192398
  430.0     15.794401      1.410356      3.978168      0.177263
  435.0     15.612762      1.243393      3.954407      0.157175
  440.0     15.461411      1.048692      3.934358      0.133274
  445.0     15.332320      0.839075      3.917172      0.107193
  450.0     15.136529      0.612988      3.891367      0.078755
  455.0     14.804173      0.378751      3.847859      0.049061
  460.0     14.422696      0.198557      3.797797      0.026139
  465.0     14.105073      0.123312      3.755723      0.016549
  470.0     13.909099      0.104900      3.729522      0.014065
  475.0     13.841573      0.084619      3.720366      0.011179
  480.0     13.760504      0.060442      3.709244      0.008051
  485.0     13.539620      0.042164      3.679206      0.006214
  490.0     13.264307      0.030188      3.641739      0.005025
  495.0     13.045930      0.022615      3.611827      0.003611
  500.0     12.888094      0.017735      3.590000      0.002370
  505.0     12.767942      0.014109      3.573228      0.001807
  510.0     12.664520      0.011206      3.558696      0.001592
  515.0     12.561310      0.008772      3.544171      0.001301
  520.0     12.457631      0.006748      3.529542      0.000973
  525.0     12.356058      0.005104      3.515139      0.000726
  530.0     12.256338      0.003735      3.500928      0.000540
  535.0     12.156402      0.002542      3.486618      0.000370
  540.0     12.049728      0.001544      3.471268      0.000222
  545.0     11.935625      0.000783      3.454780      0.000112
  550.0     11.841169      0.000289      3.441100      0.000042
  555.0     11.786497      0.000063      3.433161      0.000009
  560.0     11.736216      0.000001      3.425816      0.000000
  565.0     11.655606      0.000000      3.414018      0.000000
  570.0     11.568161      0.000000      3.401200      0.000000
  575.0     11.502486      0.000000      3.391539      0.000000
  580.0     11.449426      0.000000      3.383700      0.000000
  585.0     11.394546      0.000000      3.375577      0.000000
  590.0     11.340056      0.000000      3.367500      0.000000
  595.0     11.289936      0.000000      3.360054      0.000000
  600.0     11.238586      0.000000      3.352400      0.000000
  605.0     11.183600      0.000000      3.344184      0.000000
  610.0     11.144915      0.000000      3.338400      0.000000
  615.0     11.135181      0.000000      3.336949      0.000000
  620.0     11.115556      0.000000      3.334000      0.000000
  625.0     11.051515      0.000000      3.324370      0.000000
  630.0     10.977294      0.000000      3.313200      0.000000
  635.0     10.931552      0.000000      3.306297      0.000000
  640.0     10.901883      0.000000      3.301800      0.000000
  645.0     10.868354      0.000000      3.296716      0.000000
  650.0     10.831997      0.000000      3.291200      0.000000
  655.0     10.797802      0.000000      3.286002      0.000000
  660.0     10.765617      0.000000      3.281100      0.000000
  665.0     10.734236      0.000000      3.276314      0.000000
  670.0     10.703367      0.000000      3.271600      0.000000
  675.0     10.673152      0.000000      3.266979      0.000000
  680.0     10.644559      0.000000      3.262600      0.000000
  685.0     10.617791      0.000000      3.258496      0.000000
  690.0     10.589167      0.000000      3.254100      0.000000
  695.0     10.557795      0.000000      3.249276      0.000000
  700.0     10.537814      0.000000      3.246200      0.000000
  705.0     10.539400      0.000000      3.246441      0.000000
  710.0     10.541841      0.000000      3.246815      0.000000
  715.0     10.524453      0.000000      3.244141      0.000000
  720.0     10.497556      0.000000      3.240000      0.000000
  725.0     10.475254      0.000000      3.236556      0.000000
  730.0     10.455783      0.000000      3.233539      0.000000
  735.0     10.434766      0.000000      3.230281      0.000000
  740.0     10.413256      0.000000      3.226946      0.000000
  745.0     10.393480      0.000000      3.223879      0.000000
  750.0     10.376950      0.000000      3.221317      0.000000
  755.0     10.364541      0.000000      3.219399      0.000000
  760.0     10.355305      0.000000      3.217976      0.000000
  765.0     10.346366      0.000000      3.216596      0.000000
  770.0     10.328961      0.000000      3.213887      0.000000
  775.0     10.295180      0.000000      3.208608      0.000000
  780.0     10.246428      0.000000      3.200980      0.000000
  785.0     10.189208      0.000000      3.192022      0.000000
  790.0     10.141114      0.000000      3.184492      0.000000
  795.0     10.119726      0.000000      3.181148      0.000000
  800.0     10.131489      0.000000      3.183000      0.000000
  805.0     10.171978      0.000000      3.189353      0.000000
  810.0     10.204416      0.000000      3.194441      0.000000
  815.0     10.195513      0.000000      3.193042      0.000000
  820.0     10.158264      0.000000      3.187196      0.000000
  825.0     10.114023      0.000000      3.180251      0.000000
  830.0     10.071291      0.000000      3.173540      0.000000
  835.0     10.034305      0.000000      3.167727      0.000000
  840.0     10.003086      0.000000      3.162817      0.000000
  845.0      9.976719      0.000000      3.158666      0.000000
  850.0      9.954762      0.000000      3.155204      0.000000
  855.0      9.936857      0.000000      3.152376      0.000000
  860.0      9.922521      0.000000      3.150106      0.000000
  865.0      9.911248      0.000000      3.148315      0.000000
  870.0      9.902566      0.000000      3.146930      0.000000
  875.0      9.896008      0.000000      3.145877      0.000000
  880.0      9.891100      0.000000      3.145083      0.000000
  885.0      9.887364      0.000000      3.144472      0.000000
  890.0      9.884327      0.000000      3.143971      0.000000
  895.0      9.881513      0.000000      3.143505      0.000000
  900.0      9.878449      0.000000      3.143000      0.000000
  905.0      9.874746      0.000000      3.142396      0.000000
  910.0      9.870365      0.000000      3.141686      0.000000
  915.0      9.865353      0.000000      3.140878      0.000000
  920.0      9.859757      0.000000      3.139978      0.000000
  925.0      9.853625      0.000000      3.138995      0.000000
  930.0      9.847004      0.000000      3.137936      0.000000
  935.0      9.839941      0.000000      3.136808      0.000000
  940.0      9.832483      0.000000      3.135618      0.000000
  945.0      9.824678      0.000000      3.134373      0.000000
  950.0      9.816572      0.000000      3.133082      0.000000
  955.0      9.808214      0.000000      3.131751      0.000000
  960.0      9.799650      0.000000      3.130388      0.000000
  965.0      9.790927      0.000000      3.129000      0.000000
  970.0      9.782094      0.000000      3.127594      0.000000
  975.0      9.773197      0.000000      3.126178      0.000000
  980.0      9.764284      0.000000      3.124759      0.000000
  985.0      9.755401      0.000000      3.123344      0.000000
  990.0      9.746596      0.000000      3.121941      0.000000
  995.0      9.737916      0.000000      3.120557      0.000000
 1000.0      9.729409      0.000000      3.119200      0.000000
 1005.0      9.721113      0.000000      3.117875      0.000000
 1010.0      9.713031      0.000000      3.116583      0.000000
 1015.0      9.705159      0.000000      3.115323      0.000000
 1020.0      9.697490      0.000000      3.114095      0.000000
 1025.0      9.690020      0.000000      3.112898      0.000000
 1030.0      9.682743      0.000000      3.111730      0.000000
 1035.0      9.675655      0.000000      3.110591      0.000000
 1040.0      9.668749      0.000000      3.109481      0.000000
 1045.0      9.662021      0.000000      3.108399      0.000000
 1050.0      9.655465      0.000000      3.107344      0.000000
 1055.0      9.649076      0.000000      3.106314      0.000000
 1060.0      9.642849      0.000000      3.105310      0.000000
 1065.0      9.636779      0.000000      3.104330      0.000000
 1070.0      9.630860      0.000000      3.103375      0.000000
 1075.0      9.625087      0.000000      3.102443      0.000000
 1080.0      9.619454      0.000000      3.101533      0.000000
 1085.0      9.613956      0.000000      3.100644      0.000000
 1090.0      9.608589      0.000000      3.099776      0.000000
 1095.0      9.603347      0.000000      3.098928      0.000000
 1100.0      9.598224      0.000000      3.098100      0.000000
 1105.0      9.593216      0.000000      3.097290      0.000000
 1110.0      9.588317      0.000000      3.096498      0.000000
 1115.0      9.583523      0.000000      3.095722      0.000000
 1120.0      9.578829      0.000000      3.094963      0.000000
 1125.0      9.574231      0.000000      3.094219      0.000000
 1130.0      9.569724      0.000000      3.093490      0.000000
 1135.0      9.565303      0.000000      3.092775      0.000000
 1140.0      9.560963      0.000000      3.092073      0.000000
 1145.0      9.556700      0.000000      3.091384      0.000000
 1150.0      9.552509      0.000000      3.090706      0.000000
 1155.0      9.548385      0.000000      3.090039      0.000000
 1160.0      9.544324      0.000000      3.089382      0.000000
 1165.0      9.540320      0.000000      3.088735      0.000000
 1170.0      9.536370      0.000000      3.088096      0.000000
 1175.0      9.532469      0.000000      3.087465      0.000000
 1180.0      9.528611      0.000000      3.086841      0.000000
 1185.0      9.524792      0.000000      3.086223      0.000000
 1190.0      9.521007      0.000000      3.085611      0.000000
 1195.0      9.517252      0.000000      3.085004      0.000000
 1200.0      9.513523      0.000000      3.084400      0.000000
 1205.0      9.509815      0.000000      3.083800      0.000000
 1210.0      9.506126      0.000000      3.083203      0.000000
 1215.0      9.502457      0.000000      3.082610      0.000000
 1220.0      9.498809      0.000001      3.082020      0.000000
 1225.0      9.495181      0.000002      3.081433      0.000000
 1230.0      9.491573      0.000002      3.080849      0.000000
 1235.0      9.487985      0.000002      3.080268      0.000000
 1240.0      9.484417      0.000002      3.079691      0.000000
 1245.0      9.480869      0.000002      3.079117      0.000000
 1250.0      9.477340      0.000003      3.078546      0.000001
 1255.0      9.473831      0.000004      3.077978      0.000001
 1260.0      9.470342      0.000004      3.077414      0.000001
 1265.0      9.466873      0.000005      3.076852      0.000001
 1270.0      9.463423      0.000005      3.076294      0.000001
 1275.0      9.459993      0.000005      3.075739      0.000001
 1280.0      9.456582      0.000006      3.075187      0.000001
 1285.0      9.453191      0.000007      3.074639      0.000001
 1290.0      9.449819      0.000008      3.074093      0.000001
 1295.0      9.446466      0.000008      3.073550      0.000002
 1300.0      9.443133      0.000009      3.073010      0.000002
 1305.0      9.439819      0.000010      3.072474      0.000002
 1310.0      9.436524      0.000011      3.071941      0.000002
 1315.0      9.433248      0.000012      3.071411      0.000002
 1320.0      9.429992      0.000012      3.070883      0.000002
 1325.0      9.426755      0.000013      3.070359      0.000002
 1330.0      9.423536      0.000014      3.069838      0.000002
 1335.0      9.420336      0.000015      3.069320      0.000002
 1340.0      9.417155      0.000016      3.068805      0.000003
 1345.0      9.413993      0.000017      3.068293      0.000003
 1350.0      9.410850      0.000018      3.067785      0.000003
 1355.0      9.407725      0.000019      3.067279      0.000003
 1360.0      9.404619      0.000020      3.066776      0.000003
 1365.0      9.401532      0.000021      3.066276      0.000003
 1370.0      9.398463      0.000022      3.065779      0.000004
 1375.0      9.395413      0.000023      3.065285      0.000004
 1380.0      9.392381      0.000024      3.064794      0.000004
 1385.0      9.389367      0.000026      3.064306      0.000004
 1390.0      9.386372      0.000027      3.063821      0.000004
 1395.0      9.383395      0.000028      3.063339      0.000005
 1400.0      9.380437      0.000029      3.062860      0.000005
 1405.0      9.377497      0.000030      3.062384      0.000005
 1410.0      9.374575      0.000032      3.061911      0.000005
 1415.0      9.371670      0.000033      3.061441      0.000006
 1420.0      9.368784      0.000034      3.060973      0.000006
 1425.0      9.365916      0.000035      3.060509      0.000006
 1430.0      9.363066      0.000037      3.060047      0.000006
 1435.0      9.360234      0.000039      3.059588      0.000007
 1440.0      9.357419      0.000040      3.059132      0.000007
 1445.0      9.354622      0.000041      3.058679      0.000007
 1450.0      9.351843      0.000043      3.058229      0.000007
 1455.0      9.349082      0.000045      3.057782      0.000008
 1460.0      9.346338      0.000046      3.057337      0.000008
 1465.0      9.343612      0.000047      3.056895      0.000008
 1470.0      9.340904      0.000049      3.056456      0.000008
 1475.0      9.338213      0.000051      3.056020      0.000008
 1480.0      9.335539      0.000052      3.055587      0.000009
 1485.0      9.332882      0.000053      3.055157      0.000009
 1490.0      9.330243      0.000055      3.054729      0.000009
 1495.0      9.327621      0.000057      3.054304      0.000009
 1500.0      9.325016      0.000059      3.053882      0.000010
 1505.0      9.322428      0.000060      3.053463      0.000010
 1510.0      9.319858      0.000062      3.053046      0.000010
 1515.0      9.317305      0.000064      3.052632      0.000010
 1520.0      9.314768      0.000066      3.052221      0.000011
 1525.0      9.312249      0.000068      3.051813      0.000011
 1530.0      9.309746      0.000069      3.051407      0.000011
 1535.0      9.307260      0.000071      3.051004      0.000011
 1540.0      9.304791      0.000073      3.050603      0.000012
 1545.0      9.302339      0.000075      3.050206      0.000013
 1550.0      9.299903      0.000077      3.049811      0.000013
 1555.0      9.297484      0.000079      3.049419      0.000013
 1560.0      9.295082      0.000081      3.049029      0.000013
 1565.0      9.292696      0.000083      3.048642      0.000013
 1570.0      9.290326      0.000084      3.048258      0.000014
 1575.0      9.287973      0.000086      3.047877      0.000015
 1580.0      9.285637      0.000088      3.047498      0.000015
 1585.0      9.283317      0.000091      3.047121      0.000015
 1590.0      9.281012      0.000093      3.046747      0.000015
 1595.0      9.278724      0.000095      3.046376      0.000015
 1600.0      9.276452      0.000097      3.046008      0.000016
 1605.0      9.274197      0.000099      3.045642      0.000017
 1610.0      9.271957      0.000101      3.045279      0.000017
 1615.0      9.269733      0.000103      3.044918      0.000017
 1620.0      9.267525      0.000105      3.044560      0.000017
 1625.0      9.265334      0.000108      3.044204      0.000017
 1630.0      9.263158      0.000110      3.043851      0.000018
 1635.0      9.260998      0.000112      3.043500      0.000018
 1640.0      9.258853      0.000114      3.043152      0.000019
 1645.0      9.256724      0.000116      3.042807      0.000020
 1650.0      9.254611      0.000119      3.042464      0.000020
 1655.0      9.252513      0.000121      3.042124      0.000020
 1660.0      9.250431      0.000123      3.041786      0.000020
 1665.0      9.248364      0.000125      3.041450      0.000020
 1670.0      9.246313      0.000128      3.041117      0.000021
 1675.0      9.244277      0.000131      3.040787      0.000022
 1680.0      9.242257      0.000133      3.040459      0.000022
 1685.0      9.240251      0.000135      3.040133      0.000022
 1690.0      9.238261      0.000138      3.039810      0.000023
 1695.0      9.236286      0.000141      3.039489      0.000024
 1700.0      9.234326      0.000143      3.039171      0.000024
 1705.0      9.232381      0.000145      3.038855      0.000024
 1710.0      9.230452      0.000148      3.038542      0.000024
 1715.0      9.228537      0.000150      3.038231      0.000024
 1720.0      9.226637      0.000153      3.037922      0.000025
 1725.0      9.224752      0.000156      3.037616      0.000026
 1730.0      9.222881      0.000158      3.037312      0.000026
 1735.0      9.221026      0.000160      3.037011      0.000026
 1740.0      9.219185      0.000163      3.036712      0.000027
 1745.0      9.217359      0.000166      3.036415      0.000028
 1750.0      9.215547      0.000168      3.036121      0.000028
 1755.0      9.213750      0.000170      3.035829      0.000028
 1760.0      9.211967      0.000173      3.035539      0.000029
 1765.0      9.210199      0.000176      3.035251      0.000030
 1770.0      9.208445      0.000179      3.034966      0.000030
 1775.0      9.206705      0.000181      3.034683      0.000030
 1780.0      9.204980      0.000184      3.034403      0.000030
 1785.0      9.203269      0.000187      3.034125      0.000030
 1790.0      9.201572      0.000190      3.033849      0.000031
 1795.0      9.199889      0.000193      3.033575      0.000032
 1800.0      9.198220      0.000195      3.033304      0.000032
 1805.0      9.196565      0.000198      3.033035      0.000032
 1810.0      9.194924      0.000201      3.032768      0.000033
 1815.0      9.193297      0.000204      3.032503      0.000034
 1820.0      9.191684      0.000206      3.032241      0.000034
 1825.0      9.190085      0.000209      3.031981      0.000034
 1830.0      9.188499      0.000212      3.031723      0.000035
 1835.0      9.186927      0.000215      3.031467      0.000036
 1840.0      9.185369      0.000218      3.031214      0.000036
 1845.0      9.183825      0.000220      3.030962      0.000036
 1850.0      9.182294      0.000223      3.030713      0.000037
 1855.0      9.180776      0.000226      3.030466      0.000038
 1860.0      9.179272      0.000229      3.030222      0.000038
 1865.0      9.177781      0.000232      3.029979      0.000038
 1870.0      9.176303      0.000235      3.029738      0.000039
 1875.0      9.174839      0.000238      3.029500      0.000040
 1880.0      9.173388      0.000241      3.029264      0.000040
 1885.0      9.171950      0.000244      3.029030      0.000040
 1890.0      9.170525      0.000247      3.028798      0.000041
 1895.0      9.169113      0.000250      3.028568      0.000042
 1900.0      9.167715      0.000253      3.028340      0.000042
 1905.0      9.166329      0.000256      3.028114      0.000042
 1910.0      9.164956      0.000259      3.027890      0.000043
 1915.0      9.163596      0.000262      3.027668      0.000044
 1920.0      9.162249      0.000265      3.027449      0.000044
 1925.0      9.160915      0.000268      3.027231      0.000044
 1930.0      9.159593      0.000271      3.027016      0.000045
 1935.0      9.158284      0.000274      3.026803      0.000046
 1940.0      9.156987      0.000277      3.026592      0.000046
 1945.0      9.155703      0.000280      3.026383      0.000046
 1950.0      9.154432      0.000284      3.026175      0.000047
 1955.0      9.153173      0.000287      3.025969      0.000048
 1960.0      9.151926      0.000290      3.025766      0.000048
 1965.0      9.150692      0.000293      3.025565      0.000048
 1970.0      9.149470      0.000296      3.025366      0.000049
 1975.0      9.148260      0.000299      3.025169      0.000050
 1980.0      9.147062      0.000303      3.024973      0.000050
 1985.0      9.145876      0.000306      3.024780      0.000050
 1990.0      9.144703      0.000309      3.024588      0.000051
 1995.0      9.143542      0.000312      3.024398      0.000052
 2000.0      9.142392      0.000315      3.024210      0.000052
 2005.0      9.141255      0.000319      3.024024      0.000052
 2010.0      9.140129      0.000322      3.023841      0.000053
 2015.0      9.139015      0.000325      3.023659      0.000054
 2020.0      9.137913      0.000328      3.023479      0.000054
 2025.0      9.136822      0.000331      3.023301      0.000054
 2030.0      9.135743      0.000335      3.023124      0.000055
 2035.0      9.134676      0.000338      3.022949      0.000056
 2040.0      9.133621      0.000341      3.022777      0.000057
 2045.0      9.132577      0.000344      3.022607      0.000058
 2050.0      9.131544      0.000348      3.022438      0.000058
 2055.0      9.130522      0.000352      3.022271      0.000058
 2060.0      9.129512      0.000355      3.022106      0.000059
 2065.0      9.128513      0.000358      3.021943      0.000060
 2070.0      9.127526      0.000361      3.021781      0.000060
 2075.0      9.126549      0.000364      3.021621      0.000060
 2080.0      9.125584      0.000368      3.021463      0.000061
 2085.0      9.124630      0.000372      3.021307      0.000062
 2090.0      9.123687      0.000375      3.021152      0.000062
 2095.0      9.122755      0.000378      3.021000      0.000063
 2100.0      9.121834      0.000381      3.020849      0.000063
 2105.0      9.120924      0.000384      3.020700      0.000063
 2110.0      9.120024      0.000388      3.020552      0.000064
 2115.0      9.119135      0.000391      3.020407      0.000065
 2120.0      9.118257      0.000395      3.020263      0.000065
 2125.0      9.117389      0.000399      3.020121      0.000065
 2130.0      9.116532      0.000402      3.019980      0.000066
 2135.0      9.115686      0.000405      3.019841      0.000067
 2140.0      9.114850      0.000408      3.019704      0.000068
 2145.0      9.114025      0.000411      3.019569      0.000069
 2150.0      9.113210      0.000415      3.019435      0.000069
 2155.0      9.112405      0.000419      3.019303      0.000069
 2160.0      9.111611      0.000422      3.019172      0.000070
 2165.0      9.110827      0.000425      3.019043      0.000071
 2170.0      9.110053      0.000429      3.018916      0.000071
 2175.0      9.109289      0.000433      3.018791      0.000071
 2180.0      9.108535      0.000436      3.018667      0.000072
 2185.0      9.107792      0.000440      3.018545      0.000073
 2190.0      9.107058      0.000443      3.018424      0.000073
 2195.0      9.106334      0.000446      3.018305      0.000073
 2200.0      9.105620      0.000450      3.018188      0.000074
 2205.0      9.104916      0.000454      3.018072      0.000075
 2210.0      9.104222      0.000457      3.017957      0.000076
 2215.0      9.103537      0.000460      3.017844      0.000077
 2220.0      9.102862      0.000463      3.017733      0.000077
 2225.0      9.102197      0.000466      3.017624      0.000077
 2230.0      9.101541      0.000470      3.017516      0.000078
 2235.0      9.100895      0.000474      3.017409      0.000079
 2240.0      9.100258      0.000477      3.017304      0.000079
 2245.0      9.099630      0.000480      3.017201      0.000080
 2250.0      9.099012      0.000484      3.017099      0.000080
 2255.0      9.098403      0.000488      3.016998      0.000080
 2260.0      9.097804      0.000491      3.016899      0.000081
 2265.0      9.097214      0.000494      3.016801      0.000082
 2270.0      9.096633      0.000498      3.016705      0.000083
 2275.0      9.096060      0.000502      3.016611      0.000084
 2280.0      9.095497      0.000505      3.016518      0.000084
 2285.0      9.094943      0.000508      3.016426      0.000084
 2290.0      9.094398      0.000512      3.016336      0.000085
 2295.0      9.093862      0.000516      3.016247      0.000086
 2300.0      9.093334      0.000519      3.016159      0.000086
 2305.0      9.092815      0.000522      3.016073      0.000086
 2310.0      9.092305      0.000526      3.015989      0.000087
 2315.0      9.091804      0.000530      3.015906      0.000088
 2320.0      9.091311      0.000533      3.015824      0.000088
 2325.0      9.090827      0.000536      3.015743      0.000088
 2330.0      9.090351      0.000540      3.015664      0.000089
 2335.0      9.089884      0.000544      3.015586      0.000090
 2340.0      9.089425      0.000547      3.015510      0.000091
 2345.0      9.088975      0.000550      3.015435      0.000092
 2350.0      9.088533      0.000554      3.015362      0.000092
 2355.0      9.088099      0.000558      3.015289      0.000092
 2360.0      9.087673      0.000561      3.015218      0.000093
 2365.0      9.087255      0.000565      3.015148      0.000093
 2370.0      9.086846      0.000568      3.015080      0.000094
 2375.0      9.086445      0.000571      3.015013      0.000095
 2380.0      9.086051      0.000575      3.014947      0.000095
 2385.0      9.085666      0.000579      3.014883      0.000095
 2390.0      9.085288      0.000582      3.014820      0.000096
 2395.0      9.084918      0.000585      3.014758      0.000097
 2400.0      9.084556      0.000589      3.014697      0.000098
 2405.0      9.084202      0.000593      3.014637      0.000099
 2410.0      9.083855      0.000596      3.014579      0.000099
 2415.0      9.083516      0.000599      3.014522      0.000099
 2420.0      9.083185      0.000603      3.014466      0.000100
 2425.0      9.082861      0.000607      3.014411      0.000101
 2430.0      9.082544      0.000610      3.014358      0.000101
 2435.0      9.082235      0.000613      3.014306      0.000101
 2440.0      9.081933      0.000617      3.014255      0.000102
 2445.0      9.081639      0.000621      3.014205      0.000103
 2450.0      9.081352      0.000624      3.014157      0.000103
 2455.0      9.081072      0.000627      3.014109      0.000103
 2460.0      9.080799      0.000631      3.014063      0.000104
 2465.0      9.080534      0.000635      3.014018      0.000105
 2470.0      9.080275      0.000638      3.013974      0.000106
 2475.0      9.080023      0.000641      3.013931      0.000107
 2480.0      9.079778      0.000645      3.013889      0.000107
 2485.0      9.079541      0.000649      3.013848      0.000107
 2490.0      9.079310      0.000652      3.013809      0.000108
 2495.0      9.079086      0.000655      3.013771      0.000109
 2500.0      9.078868      0.000658      3.013733      0.000109
 2505.0      9.078657      0.000661      3.013696      0.000109
 2510.0      9.078453      0.000665      3.013661      0.000110
 2515.0      9.078255      0.000669      3.013627      0.000111
 2520.0      9.078064      0.000672      3.013594      0.000111
 2525.0      9.077879      0.000675      3.013562      0.000111
 2530.0      9.077701      0.000679      3.013531      0.000112
 2535.0      9.077529      0.000683      3.013501      0.000113
 2540.0      9.077364      0.000686      3.013472      0.000114
 2545.0      9.077205      0.000689      3.013444      0.000115
 2550.0      9.077052      0.000692      3.013417      0.000115
 2555.0      9.076905      0.000695      3.013391      0.000115
 2560.0      9.076764      0.000699      3.013365      0.000116
 2565.0      9.076629      0.000703      3.013341      0.000117
 2570.0      9.076500      0.000706      3.013318      0.000117
 2575.0      9.076378      0.000710      3.013296      0.000117
 2580.0      9.076261      0.000713      3.013275      0.000118
 2585.0      9.076150      0.000716      3.013254      0.000119
 2590.0      9.076044      0.000719      3.013235      0.000119
 2595.0      9.075945      0.000722      3.013217      0.000119
 2600.0      9.075851      0.000726      3.013200      0.000120
 2605.0      9.075763      0.000730      3.013183      0.000121
 2610.0      9.075680      0.000733      3.013167      0.000121
 2615.0      9.075603      0.000736      3.013152      0.000121
 2620.0      9.075531      0.000739      3.013139      0.000122
 2625.0      9.075465      0.000743      3.013126      0.000123
 2630.0      9.075404      0.000746      3.013114      0.000124
 2635.0      9.075348      0.000749      3.013103      0.000125
 2640.0      9.075298      0.000752      3.013092      0.000125
 2645.0      9.075253      0.000755      3.013083      0.000125
 2650.0      9.075213      0.000759      3.013074      0.000126
 2655.0      9.075179      0.000762      3.013066      0.000127
 2660.0      9.075149      0.000765      3.013059      0.000127
 2665.0      9.075124      0.000768      3.013053      0.000127
 2670.0      9.075104      0.000772      3.013047      0.000128
 2675.0      9.075089      0.000775      3.013042      0.000129
 2680.0      9.075079      0.000778      3.013038      0.000129
 2685.0      9.075074      0.000781      3.013035      0.000129
 2690.0      9.075074      0.000784      3.013033      0.000130
 2695.0      9.075078      0.000788      3.013031      0.000131
 2700.0      9.075087      0.000791      3.013030      0.000131
 2705.0      9.075100      0.000794      3.013029      0.000131
 2710.0      9.075118      0.000797      3.013030      0.000132
 2715.0      9.075140      0.000800      3.013032      0.000133
 2720.0      9.075167      0.000803      3.013034      0.000133
 2725.0      9.075198      0.000806      3.013037      0.000133
 2730.0      9.075234      0.000809      3.013040      0.000134
 2735.0      9.075274      0.000812      3.013044      0.000135
 2740.0      9.075318      0.000815      3.013049      0.000135
 2745.0      9.075366      0.000819      3.013055      0.000135
 2750.0      9.075418      0.000822      3.013061      0.000136
 2755.0      9.075474      0.000825      3.013068      0.000137
 2760.0      9.075535      0.000828      3.013075      0.000137
 2765.0      9.075600      0.000831      3.013083      0.000137
 2770.0      9.075668      0.000834      3.013092      0.000138
 2775.0      9.075740      0.000837      3.013101      0.000139
 2780.0      9.075816      0.000840      3.013111      0.000139
 2785.0      9.075896      0.000843      3.013122      0.000139
 2790.0      9.075979      0.000846      3.013133      0.000140
 2795.0      9.076066      0.000849      3.013145      0.000141
 2800.0      9.076156      0.000851      3.013157      0.000141
 2805.0      9.076250      0.000854      3.013170      0.000141
 2810.0      9.076348      0.000857      3.013183      0.000142
 2815.0      9.076449      0.000860      3.013197      0.000143
 2820.0      9.076554      0.000863      3.013212      0.000143
 2825.0      9.076662      0.000866      3.013227      0.000143
 2830.0      9.076773      0.000869      3.013242      0.000144
 2835.0      9.076887      0.000872      3.013258      0.000145
 2840.0      9.077004      0.000875      3.013275      0.000145
 2845.0      9.077124      0.000877      3.013292      0.000145
 2850.0      9.077248      0.000880      3.013310      0.000146
 2855.0      9.077375      0.000883      3.013328      0.000147
 2860.0      9.077505      0.000886      3.013347      0.000147
 2865.0      9.077638      0.000889      3.013366      0.000147
 2870.0      9.077773      0.000891      3.013386      0.000148
 2875.0      9.077911      0.000894      3.013406      0.000149
 2880.0      9.078052      0.000897      3.013426      0.000149
 2885.0      9.078196      0.000900      3.013447      0.000149
 2890.0      9.078342      0.000902      3.013468      0.000149
 2895.0      9.078491      0.000904      3.013490      0.000149
 2900.0      9.078642      0.000907      3.013512      0.000150
 2905.0      9.078796      0.000910      3.013535      0.000151
 2910.0      9.078952      0.000913      3.013558      0.000151
 2915.0      9.079111      0.000916      3.013581      0.000151
 2920.0      9.079272      0.000918      3.013605      0.000152
 2925.0      9.079435      0.000920      3.013629      0.000153
 2930.0      9.079601      0.000923      3.013654      0.000153
 2935.0      9.079769      0.000926      3.013679      0.000153
 2940.0      9.079939      0.000928      3.013704      0.000154
 2945.0      9.080111      0.000930      3.013729      0.000155
 2950.0      9.080285      0.000933      3.013755      0.000155
 2955.0      9.080461      0.000935      3.013781      0.000155
 2960.0      9.080639      0.000938      3.013808      0.000155
 2965.0      9.080819      0.000941      3.013834      0.000155
 2970.0      9.081000      0.000943      3.013861      0.000156
 2975.0      9.081183      0.000945      3.013888      0.000157
 2980.0      9.081368      0.000948      3.013916      0.000157
 2985.0      9.081555      0.000951      3.013944      0.000157
 2990.0      9.081743      0.000953      3.013972      0.000158
 2995.0      9.081933      0.000955      3.014000      0.000159
 3000.0      9.082124      0.000957      3.014029      0.000159
 3050.0      9.084108      0.000978      3.014327      0.000163
 3100.0      9.086186      0.001000      3.014641      0.000166
 3150.0      9.088303      0.001020      3.014961      0.000169
 3200.0      9.090407      0.001036      3.015279      0.000172
 3250.0      9.092446      0.001050      3.015587      0.000174
 3300.0      9.094369      0.001061      3.015877      0.000176
 3350.0      9.096122      0.001070      3.016139      0.000178
 3400.0      9.097654      0.001077      3.016366      0.000179
 3450.0      9.098912      0.001081      3.016550      0.000179
 3500.0      9.099844      0.001082      3.016681      0.000179
 3550.0      9.100397      0.001080      3.016752      0.000179
 3600.0      9.100519      0.001075      3.016753      0.000178
 3650.0      9.100158      0.001066      3.016677      0.000177
 3700.0      9.099262      0.001054      3.016515      0.000175
 3750.0      9.097778      0.001038      3.016259      0.000172
 3800.0      9.095653      0.001019      3.015900      0.000169
 3850.0      9.092878      0.000996      3.015437      0.000165
 3900.0      9.089609      0.000971      3.014894      0.000161
 3950.0      9.086046      0.000946      3.014304      0.000157
 4000.0      9.082388      0.000922      3.013700      0.000153
 4050.0      9.078799      0.000901      3.013107      0.000150
 4100.0      9.075311      0.000883      3.012531      0.000147
 4150.0      9.071921      0.000868      3.011971      0.000144
 4200.0      9.068626      0.000856      3.011426      0.000142
 4250.0      9.065423      0.000847      3.010896      0.000140
 4300.0      9.062309      0.000840      3.010381      0.000139
 4350.0      9.059281      0.000837      3.009881      0.000139
 4400.0      9.056336      0.000836      3.009394      0.000139
 4450.0      9.053473      0.000838      3.008920      0.000139
 4500.0      9.050687      0.000842      3.008459      0.000140
 4550.0      9.047976      0.000849      3.008010      0.000141
 4600.0      9.045336      0.000858      3.007573      0.000142
 4650.0      9.042766      0.000870      3.007148      0.000144
 4700.0      9.040262      0.000885      3.006733      0.000147
 4750.0      9.037821      0.000902      3.006329      0.000150
 4800.0      9.035441      0.000921      3.005934      0.000153
 4850.0      9.033118      0.000942      3.005548      0.000156
 4900.0      9.030850      0.000966      3.005172      0.000160
 4950.0      9.028635      0.000991      3.004805      0.000164
 5000.0      9.026468      0.001019      3.004445      0.000169
 5050.0      9.024347      0.001049      3.004093      0.000174
 5100.0      9.022269      0.001081      3.003747      0.000179
 5150.0      9.020232      0.001115      3.003408      0.000185
 5200.0      9.018233      0.001151      3.003076      0.000191
 5250.0      9.016268      0.001189      3.002749      0.000197
 5300.0      9.014335      0.001228      3.002427      0.000203
 5350.0      9.012431      0.001269      3.002110      0.000210
 5400.0      9.010553      0.001311      3.001797      0.000217
 5450.0      9.008698      0.001356      3.001487      0.000224
 5500.0      9.006863      0.001402      3.001181      0.000232
 5550.0      9.005046      0.001449      3.000878      0.000240
 5600.0      9.003244      0.001498      3.000577      0.000249
 5650.0      9.001453      0.001548      3.000278      0.000257
 5700.0      8.999671      0.001600      2.999980      0.000266
 5750.0      8.997895      0.001653      2.999683      0.000275
 5800.0      8.996122      0.001708      2.999386      0.000284
 5850.0      8.994350      0.001764      2.999089      0.000293
 5900.0      8.992575      0.001820      2.998791      0.000302
 5950.0      8.990794      0.001877      2.998492      0.000312
 6000.0      8.989005      0.001936      2.998192      0.000322
 6050.0      8.987205      0.001996      2.997890      0.000332
 6100.0      8.985391      0.002057      2.997585      0.000342
 6150.0      8.983559      0.002119      2.997277      0.000352
 6200.0      8.981708      0.002181      2.996966      0.000363
 6250.0      8.979834      0.002244      2.996651      0.000374
 6300.0      8.977935      0.002308      2.996332      0.000385
 6350.0      8.976007      0.002373      2.996008      0.000396
 6400.0      8.974048      0.002438      2.995678      0.000407
 6450.0      8.972055      0.002504      2.995342      0.000418
 6500.0      8.970025      0.002570      2.995000      0.000429
 6550.0      8.967955      0.002637      2.994651      0.000440
 6600.0      8.965846      0.002704      2.994296      0.000452
 6650.0      8.963699      0.002772      2.993934      0.000463
 6700.0      8.961513      0.002840      2.993566      0.000475
 6750.0      8.959289      0.002909      2.993191      0.000487
 6800.0      8.957028      0.002978      2.992809      0.000499
 6850.0      8.954730      0.003048      2.992421      0.000510
 6900.0      8.952396      0.003118      2.992028      0.000522
 6950.0      8.950026      0.003188      2.991629      0.000534
 7000.0      8.947621      0.003259      2.991223      0.000547
 7050.0      8.945182      0.003331      2.990811      0.000559
 7100.0      8.942708      0.003403      2.990394      0.000571
 7150.0      8.940201      0.003476      2.989971      0.000583
 7200.0      8.937660      0.003549      2.989542      0.000596
 7250.0      8.935087      0.003623      2.989108      0.000609
 7300.0      8.932482      0.003697      2.988668      0.000622
 7350.0      8.929846      0.003772      2.988223      0.000635
 7400.0      8.927179      0.003847      2.987773      0.000648
 7450.0      8.924482      0.003923      2.987318      0.000661
 7500.0      8.921754      0.003999      2.986857      0.000674
 7550.0      8.918997      0.004076      2.986391      0.000687
 7600.0      8.916211      0.004153      2.985921      0.000701
 7650.0      8.913397      0.004231      2.985446      0.000715
 7700.0      8.910555      0.004309      2.984966      0.000728
 7750.0      8.907686      0.004388      2.984481      0.000741
 7800.0      8.904790      0.004467      2.983992      0.000755
 7850.0      8.901868      0.004547      2.983499      0.000769
 7900.0      8.898921      0.004628      2.983001      0.000783
 7950.0      8.895948      0.004709      2.982499      0.000797
 8000.0      8.892951      0.004791      2.981992      0.000811
 8050.0      8.889929      0.004873      2.981482      0.000825
 8100.0      8.886884      0.004956      2.980968      0.000840
 8150.0      8.883816      0.005040      2.980449      0.000855
 8200.0      8.880726      0.005124      2.979927      0.000869
 8250.0      8.877613      0.005208      2.979401      0.000883
 8300.0      8.874479      0.005293      2.978872      0.000898
 8350.0      8.871324      0.005379      2.978339      0.000913
 8400.0      8.868149      0.005465      2.977803      0.000928
 8450.0      8.864954      0.005552      2.977263      0.000943
 8500.0      8.861739      0.005640      2.976720      0.000958
 8550.0      8.858506      0.005728      2.976174      0.000973
 8600.0      8.855254      0.005817      2.975625      0.000989
 8650.0      8.851985      0.005906      2.975072      0.001005
 8700.0      8.848698      0.005996      2.974517      0.001020
 8750.0      8.845395      0.006087      2.973959      0.001035
 8800.0      8.842075      0.006178      2.973399      0.001051
 8850.0      8.838740      0.006270      2.972836      0.001067
 8900.0      8.835390      0.006362      2.972270      0.001083
 8950.0      8.832025      0.006455      2.971702      0.001099
 9000.0      8.828646      0.006549      2.971131      0.001115
 9050.0      8.825253      0.006643      2.970558      0.001131
 9100.0      8.821848      0.006738      2.969983      0.001148
 9150.0      8.818430      0.006834      2.969405      0.001164
 9200.0      8.815000      0.006930      2.968826      0.001181
 9250.0      8.811558      0.007027      2.968245      0.001198
 9300.0      8.808106      0.007124      2.967662      0.001215
 9350.0      8.804643      0.007222      2.967077      0.001232
 9400.0      8.801171      0.007321      2.966491      0.001249
 9450.0      8.797689      0.007421      2.965903      0.001266
 9500.0      8.794198      0.007521      2.965314      0.001283
 9550.0      8.790699      0.007622      2.964724      0.001300
 9600.0      8.787192      0.007723      2.964132      0.001318
 9650.0      8.783678      0.007825      2.963539      0.001335
 9700.0      8.780158      0.007928      2.962944      0.001353
 9750.0      8.776631      0.008031      2.962349      0.001371
 9800.0      8.773099      0.008135      2.961753      0.001389
 9850.0      8.769561      0.008240      2.961156      0.001407
 9900.0      8.766019      0.008346      2.960559      0.001425
 9950.0      8.762473      0.008452      2.959961      0.001443
10000.0      8.758923      0.008559      2.959362      0.001462
10050.0      8.755370      0.008667      2.958763      0.001481
10100.0      8.751815      0.008775      2.958163      0.001499
10150.0      8.748258      0.008884      2.957563      0.001517
10200.0      8.744699      0.008994      2.956963      0.001536
10250.0      8.741140      0.009105      2.956363      0.001555
10300.0      8.737580      0.009216      2.955762      0.001574
10350.0      8.734020      0.009328      2.955162      0.001593
10400.0      8.730461      0.009440      2.954562      0.001613
10450.0      8.726904      0.009554      2.953962      0.001633
10500.0      8.723348      0.009668      2.953363      0.001652
10550.0      8.719794      0.009783      2.952764      0.001671
10600.0      8.716243      0.009898      2.952166      0.001691
10650.0      8.712695      0.010014      2.951569      0.001711
10700.0      8.709151      0.010131      2.950972      0.001731
10750.0      8.705611      0.010249      2.950376      0.001751
10800.0      8.702077      0.010368      2.949780      0.001771
10850.0      8.698548      0.010487      2.949186      0.001791
10900.0      8.695025      0.010607      2.948593      0.001812
10950.0      8.691508      0.010728      2.948001      0.001833
11000.0      8.687999      0.010850      2.947410      0.001853
11050.0      8.684497      0.010972      2.946821      0.001873
11100.0      8.681003      0.011095      2.946233      0.001894
11150.0      8.677517      0.011219      2.945646      0.001915
11200.0      8.674041      0.011344      2.945061      0.001936
11250.0      8.670574      0.011469      2.944478      0.001957
11300.0      8.667118      0.011595      2.943897      0.001979
11350.0      8.663672      0.011722      2.943318      0.002001
11400.0      8.660238      0.011850      2.942740      0.002022
11450.0      8.656815      0.011979      2.942165      0.002043
11500.0      8.653404      0.012108      2.941592      0.002065
11550.0      8.650006      0.012238      2.941021      0.002087
11600.0      8.646622      0.012369      2.940453      0.002109
11650.0      8.643252      0.012501      2.939887      0.002131
11700.0      8.639896      0.012634      2.939323      0.002154
11750.0      8.636555      0.012768      2.938762      0.002177
11800.0      8.633229      0.012902      2.938204      0.002199
11850.0      8.629919      0.013037      2.937649      0.002221
11900.0      8.626626      0.013173      2.937096      0.002244
11950.0      8.623350      0.013310      2.936546      0.002267
12000.0      8.620091      0.013447      2.936000      0.002290
12050.0      8.616850      0.013586      2.935457      0.002313
12100.0      8.613622      0.013725      2.934916      0.002336
12150.0      8.610404      0.013865      2.934377      0.002359
12200.0      8.607193      0.014005      2.933838      0.002383
12250.0      8.603984      0.014146      2.933300      0.002407
12300.0      8.600772      0.014289      2.932762      0.002431
12350.0      8.597554      0.014432      2.932223      0.002454
12400.0      8.594325      0.014576      2.931681      0.002478
12450.0      8.591082      0.014720      2.931137      0.002502
12500.0      8.587821      0.014865      2.930589      0.002527
12550.0      8.584537      0.015011      2.930038      0.002551
12600.0      8.581226      0.015157      2.929482      0.002575
12650.0      8.577885      0.015304      2.928920      0.002600
12700.0      8.574509      0.015452      2.928352      0.002625
12750.0      8.571094      0.015600      2.927777      0.002650
12800.0      8.567636      0.015749      2.927195      0.002674
12850.0      8.564131      0.015898      2.926604      0.002699
12900.0      8.560576      0.016047      2.926004      0.002724
12950.0      8.556966      0.016197      2.925394      0.002749
13000.0      8.553296      0.016348      2.924774      0.002775
13050.0      8.549563      0.016499      2.924143      0.002801
13100.0      8.545762      0.016651      2.923499      0.002826
13150.0      8.541891      0.016803      2.922843      0.002851
13200.0      8.537944      0.016955      2.922173      0.002877
13250.0      8.533918      0.017107      2.921489      0.002903
13300.0      8.529808      0.017260      2.920790      0.002929
13350.0      8.525610      0.017413      2.920076      0.002955
13400.0      8.521321      0.017567      2.919345      0.002982
13450.0      8.516936      0.017721      2.918598      0.003009
13500.0      8.512452      0.017876      2.917833      0.003035
13550.0      8.507864      0.018030      2.917049      0.003061
13600.0      8.503168      0.018185      2.916246      0.003088
13650.0      8.498360      0.018340      2.915423      0.003115
13700.0      8.493436      0.018495      2.914579      0.003142
13750.0      8.488392      0.018650      2.913714      0.003169
13800.0      8.483224      0.018806      2.912827      0.003196
13850.0      8.477928      0.018961      2.911917      0.003223
13900.0      8.472499      0.019117      2.910984      0.003250
13950.0      8.466934      0.019273      2.910026      0.003277
14000.0      8.461228      0.019429      2.909044      0.003305
14050.0      8.455378      0.019585      2.908036      0.003333
14100.0      8.449380      0.019741      2.907002      0.003361
14150.0      8.443229      0.019897      2.905941      0.003388
14200.0      8.436922      0.020053      2.904851      0.003416
14250.0      8.430454      0.020209      2.903733      0.003444
14300.0      8.423821      0.020365      2.902585      0.003473
14350.0      8.417019      0.020521      2.901408      0.003501
14400.0      8.410044      0.020677      2.900200      0.003529
14450.0      8.402892      0.020833      2.898960      0.003557
14500.0      8.395560      0.020988      2.897688      0.003586
14550.0      8.388043      0.021143      2.896383      0.003615
14600.0      8.380336      0.021299      2.895045      0.003644
14650.0      8.372436      0.021455      2.893673      0.003673
14700.0      8.364338      0.021610      2.892265      0.003702
14750.0      8.356040      0.021765      2.890822      0.003731
14800.0      8.347536      0.021919      2.889342      0.003760
14850.0      8.338823      0.022073      2.887825      0.003789
14900.0      8.329896      0.022227      2.886270      0.003819
14950.0      8.320751      0.022381      2.884676      0.003849
