#Lambda        Dielectric Constant          Refractive Index
# [nm]        [Real]        [Imag]        [Real]        [Imag]
   10.0      0.974865      0.019156      0.987400      0.009700
   15.0      0.918800      0.034210      0.957953      0.017849
   20.0      0.885212      0.070432      0.941600      0.037400
   25.0      0.859101      0.117312      0.929547      0.063176
   30.0      0.825469      0.164340      0.913000      0.090000
   35.0      0.772344      0.207096      0.885634      0.116435
   40.0      0.699865      0.265512      0.851000      0.156000
   45.0      0.616860      0.359157      0.817491      0.220510
   50.0      0.554809      0.481800      0.803000      0.300000
   55.0      0.532590      0.632445      0.821525      0.385900
   60.0      0.496035      0.856828      0.862000      0.497000
   65.0      0.413815      1.172834      0.912098      0.638660
   70.0      0.419013      1.440221      0.979526      0.735159
   75.0      0.623411      1.544387      1.071343      0.726418
   80.0      0.889168      1.631424      1.172000      0.696000
   85.0      1.051615      1.849425      1.260046      0.732041
   90.0      1.088401      2.093791      1.313043      0.797309
   95.0      1.068878      2.227620      1.329252      0.831137
  100.0      1.286896      2.237478      1.390714      0.804473
  105.0      1.925434      2.230408      1.562038      0.730743
  110.0      2.499483      2.671902      1.754331      0.761663
  115.0      2.079490      1.981458      1.572998      0.629943
  120.0      2.848054      3.952226      1.964562      1.005935
  125.0      5.238353      1.139409      2.301507      0.246744
  130.0      4.442668      0.259287      2.108646      0.061512
  135.0      3.857953      0.103331      1.964277      0.026331
  140.0      3.513681      0.010415      1.870071      0.003301
  145.0      3.207998      0.035005      1.792252      0.009531
  150.0      3.031719      0.004761      1.741354      0.001327
  155.0      2.896804      0.000109      1.702000      0.000032
  160.0      2.789194      0.000015      1.670086      0.000000
  165.0      2.698869      0.000000      1.643732      0.000000
  170.0      2.636109      0.000001      1.623611      0.000000
  175.0      2.581426      0.000000      1.606431      0.000000
  180.0      2.533061      0.000000      1.591560      0.000000
  185.0      2.492903      0.000000      1.578963      0.000000
  190.0      2.459710      0.000000      1.568346      0.000000
  195.0      2.431654      0.000000      1.559358      0.000000
  200.0      2.407685      0.000000      1.551672      0.000000
  205.0      2.386895      0.000000      1.544964      0.000000
  210.0      2.368152      0.000000      1.538880      0.000000
  215.0      2.350657      0.000000      1.533184      0.000000
  220.0      2.335158      0.000000      1.528124      0.000000
  225.0      2.322345      0.000000      1.523926      0.000000
  230.0      2.311131      0.000000      1.520240      0.000000
  235.0      2.300330      0.000000      1.516683      0.000000
  240.0      2.290127      0.000000      1.513317      0.000000
  245.0      2.280909      0.000000      1.510268      0.000000
  250.0      2.272490      0.000000      1.507478      0.000000
  255.0      2.264603      0.000000      1.504860      0.000000
  260.0      2.257232      0.000000      1.502409      0.000000
  265.0      2.250400      0.000000      1.500133      0.000000
  270.0      2.244032      0.000000      1.498009      0.000000
  275.0      2.238054      0.000000      1.496012      0.000000
  280.0      2.232481      0.000000      1.494149      0.000000
  285.0      2.227325      0.000000      1.492423      0.000000
  290.0      2.222482      0.000000      1.490799      0.000000
  295.0      2.217853      0.000000      1.489246      0.000000
  300.0      2.213475      0.000000      1.487775      0.000000
  305.0      2.209396      0.000000      1.486404      0.000000
  310.0      2.205580      0.000000      1.485120      0.000000
  315.0      2.201975      0.000000      1.483906      0.000000
  320.0      2.198545      0.000000      1.482750      0.000000
  325.0      2.195267      0.000000      1.481644      0.000000
  330.0      2.192153      0.000000      1.480592      0.000000
  335.0      2.189214      0.000000      1.479599      0.000000
  340.0      2.186416      0.000000      1.478653      0.000000
  345.0      2.183726      0.000000      1.477743      0.000000
  350.0      2.181170      0.000000      1.476878      0.000000
  355.0      2.178769      0.000000      1.476065      0.000000
  360.0      2.176476      0.000000      1.475288      0.000000
  365.0      2.174246      0.000000      1.474532      0.000000
  370.0      2.172098      0.000000      1.473804      0.000000
  375.0      2.170062      0.000000      1.473113      0.000000
  380.0      2.168129      0.000000      1.472457      0.000000
  385.0      2.166286      0.000000      1.471831      0.000000
  390.0      2.164524      0.000000      1.471232      0.000000
  395.0      2.162838      0.000000      1.470659      0.000000
  400.0      2.161220      0.000000      1.470109      0.000000
  405.0      2.159661      0.000000      1.469579      0.000000
  410.0      2.158157      0.000000      1.469067      0.000000
  415.0      2.156703      0.000000      1.468572      0.000000
  420.0      2.155299      0.000000      1.468094      0.000000
  425.0      2.153944      0.000000      1.467632      0.000000
  430.0      2.152638      0.000000      1.467187      0.000000
  435.0      2.151378      0.000000      1.466757      0.000000
  440.0      2.150163      0.000000      1.466343      0.000000
  445.0      2.148992      0.000000      1.465944      0.000000
  450.0      2.147862      0.000000      1.465559      0.000000
  455.0      2.146772      0.000000      1.465187      0.000000
  460.0      2.145719      0.000000      1.464827      0.000000
  465.0      2.144701      0.000000      1.464479      0.000000
  470.0      2.143715      0.000000      1.464143      0.000000
  475.0      2.142761      0.000000      1.463817      0.000000
  480.0      2.141837      0.000000      1.463502      0.000000
  485.0      2.140942      0.000000      1.463196      0.000000
  490.0      2.140075      0.000000      1.462900      0.000000
  495.0      2.139234      0.000000      1.462612      0.000000
  500.0      2.138418      0.000000      1.462333      0.000000
  505.0      2.137623      0.000000      1.462062      0.000000
  510.0      2.136849      0.000000      1.461797      0.000000
  515.0      2.136094      0.000000      1.461538      0.000000
  520.0      2.135358      0.000000      1.461286      0.000000
  525.0      2.134641      0.000000      1.461041      0.000000
  530.0      2.133944      0.000000      1.460802      0.000000
  535.0      2.133266      0.000000      1.460570      0.000000
  540.0      2.132609      0.000000      1.460345      0.000000
  545.0      2.131972      0.000000      1.460127      0.000000
  550.0      2.131354      0.000000      1.459916      0.000000
  555.0      2.130753      0.000000      1.459710      0.000000
  560.0      2.130168      0.000000      1.459510      0.000000
  565.0      2.129595      0.000000      1.459314      0.000000
  570.0      2.129028      0.000000      1.459119      0.000000
  575.0      2.128462      0.000000      1.458925      0.000000
  580.0      2.127913      0.000000      1.458737      0.000000
  585.0      2.127393      0.000000      1.458558      0.000000
  590.0      2.126888      0.000000      1.458385      0.000000
  595.0      2.126385      0.000000      1.458212      0.000000
  600.0      2.125888      0.000000      1.458042      0.000000
  605.0      2.125405      0.000000      1.457877      0.000000
  610.0      2.124936      0.000000      1.457716      0.000000
  615.0      2.124477      0.000000      1.457558      0.000000
  620.0      2.124027      0.000000      1.457404      0.000000
  625.0      2.123586      0.000000      1.457253      0.000000
  630.0      2.123155      0.000000      1.457105      0.000000
  635.0      2.122732      0.000000      1.456960      0.000000
  640.0      2.122316      0.000000      1.456817      0.000000
  645.0      2.121906      0.000000      1.456676      0.000000
  650.0      2.121504      0.000000      1.456538      0.000000
  655.0      2.121114      0.000000      1.456404      0.000000
  660.0      2.120737      0.000000      1.456275      0.000000
  665.0      2.120371      0.000000      1.456149      0.000000
  670.0      2.120011      0.000000      1.456026      0.000000
  675.0      2.119652      0.000000      1.455903      0.000000
  680.0      2.119294      0.000000      1.455780      0.000000
  685.0      2.118940      0.000000      1.455658      0.000000
  690.0      2.118589      0.000000      1.455537      0.000000
  695.0      2.118242      0.000000      1.455418      0.000000
  700.0      2.117899      0.000000      1.455300      0.000000
  705.0      2.117562      0.000000      1.455184      0.000000
  710.0      2.117231      0.000000      1.455070      0.000000
  715.0      2.116905      0.000000      1.454958      0.000000
  720.0      2.116585      0.000000      1.454849      0.000000
  725.0      2.116271      0.000000      1.454741      0.000000
  730.0      2.115963      0.000000      1.454635      0.000000
  735.0      2.115659      0.000000      1.454531      0.000000
  740.0      2.115361      0.000000      1.454428      0.000000
  745.0      2.115068      0.000000      1.454327      0.000000
  750.0      2.114780      0.000000      1.454228      0.000000
  755.0      2.114496      0.000000      1.454131      0.000000
  760.0      2.114217      0.000000      1.454035      0.000000
  765.0      2.113942      0.000000      1.453940      0.000000
  770.0      2.113672      0.000000      1.453847      0.000000
  775.0      2.113405      0.000000      1.453755      0.000000
  780.0      2.113143      0.000000      1.453665      0.000000
  785.0      2.112885      0.000000      1.453576      0.000000
  790.0      2.112630      0.000000      1.453489      0.000000
  795.0      2.112379      0.000000      1.453403      0.000000
  800.0      2.112130      0.000000      1.453317      0.000000
  805.0      2.111884      0.000000      1.453233      0.000000
  810.0      2.111642      0.000000      1.453149      0.000000
  815.0      2.111403      0.000000      1.453066      0.000000
  820.0      2.111166      0.000000      1.452985      0.000000
  825.0      2.110931      0.000000      1.452905      0.000000
  830.0      2.110699      0.000000      1.452825      0.000000
  835.0      2.110469      0.000000      1.452746      0.000000
  840.0      2.110242      0.000000      1.452667      0.000000
  845.0      2.110016      0.000000      1.452589      0.000000
  850.0      2.109792      0.000000      1.452512      0.000000
  855.0      2.109569      0.000000      1.452436      0.000000
  860.0      2.109348      0.000000      1.452360      0.000000
  865.0      2.109128      0.000000      1.452284      0.000000
  870.0      2.108910      0.000000      1.452209      0.000000
  875.0      2.108694      0.000000      1.452134      0.000000
  880.0      2.108479      0.000000      1.452060      0.000000
  885.0      2.108265      0.000000      1.451987      0.000000
  890.0      2.108053      0.000000      1.451914      0.000000
  895.0      2.107843      0.000000      1.451841      0.000000
  900.0      2.107634      0.000000      1.451769      0.000000
  905.0      2.107427      0.000000      1.451698      0.000000
  910.0      2.107221      0.000000      1.451627      0.000000
  915.0      2.107017      0.000000      1.451557      0.000000
  920.0      2.106814      0.000000      1.451487      0.000000
  925.0      2.106613      0.000000      1.451418      0.000000
  930.0      2.106413      0.000000      1.451349      0.000000
  935.0      2.106214      0.000000      1.451280      0.000000
  940.0      2.106017      0.000000      1.451212      0.000000
  945.0      2.105821      0.000000      1.451145      0.000000
  950.0      2.105626      0.000000      1.451078      0.000000
  955.0      2.105432      0.000000      1.451011      0.000000
  960.0      2.105240      0.000000      1.450945      0.000000
  965.0      2.105048      0.000000      1.450879      0.000000
  970.0      2.104858      0.000000      1.450813      0.000000
  975.0      2.104669      0.000000      1.450748      0.000000
  980.0      2.104481      0.000000      1.450683      0.000000
  985.0      2.104294      0.000000      1.450618      0.000000
  990.0      2.104107      0.000000      1.450554      0.000000
  995.0      2.103921      0.000000      1.450490      0.000000
 1000.0      2.103737      0.000000      1.450427      0.000000
 1005.0      2.103554      0.000000      1.450363      0.000000
 1010.0      2.103371      0.000000      1.450300      0.000000
 1015.0      2.103189      0.000000      1.450237      0.000000
 1020.0      2.103007      0.000000      1.450175      0.000000
 1025.0      2.102827      0.000000      1.450113      0.000000
 1030.0      2.102647      0.000000      1.450051      0.000000
 1035.0      2.102468      0.000000      1.449989      0.000000
 1040.0      2.102289      0.000000      1.449927      0.000000
 1045.0      2.102112      0.000000      1.449866      0.000000
 1050.0      2.101935      0.000000      1.449805      0.000000
 1055.0      2.101759      0.000000      1.449744      0.000000
 1060.0      2.101584      0.000000      1.449684      0.000000
 1065.0      2.101410      0.000000      1.449624      0.000000
 1070.0      2.101236      0.000000      1.449564      0.000000
 1075.0      2.101064      0.000000      1.449504      0.000000
 1080.0      2.100892      0.000000      1.449445      0.000000
 1085.0      2.100721      0.000000      1.449386      0.000000
 1090.0      2.100551      0.000000      1.449328      0.000000
 1095.0      2.100382      0.000000      1.449269      0.000000
 1100.0      2.100213      0.000000      1.449211      0.000000
 1105.0      2.100045      0.000000      1.449153      0.000000
 1110.0      2.099877      0.000000      1.449096      0.000000
 1115.0      2.099710      0.000000      1.449038      0.000000
 1120.0      2.099543      0.000000      1.448980      0.000000
 1125.0      2.099377      0.000000      1.448922      0.000000
 1130.0      2.099210      0.000000      1.448865      0.000000
 1135.0      2.099043      0.000000      1.448808      0.000000
 1140.0      2.098876      0.000000      1.448750      0.000000
 1145.0      2.098709      0.000000      1.448693      0.000000
 1150.0      2.098542      0.000000      1.448635      0.000000
 1155.0      2.098375      0.000000      1.448577      0.000000
 1160.0      2.098208      0.000000      1.448519      0.000000
 1165.0      2.098041      0.000000      1.448461      0.000000
 1170.0      2.097874      0.000000      1.448404      0.000000
 1175.0      2.097707      0.000000      1.448347      0.000000
 1180.0      2.097540      0.000000      1.448289      0.000000
 1185.0      2.097373      0.000000      1.448232      0.000000
 1190.0      2.097207      0.000000      1.448174      0.000000
 1195.0      2.097040      0.000000      1.448116      0.000000
 1200.0      2.096873      0.000000      1.448058      0.000000
 1205.0      2.096706      0.000000      1.448000      0.000000
 1210.0      2.096539      0.000000      1.447943      0.000000
 1215.0      2.096372      0.000000      1.447886      0.000000
 1220.0      2.096206      0.000000      1.447828      0.000000
 1225.0      2.096039      0.000000      1.447771      0.000000
 1230.0      2.095873      0.000000      1.447713      0.000000
 1235.0      2.095707      0.000000      1.447655      0.000000
 1240.0      2.095541      0.000000      1.447598      0.000000
 1245.0      2.095374      0.000000      1.447541      0.000000
 1250.0      2.095208      0.000000      1.447484      0.000000
 1255.0      2.095042      0.000000      1.447426      0.000000
 1260.0      2.094877      0.000000      1.447369      0.000000
 1265.0      2.094711      0.000000      1.447312      0.000000
 1270.0      2.094545      0.000000      1.447255      0.000000
 1275.0      2.094380      0.000000      1.447198      0.000000
 1280.0      2.094215      0.000000      1.447140      0.000000
 1285.0      2.094049      0.000000      1.447083      0.000000
 1290.0      2.093884      0.000000      1.447026      0.000000
 1295.0      2.093719      0.000000      1.446969      0.000000
 1300.0      2.093555      0.000000      1.446912      0.000000
 1305.0      2.093390      0.000000      1.446856      0.000000
 1310.0      2.093226      0.000000      1.446799      0.000000
 1315.0      2.093062      0.000000      1.446742      0.000000
 1320.0      2.092898      0.000000      1.446685      0.000000
 1325.0      2.092734      0.000000      1.446628      0.000000
 1330.0      2.092571      0.000000      1.446572      0.000000
 1335.0      2.092407      0.000000      1.446515      0.000000
 1340.0      2.092244      0.000000      1.446459      0.000000
 1345.0      2.092081      0.000000      1.446403      0.000000
 1350.0      2.091919      0.000000      1.446347      0.000000
 1355.0      2.091756      0.000000      1.446291      0.000000
 1360.0      2.091594      0.000000      1.446235      0.000000
 1365.0      2.091432      0.000000      1.446179      0.000000
 1370.0      2.091271      0.000000      1.446123      0.000000
 1375.0      2.091109      0.000000      1.446067      0.000000
 1380.0      2.090947      0.000000      1.446011      0.000000
 1385.0      2.090784      0.000000      1.445955      0.000000
 1390.0      2.090621      0.000000      1.445898      0.000000
 1395.0      2.090457      0.000000      1.445841      0.000000
 1400.0      2.090291      0.000000      1.445784      0.000000
 1405.0      2.090124      0.000000      1.445727      0.000000
 1410.0      2.089957      0.000000      1.445669      0.000000
 1415.0      2.089789      0.000000      1.445611      0.000000
 1420.0      2.089621      0.000000      1.445552      0.000000
 1425.0      2.089452      0.000000      1.445494      0.000000
 1430.0      2.089282      0.000000      1.445435      0.000000
 1435.0      2.089112      0.000000      1.445376      0.000000
 1440.0      2.088942      0.000000      1.445317      0.000000
 1445.0      2.088772      0.000000      1.445258      0.000000
 1450.0      2.088601      0.000000      1.445199      0.000000
 1455.0      2.088430      0.000000      1.445141      0.000000
 1460.0      2.088260      0.000000      1.445082      0.000000
 1465.0      2.088090      0.000000      1.445023      0.000000
 1470.0      2.087921      0.000000      1.444964      0.000000
 1475.0      2.087752      0.000000      1.444905      0.000000
 1480.0      2.087584      0.000000      1.444847      0.000000
 1485.0      2.087416      0.000000      1.444789      0.000000
 1490.0      2.087248      0.000000      1.444731      0.000000
 1495.0      2.087080      0.000000      1.444673      0.000000
 1500.0      2.086912      0.000000      1.444615      0.000000
 1505.0      2.086744      0.000000      1.444556      0.000000
 1510.0      2.086576      0.000000      1.444498      0.000000
 1515.0      2.086407      0.000000      1.444440      0.000000
 1520.0      2.086238      0.000000      1.444382      0.000000
 1525.0      2.086069      0.000000      1.444323      0.000000
 1530.0      2.085899      0.000000      1.444264      0.000000
 1535.0      2.085728      0.000000      1.444205      0.000000
 1540.0      2.085557      0.000000      1.444146      0.000000
 1545.0      2.085385      0.000000      1.444086      0.000000
 1550.0      2.085212      0.000000      1.444026      0.000000
 1555.0      2.085039      0.000000      1.443966      0.000000
 1560.0      2.084865      0.000000      1.443906      0.000000
 1565.0      2.084691      0.000000      1.443846      0.000000
 1570.0      2.084516      0.000000      1.443785      0.000000
 1575.0      2.084340      0.000000      1.443724      0.000000
 1580.0      2.084164      0.000000      1.443663      0.000000
 1585.0      2.083988      0.000000      1.443602      0.000000
 1590.0      2.083812      0.000000      1.443541      0.000000
 1595.0      2.083635      0.000000      1.443480      0.000000
 1600.0      2.083458      0.000000      1.443419      0.000000
 1605.0      2.083280      0.000000      1.443358      0.000000
 1610.0      2.083102      0.000000      1.443296      0.000000
 1615.0      2.082924      0.000000      1.443234      0.000000
 1620.0      2.082746      0.000000      1.443172      0.000000
 1625.0      2.082568      0.000000      1.443110      0.000000
 1630.0      2.082390      0.000000      1.443049      0.000000
 1635.0      2.082212      0.000000      1.442987      0.000000
 1640.0      2.082033      0.000000      1.442925      0.000000
 1645.0      2.081854      0.000000      1.442863      0.000000
 1650.0      2.081675      0.000000      1.442801      0.000000
 1655.0      2.081496      0.000000      1.442739      0.000000
 1660.0      2.081318      0.000000      1.442677      0.000000
 1665.0      2.081140      0.000000      1.442616      0.000000
 1670.0      2.080961      0.000000      1.442554      0.000000
 1675.0      2.080782      0.000000      1.442492      0.000000
 1680.0      2.080601      0.000000      1.442429      0.000000
 1685.0      2.080419      0.000000      1.442365      0.000000
 1690.0      2.080234      0.000000      1.442301      0.000000
 1695.0      2.080046      0.000000      1.442236      0.000000
 1700.0      2.079856      0.000000      1.442171      0.000000
 1705.0      2.079665      0.000000      1.442105      0.000000
 1710.0      2.079474      0.000000      1.442038      0.000000
 1715.0      2.079283      0.000000      1.441972      0.000000
 1720.0      2.079093      0.000000      1.441906      0.000000
 1725.0      2.078903      0.000000      1.441840      0.000000
 1730.0      2.078714      0.000000      1.441775      0.000000
 1735.0      2.078526      0.000000      1.441709      0.000000
 1740.0      2.078338      0.000000      1.441644      0.000000
 1745.0      2.078150      0.000000      1.441579      0.000000
 1750.0      2.077962      0.000000      1.441514      0.000000
 1755.0      2.077775      0.000000      1.441449      0.000000
 1760.0      2.077588      0.000000      1.441384      0.000000
 1765.0      2.077401      0.000000      1.441319      0.000000
 1770.0      2.077213      0.000000      1.441254      0.000000
 1775.0      2.077026      0.000000      1.441189      0.000000
 1780.0      2.076839      0.000000      1.441124      0.000000
 1785.0      2.076651      0.000000      1.441059      0.000000
 1790.0      2.076463      0.000000      1.440994      0.000000
 1795.0      2.076275      0.000000      1.440929      0.000000
 1800.0      2.076086      0.000000      1.440863      0.000000
 1805.0      2.075896      0.000000      1.440797      0.000000
 1810.0      2.075706      0.000000      1.440731      0.000000
 1815.0      2.075515      0.000000      1.440665      0.000000
 1820.0      2.075324      0.000000      1.440598      0.000000
 1825.0      2.075132      0.000000      1.440532      0.000000
 1830.0      2.074939      0.000000      1.440465      0.000000
 1835.0      2.074746      0.000000      1.440398      0.000000
 1840.0      2.074552      0.000000      1.440330      0.000000
 1845.0      2.074357      0.000000      1.440263      0.000000
 1850.0      2.074161      0.000000      1.440195      0.000000
 1855.0      2.073965      0.000000      1.440127      0.000000
 1860.0      2.073769      0.000000      1.440058      0.000000
 1865.0      2.073572      0.000000      1.439990      0.000000
 1870.0      2.073374      0.000000      1.439921      0.000000
 1875.0      2.073175      0.000000      1.439852      0.000000
 1880.0      2.072976      0.000000      1.439783      0.000000
 1885.0      2.072777      0.000000      1.439714      0.000000
 1890.0      2.072577      0.000000      1.439645      0.000000
 1895.0      2.072376      0.000000      1.439575      0.000000
 1900.0      2.072175      0.000000      1.439505      0.000000
 1905.0      2.071974      0.000000      1.439435      0.000000
 1910.0      2.071772      0.000000      1.439365      0.000000
 1915.0      2.071569      0.000000      1.439295      0.000000
 1920.0      2.071366      0.000000      1.439224      0.000000
 1925.0      2.071163      0.000000      1.439154      0.000000
 1930.0      2.070959      0.000000      1.439083      0.000000
 1935.0      2.070755      0.000000      1.439012      0.000000
 1940.0      2.070550      0.000000      1.438941      0.000000
 1945.0      2.070345      0.000000      1.438870      0.000000
 1950.0      2.070140      0.000000      1.438798      0.000000
 1955.0      2.069934      0.000000      1.438727      0.000000
 1960.0      2.069728      0.000000      1.438655      0.000000
 1965.0      2.069522      0.000000      1.438583      0.000000
 1970.0      2.069315      0.000000      1.438511      0.000000
 1975.0      2.069108      0.000000      1.438439      0.000000
 1980.0      2.068901      0.000000      1.438367      0.000000
 1985.0      2.068693      0.000000      1.438295      0.000000
 1990.0      2.068485      0.000000      1.438223      0.000000
 1995.0      2.068277      0.000000      1.438151      0.000000
 2000.0      2.068068      0.000000      1.438078      0.000000
 2005.0      2.067858      0.000000      1.438005      0.000000
 2010.0      2.067648      0.000000      1.437932      0.000000
 2015.0      2.067438      0.000000      1.437859      0.000000
 2020.0      2.067227      0.000000      1.437786      0.000000
 2025.0      2.067016      0.000000      1.437712      0.000000
 2030.0      2.066804      0.000000      1.437638      0.000000
 2035.0      2.066591      0.000000      1.437564      0.000000
 2040.0      2.066378      0.000000      1.437490      0.000000
 2045.0      2.066164      0.000000      1.437416      0.000000
 2050.0      2.065950      0.000000      1.437341      0.000000
 2055.0      2.065735      0.000000      1.437266      0.000000
 2060.0      2.065519      0.000000      1.437191      0.000000
 2065.0      2.065302      0.000000      1.437116      0.000000
 2070.0      2.065085      0.000000      1.437040      0.000000
 2075.0      2.064867      0.000000      1.436965      0.000000
 2080.0      2.064649      0.000000      1.436889      0.000000
 2085.0      2.064429      0.000000      1.436813      0.000000
 2090.0      2.064209      0.000000      1.436736      0.000000
 2095.0      2.063989      0.000000      1.436659      0.000000
 2100.0      2.063768      0.000000      1.436582      0.000000
 2105.0      2.063546      0.000000      1.436505      0.000000
 2110.0      2.063324      0.000000      1.436427      0.000000
 2115.0      2.063101      0.000000      1.436350      0.000000
 2120.0      2.062877      0.000000      1.436272      0.000000
 2125.0      2.062653      0.000000      1.436194      0.000000
 2130.0      2.062428      0.000000      1.436116      0.000000
 2135.0      2.062203      0.000000      1.436038      0.000000
 2140.0      2.061978      0.000000      1.435959      0.000000
 2145.0      2.061752      0.000000      1.435880      0.000000
 2150.0      2.061525      0.000000      1.435801      0.000000
 2155.0      2.061298      0.000000      1.435722      0.000000
 2160.0      2.061070      0.000000      1.435643      0.000000
 2165.0      2.060842      0.000000      1.435564      0.000000
 2170.0      2.060614      0.000000      1.435484      0.000000
 2175.0      2.060385      0.000000      1.435404      0.000000
 2180.0      2.060156      0.000000      1.435324      0.000000
 2185.0      2.059926      0.000000      1.435244      0.000000
 2190.0      2.059695      0.000000      1.435164      0.000000
 2195.0      2.059464      0.000000      1.435084      0.000000
 2200.0      2.059233      0.000000      1.435003      0.000000
 2205.0      2.059001      0.000000      1.434922      0.000000
 2210.0      2.058769      0.000000      1.434841      0.000000
 2215.0      2.058536      0.000000      1.434760      0.000000
 2220.0      2.058303      0.000000      1.434679      0.000000
 2225.0      2.058069      0.000000      1.434597      0.000000
 2230.0      2.057835      0.000000      1.434515      0.000000
 2235.0      2.057600      0.000000      1.434433      0.000000
 2240.0      2.057364      0.000000      1.434351      0.000000
 2245.0      2.057128      0.000000      1.434269      0.000000
 2250.0      2.056892      0.000000      1.434187      0.000000
 2255.0      2.056655      0.000000      1.434104      0.000000
 2260.0      2.056418      0.000000      1.434021      0.000000
 2265.0      2.056180      0.000000      1.433938      0.000000
 2270.0      2.055941      0.000000      1.433855      0.000000
 2275.0      2.055702      0.000000      1.433772      0.000000
 2280.0      2.055462      0.000000      1.433688      0.000000
 2285.0      2.055222      0.000000      1.433604      0.000000
 2290.0      2.054981      0.000000      1.433520      0.000000
 2295.0      2.054740      0.000000      1.433436      0.000000
 2300.0      2.054498      0.000000      1.433352      0.000000
 2305.0      2.054255      0.000000      1.433267      0.000000
 2310.0      2.054012      0.000000      1.433182      0.000000
 2315.0      2.053768      0.000000      1.433097      0.000000
 2320.0      2.053524      0.000000      1.433012      0.000000
 2325.0      2.053279      0.000000      1.432927      0.000000
 2330.0      2.053034      0.000000      1.432841      0.000000
 2335.0      2.052788      0.000000      1.432755      0.000000
 2340.0      2.052542      0.000000      1.432669      0.000000
 2345.0      2.052295      0.000000      1.432583      0.000000
 2350.0      2.052047      0.000000      1.432497      0.000000
 2355.0      2.051799      0.000000      1.432410      0.000000
 2360.0      2.051550      0.000000      1.432323      0.000000
 2365.0      2.051300      0.000000      1.432236      0.000000
 2370.0      2.051050      0.000000      1.432149      0.000000
 2375.0      2.050799      0.000000      1.432061      0.000000
 2380.0      2.050548      0.000000      1.431973      0.000000
 2385.0      2.050296      0.000000      1.431885      0.000000
 2390.0      2.050043      0.000000      1.431797      0.000000
 2395.0      2.049790      0.000000      1.431709      0.000000
 2400.0      2.049536      0.000000      1.431620      0.000000
 2405.0      2.049282      0.000000      1.431531      0.000000
 2410.0      2.049027      0.000000      1.431442      0.000000
 2415.0      2.048771      0.000000      1.431353      0.000000
 2420.0      2.048515      0.000000      1.431263      0.000000
 2425.0      2.048258      0.000000      1.431174      0.000000
 2430.0      2.048000      0.000000      1.431084      0.000000
 2435.0      2.047742      0.000000      1.430994      0.000000
 2440.0      2.047483      0.000000      1.430903      0.000000
 2445.0      2.047224      0.000000      1.430812      0.000000
 2450.0      2.046964      0.000000      1.430721      0.000000
 2455.0      2.046703      0.000000      1.430630      0.000000
 2460.0      2.046442      0.000000      1.430539      0.000000
 2465.0      2.046180      0.000000      1.430448      0.000000
 2470.0      2.045917      0.000000      1.430356      0.000000
 2475.0      2.045654      0.000000      1.430264      0.000000
 2480.0      2.045390      0.000000      1.430171      0.000000
 2485.0      2.045125      0.000000      1.430079      0.000000
 2490.0      2.044860      0.000000      1.429986      0.000000
 2495.0      2.044594      0.000000      1.429893      0.000000
 2500.0      2.044328      0.000000      1.429800      0.000000
 2505.0      2.044061      0.000000      1.429707      0.000000
 2510.0      2.043793      0.000000      1.429613      0.000000
 2515.0      2.043525      0.000000      1.429519      0.000000
 2520.0      2.043256      0.000000      1.429425      0.000000
 2525.0      2.042986      0.000000      1.429331      0.000000
 2530.0      2.042716      0.000000      1.429236      0.000000
 2535.0      2.042445      0.000000      1.429141      0.000000
 2540.0      2.042173      0.000000      1.429046      0.000000
 2545.0      2.041901      0.000000      1.428951      0.000000
 2550.0      2.041628      0.000000      1.428855      0.000000
 2555.0      2.041354      0.000000      1.428760      0.000000
 2560.0      2.041080      0.000000      1.428664      0.000000
 2565.0      2.040805      0.000000      1.428568      0.000000
 2570.0      2.040529      0.000000      1.428471      0.000000
 2575.0      2.040253      0.000000      1.428374      0.000000
 2580.0      2.039976      0.000000      1.428277      0.000000
 2585.0      2.039698      0.000000      1.428180      0.000000
 2590.0      2.039420      0.000000      1.428083      0.000000
 2595.0      2.039141      0.000000      1.427985      0.000000
 2600.0      2.038862      0.000000      1.427887      0.000000
 2605.0      2.038582      0.000000      1.427789      0.000000
 2610.0      2.038301      0.000000      1.427691      0.000000
 2615.0      2.038019      0.000000      1.427592      0.000000
 2620.0      2.037737      0.000000      1.427493      0.000000
 2625.0      2.037454      0.000000      1.427394      0.000000
 2630.0      2.037171      0.000000      1.427295      0.000000
 2635.0      2.036886      0.000000      1.427196      0.000000
 2640.0      2.036601      0.000000      1.427096      0.000000
 2645.0      2.036316      0.000000      1.426996      0.000000
 2650.0      2.036030      0.000000      1.426895      0.000000
 2655.0      2.035743      0.000000      1.426794      0.000000
 2660.0      2.035455      0.000000      1.426694      0.000000
 2665.0      2.035167      0.000000      1.426593      0.000000
 2670.0      2.034878      0.000000      1.426492      0.000000
 2675.0      2.034588      0.000000      1.426390      0.000000
 2680.0      2.034298      0.000000      1.426288      0.000000
 2685.0      2.034007      0.000000      1.426186      0.000000
 2690.0      2.033715      0.000000      1.426084      0.000000
 2695.0      2.033423      0.000000      1.425982      0.000000
 2700.0      2.033130      0.000000      1.425879      0.000000
 2705.0      2.032836      0.000000      1.425776      0.000000
 2710.0      2.032542      0.000000      1.425673      0.000000
 2715.0      2.032247      0.000000      1.425569      0.000000
 2720.0      2.031951      0.000000      1.425465      0.000000
 2725.0      2.031655      0.000000      1.425361      0.000000
 2730.0      2.031358      0.000000      1.425257      0.000000
 2735.0      2.031060      0.000000      1.425153      0.000000
 2740.0      2.030761      0.000000      1.425048      0.000000
 2745.0      2.030462      0.000000      1.424943      0.000000
 2750.0      2.030162      0.000000      1.424838      0.000000
 2755.0      2.029861      0.000000      1.424732      0.000000
 2760.0      2.029560      0.000000      1.424626      0.000000
 2765.0      2.029258      0.000000      1.424520      0.000000
 2770.0      2.028955      0.000000      1.424414      0.000000
 2775.0      2.028652      0.000000      1.424308      0.000000
 2780.0      2.028348      0.000000      1.424201      0.000000
 2785.0      2.028043      0.000000      1.424094      0.000000
 2790.0      2.027738      0.000000      1.423987      0.000000
 2795.0      2.027432      0.000000      1.423879      0.000000
 2800.0      2.027125      0.000000      1.423771      0.000000
 2805.0      2.026817      0.000000      1.423663      0.000000
 2810.0      2.026509      0.000000      1.423555      0.000000
 2815.0      2.026200      0.000000      1.423447      0.000000
 2820.0      2.025890      0.000000      1.423338      0.000000
 2825.0      2.025580      0.000000      1.423229      0.000000
 2830.0      2.025269      0.000000      1.423119      0.000000
 2835.0      2.024957      0.000000      1.423010      0.000000
 2840.0      2.024644      0.000000      1.422900      0.000000
 2845.0      2.024331      0.000000      1.422790      0.000000
 2850.0      2.024017      0.000000      1.422679      0.000000
 2855.0      2.023702      0.000000      1.422569      0.000000
 2860.0      2.023387      0.000000      1.422458      0.000000
 2865.0      2.023071      0.000000      1.422347      0.000000
 2870.0      2.022754      0.000000      1.422235      0.000000
 2875.0      2.022436      0.000000      1.422124      0.000000
 2880.0      2.022118      0.000000      1.422012      0.000000
 2885.0      2.021799      0.000000      1.421900      0.000000
 2890.0      2.021480      0.000000      1.421787      0.000000
 2895.0      2.021159      0.000000      1.421675      0.000000
 2900.0      2.020838      0.000000      1.421562      0.000000
 2905.0      2.020516      0.000000      1.421449      0.000000
 2910.0      2.020194      0.000000      1.421335      0.000000
 2915.0      2.019870      0.000000      1.421221      0.000000
 2920.0      2.019546      0.000000      1.421107      0.000000
 2925.0      2.019221      0.000000      1.420993      0.000000
 2930.0      2.018896      0.000000      1.420878      0.000000
 2935.0      2.018570      0.000000      1.420764      0.000000
 2940.0      2.018243      0.000000      1.420649      0.000000
 2945.0      2.017915      0.000000      1.420534      0.000000
 2950.0      2.017587      0.000000      1.420418      0.000000
 2955.0      2.017258      0.000000      1.420302      0.000000
 2960.0      2.016928      0.000000      1.420186      0.000000
 2965.0      2.016597      0.000000      1.420070      0.000000
 2970.0      2.016266      0.000000      1.419953      0.000000
 2975.0      2.015934      0.000000      1.419836      0.000000
 2980.0      2.015601      0.000000      1.419718      0.000000
 2985.0      2.015267      0.000000      1.419601      0.000000
 2990.0      2.014933      0.000000      1.419483      0.000000
 2995.0      2.014598      0.000000      1.419365      0.000000
 3000.0      2.014263      0.000000      1.419247      0.000000
 3050.0      2.010865      0.000000      1.418049      0.000000
 3100.0      2.007390      0.000000      1.416824      0.000000
 3150.0      2.003842      0.000000      1.415571      0.000000
 3200.0      2.000214      0.000000      1.414289      0.000000
 3250.0      1.996494      0.000000      1.412973      0.000000
 3300.0      1.992676      0.000000      1.411622      0.000000
 3350.0      1.988758      0.000000      1.410234      0.000000
 3400.0      1.984756      0.000000      1.408814      0.000000
 3450.0      1.980683      0.000000      1.407368      0.000000
 3500.0      1.976527      0.000000      1.405890      0.000000
 3550.0      1.972278      0.000000      1.404378      0.000000
 3600.0      1.967969      0.000000      1.402843      0.000000
 3650.0      1.963630      0.000000      1.401296      0.000000
 3700.0      1.959248      0.000000      1.399731      0.000000
 3750.0      1.954800      0.000000      1.398141      0.000000
 3800.0      1.950272      0.000000      1.396521      0.000000
 3850.0      1.945653      0.000000      1.394867      0.000000
 3900.0      1.940921      0.000000      1.393170      0.000000
 3950.0      1.936053      0.000000      1.391422      0.000000
 4000.0      1.931024      0.000000      1.389614      0.000000
 4050.0      1.925805      0.000000      1.387735      0.000000
 4100.0      1.920365      0.000000      1.385773      0.000000
 4150.0      1.914677      0.000000      1.383718      0.000000
 4200.0      1.908730      0.000000      1.381567      0.000000
 4250.0      1.902529      0.000000      1.379320      0.000000
 4300.0      1.896117      0.000000      1.376993      0.000000
 4350.0      1.889545      0.000000      1.374605      0.000000
 4400.0      1.882858      0.000000      1.372170      0.000000
 4450.0      1.876098      0.000000      1.369705      0.000000
 4500.0      1.869316      0.000000      1.367228      0.000000
 4550.0      1.862557      0.000000      1.364756      0.000000
 4600.0      1.855834      0.000000      1.362292      0.000000
 4650.0      1.849146      0.000000      1.359836      0.000000
 4700.0      1.842467      0.000000      1.357378      0.000000
 4750.0      1.835763      0.000000      1.354906      0.000000
 4800.0      1.829009      0.000000      1.352411      0.000000
 4850.0      1.822179      0.000000      1.349883      0.000000
 4900.0      1.815246      0.000000      1.347312      0.000000
 4950.0      1.808183      0.000000      1.344688      0.000000
 5000.0      1.800964      0.000000      1.342000      0.000000
 5050.0      1.793565      0.000000      1.339241      0.000000
 5100.0      1.785970      0.000000      1.336403      0.000000
 5150.0      1.778168      0.000000      1.333482      0.000000
 5200.0      1.770147      0.000000      1.330472      0.000000
 5250.0      1.761895      0.000000      1.327368      0.000000
 5300.0      1.753399      0.000000      1.324164      0.000000
 5350.0      1.744647      0.000000      1.320855      0.000000
 5400.0      1.735628      0.000000      1.317436      0.000000
 5450.0      1.726330      0.000000      1.313901      0.000000
 5500.0      1.716739      0.000000      1.310245      0.000000
 5550.0      1.706843      0.000000      1.306462      0.000000
 5600.0      1.696636      0.000000      1.302549      0.000000
 5650.0      1.686114      0.000000      1.298504      0.000000
 5700.0      1.675280      0.000000      1.294326      0.000000
 5750.0      1.664140      0.000000      1.290015      0.000000
 5800.0      1.652697      0.000000      1.285572      0.000000
 5850.0      1.640955      0.000000      1.280997      0.000000
 5900.0      1.628916      0.000000      1.276290      0.000000
 5950.0      1.616576      0.000000      1.271446      0.000000
 6000.0      1.603918      0.000000      1.266458      0.000000
 6050.0      1.590920      0.000000      1.261315      0.000000
 6100.0      1.577559      0.000000      1.256006      0.000000
 6150.0      1.563813      0.000000      1.250521      0.000000
 6200.0      1.549680      0.000000      1.244858      0.000000
 6250.0      1.535138      0.000000      1.239007      0.000000
 6300.0      1.520082      0.000000      1.232921      0.000000
 6350.0      1.504348      0.000000      1.226528      0.000000
 6400.0      1.487630      0.000000      1.219692      0.000000
 6450.0      1.469645      0.000000      1.212290      0.000000
 6500.0      1.450363      0.000000      1.204302      0.000000
 6550.0      1.429929      0.000000      1.195785      0.000000
 6600.0      1.408954      0.000000      1.186984      0.000000
 6650.0      1.387971      0.000000      1.178115      0.000000
 6700.0      1.366747      0.000000      1.169082      0.000000
 6750.0      1.344397      0.000000      1.159502      0.000000
 6800.0      1.318212      0.000000      1.148140      0.000000
 6850.0      1.286510      0.000000      1.134216      0.000000
 6900.0      1.253562      0.000000      1.119606      0.000000
 6950.0      1.223807      0.000000      1.106269      0.000000
 7000.0      1.196422      0.000000      1.093832      0.000000
 7050.0      1.169149      0.000000      1.081276      0.000000
 7100.0      1.139256      0.000000      1.067345      0.000000
 7150.0      1.104547      0.000000      1.050987      0.000000
 7200.0      1.065441      0.000000      1.032220      0.000000
 7250.0      1.023580      0.000000      1.011672      0.000000
 7300.0      0.982873      0.000000      0.991357      0.000000
 7350.0      0.945744      0.000000      0.972534      0.000000
 7400.0      0.906401      0.000000      0.952063      0.000000
 7450.0      0.859259      0.000000      0.926901      0.000000
 7500.0      0.807776      0.000000      0.898778      0.000000
 7550.0      0.757668      0.000000      0.870620      0.000000
 7600.0      0.714651      0.000000      0.845353      0.000000
 7650.0      0.684441      0.000000      0.825903      0.000000
 7700.0      0.672755      0.000000      0.815195      0.000000
 7750.0      0.685308      0.000000      0.816156      0.000000
 7800.0      0.727817      0.000000      0.831711      0.000000
 7850.0      0.805998      0.000000      0.864785      0.000000
 7900.0      0.925567      0.000000      0.918306      0.000000
 7950.0      1.092240      0.000000      0.995198      0.000000
 8000.0      1.311734      0.000000      1.098387      0.000000
 8050.0      1.589765      0.000000      1.230800      0.000000
 8100.0      1.932049      0.000000      1.395361      0.000000
 8150.0      2.344302      0.000000      1.594997      0.000000
 8200.0      2.832240      0.000000      1.832633      0.000000
 8250.0      3.401580      0.000000      2.111195      0.000000
 8300.0      4.058037      0.000000      2.433610      0.000000
 8350.0      4.807329      0.000000      2.802802      0.000000
 8400.0      5.655170      0.000000      3.221698      0.000000
 8450.0      6.607278      0.000000      3.693223      0.000000
 8500.0      7.669369      0.000000      4.220303      0.000000
 8550.0      8.847158      0.000000      4.805864      0.000000
 8600.0     10.146362      0.000000      5.452832      0.000000
 8650.0     11.572697      0.000000      6.164133      0.000000
 8700.0     13.131879      0.000000      6.942691      0.000000
 8750.0     14.829625      0.000000      7.791434      0.000000
 8800.0     16.671651      0.000000      8.713287      0.000000
 8850.0     18.663672      0.000000      9.711175      0.000000
 8900.0     20.811406      0.000000     10.788025      0.000000
 8950.0     23.120567      0.000000     11.946761      0.000000
 9000.0     25.596874      0.000000     13.190311      0.000000
 9050.0     28.246041      0.000000     14.521600      0.000000
 9100.0     31.073784      0.000000     15.943553      0.000000
 9150.0     34.085821      0.000000     17.459096      0.000000
 9200.0     37.287867      0.000000     19.071156      0.000000
 9250.0     40.685639      0.000000     20.782658      0.000000
 9300.0     44.284852      0.000000     22.596527      0.000000
 9350.0     48.091223      0.000000     24.515690      0.000000
 9400.0     52.110468      0.000000     26.543072      0.000000
 9450.0     56.348303      0.000000     28.681599      0.000000
 9500.0     60.810445      0.000000     30.934197      0.000000
 9550.0     65.502609      0.000000     33.303791      0.000000
 9600.0     70.430512      0.000000     35.793308      0.000000
 9650.0     75.599871      0.000000     38.405673      0.000000
 9700.0     81.016400      0.000000     41.143812      0.000000
 9750.0     86.685817      0.000000     44.010651      0.000000
 9800.0     92.613837      0.000000     47.009116      0.000000
 9850.0     98.806177      0.000000     50.142131      0.000000
 9900.0    105.268553      0.000000     53.412624      0.000000
 9950.0    112.006681      0.000000     56.823520      0.000000
10000.0    119.026278      0.000000     60.377744      0.000000
10050.0    126.333059      0.000000     64.078223      0.000000
10100.0    133.932741      0.000000     67.927883      0.000000
10150.0    141.831040      0.000000     71.929648      0.000000
10200.0    150.033672      0.000000     76.086445      0.000000
10250.0    158.546353      0.000000     80.401200      0.000000
10300.0    167.374800      0.000000     84.876838      0.000000
10350.0    176.524729      0.000000     89.516285      0.000000
10400.0    186.001856      0.000000     94.322468      0.000000
10450.0    195.811896      0.000000     99.298311      0.000000
10500.0    205.960568      0.000000    104.446740      0.000000
10550.0    216.453585      0.000000    109.770682      0.000000
10600.0    227.296665      0.000000    115.273062      0.000000
10650.0    238.495525      0.000000    120.956806      0.000000
10700.0    250.055879      0.000000    126.824840      0.000000
10750.0    261.983445      0.000000    132.880089      0.000000
10800.0    274.283938      0.000000    139.125479      0.000000
10850.0    286.963075      0.000000    145.563937      0.000000
10900.0    300.026571      0.000000    152.198387      0.000000
10950.0    313.480144      0.000000    159.031756      0.000000
11000.0    327.329509      0.000000    166.066969      0.000000
11050.0    341.580383      0.000000    173.306953      0.000000
11100.0    356.238481      0.000000    180.754632      0.000000
11150.0    371.309520      0.000000    188.412933      0.000000
11200.0    386.799216      0.000000    196.284782      0.000000
11250.0    402.713285      0.000000    204.373104      0.000000
11300.0    419.057444      0.000000    212.680825      0.000000
11350.0    435.837409      0.000000    221.210871      0.000000
11400.0    453.058895      0.000000    229.966168      0.000000
11450.0    470.727619      0.000000    238.949641      0.000000
11500.0    488.849298      0.000000    248.164217      0.000000
11550.0    507.429647      0.000000    257.612820      0.000000
11600.0    526.474383      0.000000    267.298377      0.000000
11650.0    545.989221      0.000000    277.223814      0.000000
11700.0    565.979878      0.000000    287.392057      0.000000
11750.0    586.452071      0.000000    297.806030      0.000000
11800.0    607.411515      0.000000    308.468661      0.000000
11850.0    628.863927      0.000000    319.382874      0.000000
11900.0    650.815022      0.000000    330.551595      0.000000
11950.0    673.270518      0.000000    341.977752      0.000000
12000.0    696.236129      0.000000    353.664268      0.000000
12050.0    719.717573      0.000000    365.614070      0.000000
12100.0    743.720566      0.000000    377.830083      0.000000
12150.0    768.250823      0.000000    390.315235      0.000000
12200.0    793.314061      0.000000    403.072449      0.000000
12250.0    818.915997      0.000000    416.104652      0.000000
12300.0    845.062346      0.000000    429.414771      0.000000
12350.0    871.758824      0.000000    443.005730      0.000000
12400.0    899.011148      0.000000    456.880455      0.000000
12450.0    926.825034      0.000000    471.041872      0.000000
12500.0    955.206198      0.000000    485.492908      0.000000
12550.0    984.160357      0.000000    500.236487      0.000000
12600.0   1013.693226      0.000000    515.275536      0.000000
12650.0   1043.810522      0.000000    530.612980      0.000000
12700.0   1074.517960      0.000000    546.251745      0.000000
12750.0   1105.821258      0.000000    562.194757      0.000000
12800.0   1137.726131      0.000000    578.444941      0.000000
12850.0   1170.238296      0.000000    595.005224      0.000000
12900.0   1203.363468      0.000000    611.878532      0.000000
12950.0   1237.107364      0.000000    629.067789      0.000000
13000.0   1271.475700      0.000000    646.575922      0.000000
13050.0   1306.474193      0.000000    664.405857      0.000000
13100.0   1342.108558      0.000000    682.560519      0.000000
13150.0   1378.384512      0.000000    701.042834      0.000000
13200.0   1415.307770      0.000000    719.855729      0.000000
13250.0   1452.884050      0.000000    739.002127      0.000000
13300.0   1491.119067      0.000000    758.484957      0.000000
13350.0   1530.018537      0.000000    778.307143      0.000000
13400.0   1569.588177      0.000000    798.471611      0.000000
13450.0   1609.833703      0.000000    818.981287      0.000000
13500.0   1650.760831      0.000000    839.839096      0.000000
13550.0   1692.375277      0.000000    861.047965      0.000000
13600.0   1734.682757      0.000000    882.610819      0.000000
13650.0   1777.688988      0.000000    904.530584      0.000000
13700.0   1821.399686      0.000000    926.810186      0.000000
13750.0   1865.820567      0.000000    949.452551      0.000000
13800.0   1910.957348      0.000000    972.460604      0.000000
13850.0   1956.815743      0.000000    995.837271      0.000000
13900.0   2003.401470      0.000000   1019.585478      0.000000
13950.0   2050.720245      0.000000   1043.708150      0.000000
14000.0   2098.777784      0.000000   1068.208215      0.000000
14050.0   2147.579804      0.000000   1093.088596      0.000000
14100.0   2197.132019      0.000000   1118.352221      0.000000
14150.0   2247.440147      0.000000   1144.002014      0.000000
14200.0   2298.509904      0.000000   1170.040903      0.000000
14250.0   2350.347006      0.000000   1196.471811      0.000000
14300.0   2402.957169      0.000000   1223.297666      0.000000
14350.0   2456.346110      0.000000   1250.521393      0.000000
14400.0   2510.519544      0.000000   1278.145918      0.000000
14450.0   2565.483187      0.000000   1306.174166      0.000000
14500.0   2621.242757      0.000000   1334.609063      0.000000
14550.0   2677.803969      0.000000   1363.453536      0.000000
14600.0   2735.172539      0.000000   1392.710510      0.000000
14650.0   2793.354184      0.000000   1422.382910      0.000000
14700.0   2852.354619      0.000000   1452.473663      0.000000
14750.0   2912.179561      0.000000   1482.985695      0.000000
14800.0   2972.834727      0.000000   1513.921930      0.000000
14850.0   3034.325831      0.000000   1545.285295      0.000000
14900.0   3096.658592      0.000000   1577.078716      0.000000
14950.0   3159.838724      0.000000   1609.305118      0.000000
