#Lambda        Dielectric Constant          Refractive Index
# [nm]        [Real]        [Imag]        [Real]        [Imag]
   35.0      0.474489      0.139441      0.696041      0.100174
   40.0      0.340400      0.168000      0.600000      0.140000
   45.0      0.132868      0.239693      0.451069      0.265786
   50.0     -0.018856      0.453132      0.466387      0.486064
   55.0     -0.270269      0.524653      0.399959      0.655839
   60.0     -0.542777      0.866444      0.489272      0.884477
   65.0     -0.798700      1.238380      0.580927      1.065907
   70.0     -0.942806      1.309926      0.579259      1.130968
   75.0     -1.280299      2.002888      0.740874      1.352497
   80.0     -2.498300      4.185600      1.090000      1.920000
   85.0     -2.130306      8.025736      1.747948      2.285851
   90.0      4.929965      6.216176      2.520656      1.228603
   95.0      6.515190      4.556187      2.690300      0.846498
  100.0      5.470389      3.321460      2.436285      0.681666
  105.0      4.307672      2.629713      2.163014      0.607611
  110.0      3.383513      2.206452      1.926119      0.573298
  115.0      2.686292      1.934573      1.731900      0.558127
  120.0      2.321852      1.635522      1.606515      0.509235
  125.0      2.044794      1.338736      1.498051      0.446701
  130.0      1.790035      1.048396      1.389981      0.377051
  135.0      1.591133      0.797834      1.298653      0.307556
  140.0      1.405404      0.585675      1.209656      0.241629
  145.0      1.210743      0.418766      1.116104      0.187361
  150.0      1.040585      0.323789      1.032292      0.157733
  155.0      0.899100      0.288000      0.960000      0.150000
  160.0      0.773833      0.287681      0.894010      0.158905
  165.0      0.641171      0.324442      0.824520      0.196477
  170.0      0.481062      0.403497      0.745314      0.274916
  175.0      0.303803      0.516943      0.672843      0.386520
  180.0      0.127590      0.654344      0.629483      0.518020
  185.0     -0.048482      0.827881      0.623819      0.662358
  190.0     -0.240816      1.068084      0.653247      0.817520
  195.0     -0.460897      1.402043      0.714335      0.980915
  200.0     -0.687374      1.832581      0.800587      1.145535
  205.0     -0.886483      2.353342      0.904349      1.302700
  210.0     -1.031268      2.954086      1.017381      1.444708
  215.0     -1.170427      3.581693      1.124999      1.574714
  220.0     -1.399756      4.156349      1.208511      1.702636
  225.0     -1.815764      4.597837      1.249161      1.838489
  230.0     -2.475747      4.861808      1.236943      1.989177
  235.0     -3.237433      5.086484      1.206366      2.145747
  240.0     -3.895216      5.468018      1.206071      2.294214
  245.0     -4.243467      6.202589      1.284701      2.420593
  250.0     -4.086438      7.479805      1.488592      2.512053
  255.0     -3.599763      9.227037      1.775336      2.597923
  260.0     -2.964035     10.786458      2.027800      2.660082
  265.0     -1.933217     11.677310      2.225194      2.623927
  270.0     -0.663119     12.116699      2.394954      2.529583
  275.0      0.484870     12.201104      2.519479      2.421323
  280.0      1.519871     12.040287      2.613032      2.303956
  285.0      2.420666     11.685902      2.679054      2.180904
  290.0      3.175378     11.215685      2.723234      2.059312
  295.0      3.778548     10.692197      2.749435      1.944443
  300.0      4.203320     10.118469      2.753162      1.837518
  305.0      4.501774      9.563660      2.745207      1.741956
  310.0      4.697300      9.063600      2.730000      1.660000
  315.0      4.781457      8.614345      2.704937      1.592257
  320.0      4.815314      8.256280      2.680799      1.539945
  325.0      4.846589      7.989198      2.663733      1.499651
  330.0      4.883402      7.755013      2.650276      1.463021
  335.0      4.923893      7.553860      2.640156      1.430569
  340.0      4.961514      7.408602      2.634200      1.406261
  345.0      4.986867      7.299111      2.629341      1.388007
  350.0      4.998599      7.201404      2.623420      1.372501
  355.0      5.019972      7.112906      2.619730      1.357571
  360.0      5.062356      7.034333      2.620031      1.342437
  365.0      5.096692      6.965319      2.619880      1.329318
  370.0      5.100724      6.904318      2.615781      1.319728
  375.0      5.095700      6.846387      2.610579      1.311275
  380.0      5.107372      6.788580      2.607956      1.301524
  385.0      5.133510      6.744495      2.608596      1.292751
  390.0      5.161538      6.732913      2.612007      1.288833
  395.0      5.184346      6.748061      2.616662      1.289432
  400.0      5.200300      6.759600      2.620000      1.290000
  405.0      5.209451      6.745258      2.620331      1.287101
  410.0      5.217619      6.719311      2.619628      1.282493
  415.0      5.231958      6.704926      2.620743      1.279203
  420.0      5.253253      6.711299      2.624496      1.278586
  425.0      5.272598      6.726352      2.628606      1.279451
  430.0      5.280701      6.736615      2.630627      1.280421
  435.0      5.278220      6.737752      2.630333      1.280779
  440.0      5.275757      6.734552      2.629713      1.280472
  445.0      5.284024      6.732162      2.630798      1.279491
  450.0      5.303616      6.734423      2.633971      1.278380
  455.0      5.323301      6.743645      2.637681      1.278328
  460.0      5.331191      6.762049      2.640272      1.280559
  465.0      5.321220      6.789842      2.640829      1.285556
  470.0      5.301871      6.822200      2.640288      1.291948
  475.0      5.283863      6.853529      2.639871      1.298081
  480.0      5.277235      6.878644      2.640729      1.302414
  485.0      5.282670      6.898036      2.643004      1.304967
  490.0      5.294015      6.916343      2.646106      1.306900
  495.0      5.304959      6.938296      2.649426      1.309399
  500.0      5.310063      6.967741      2.652422      1.313453
  505.0      5.309909      7.002382      2.655006      1.318681
  510.0      5.307631      7.037325      2.657284      1.324122
  515.0      5.306374      7.067665      2.659361      1.328814
  520.0      5.308998      7.089057      2.661342      1.331896
  525.0      5.315249      7.103378      2.663338      1.333647
  530.0      5.322929      7.116374      2.665459      1.335054
  535.0      5.329812      7.133852      2.667815      1.337118
  540.0      5.333676      7.161601      2.670516      1.340834
  545.0      5.333526      7.201041      2.673518      1.346497
  550.0      5.331258      7.243274      2.676409      1.352748
  555.0      5.329187      7.277912      2.678721      1.357988
  560.0      5.329628      7.294570      2.679992      1.360619
  565.0      5.334872      7.283019      2.679764      1.359065
  570.0      5.345088      7.247371      2.678385      1.353868
  575.0      5.356648      7.217406      2.677644      1.349356
  580.0      5.365530      7.225566      2.679481      1.350251
  585.0      5.367710      7.304296      2.685833      1.361274
  590.0      5.359167      7.486039      2.698639      1.387147
  595.0      5.337113      7.793272      2.719239      1.431136
  600.0      5.305046      8.197759      2.745936      1.489098
  605.0      5.268458      8.655167      2.776067      1.554541
  610.0      5.232844      9.121157      2.806968      1.620972
  615.0      5.203696      9.551391      2.835976      1.681896
  620.0      5.186509      9.901531      2.860427      1.730819
  625.0      5.185201     10.139254      2.878369      1.763018
  630.0      5.197763     10.277506      2.890526      1.780435
  635.0      5.220787     10.339888      2.898250      1.786584
  640.0      5.250867     10.350003      2.902897      1.784977
  645.0      5.284597     10.331454      2.905819      1.779126
  650.0      5.318569     10.307843      2.908370      1.772545
  655.0      5.349457     10.302234      2.911874      1.768666
  660.0      5.375938     10.324066      2.916877      1.768892
  665.0      5.398800     10.368419      2.923108      1.772489
  670.0      5.418933     10.429690      2.930255      1.778622
  675.0      5.437228     10.502277      2.938009      1.786453
  680.0      5.454572     10.580576      2.946059      1.795148
  685.0      5.471857     10.658984      2.954094      1.803869
  690.0      5.489968     10.731914      2.961805      1.811783
  695.0      5.509486     10.795884      2.969002      1.818369
  700.0      5.530373     10.851614      2.975736      1.823732
  705.0      5.552520     10.900323      2.982084      1.828051
  710.0      5.575815     10.943232      2.988124      1.831505
  715.0      5.600150     10.981560      2.993937      1.834272
  720.0      5.625414     11.016527      2.999599      1.836533
  725.0      5.651497     11.049353      3.005190      1.838465
  730.0      5.678289     11.081256      3.010787      1.840247
  735.0      5.705625     11.113178      3.016442      1.842022
  740.0      5.733192     11.145326      3.022132      1.843835
  745.0      5.760653     11.177785      3.027823      1.845716
  750.0      5.787672     11.210643      3.033482      1.847693
  755.0      5.813914     11.243986      3.039075      1.849797
  760.0      5.839041     11.277900      3.044566      1.852056
  765.0      5.862717     11.312471      3.049923      1.854500
  770.0      5.884607     11.347786      3.055112      1.857158
  775.0      5.904372     11.383932      3.060098      1.860061
  780.0      5.921771     11.420949      3.064855      1.863225
  785.0      5.936906     11.458715      3.069388      1.866630
  790.0      5.949966     11.497063      3.073709      1.870243
  795.0      5.961136     11.535831      3.077830      1.874032
  800.0      5.970603     11.574853      3.081762      1.877965
  805.0      5.978554     11.613966      3.085518      1.882010
  810.0      5.985176     11.653005      3.089109      1.886135
  815.0      5.990655     11.691807      3.092547      1.890309
  820.0      5.995177     11.730206      3.095844      1.894499
  825.0      5.998931     11.768040      3.099012      1.898673
  830.0      6.002102     11.805167      3.102063      1.902802
  835.0      6.004888     11.841714      3.105031      1.906886
  840.0      6.007488     11.877975      3.107956      1.910945
  845.0      6.010105     11.914245      3.110882      1.914996
  850.0      6.012940     11.950819      3.113851      1.919059
  855.0      6.016193     11.987994      3.116907      1.923153
  860.0      6.020067     12.026064      3.120091      1.927297
  865.0      6.024762     12.065324      3.123447      1.931510
  870.0      6.030480     12.106072      3.127017      1.935810
  875.0      6.037421     12.148602      3.130843      1.940217
  880.0      6.045788     12.193209      3.134970      1.944750
  885.0      6.055782     12.240189      3.139439      1.949428
  890.0      6.067521     12.289742      3.144277      1.954264
  895.0      6.080651     12.341517      3.149421      1.959245
  900.0      6.094649     12.394967      3.154776      1.964345
  905.0      6.108992     12.449544      3.160246      1.969539
  910.0      6.123157     12.504700      3.165735      1.974803
  915.0      6.136619     12.559888      3.171149      1.980112
  920.0      6.148856     12.614561      3.176391      1.985441
  925.0      6.159344     12.668171      3.181367      1.990765
  930.0      6.167560     12.720170      3.185980      1.996060
  935.0      6.172981     12.770011      3.190135      2.001301
  940.0      6.175082     12.817146      3.193738      2.006463
  945.0      6.173342     12.861028      3.196691      2.011521
  950.0      6.167236     12.901109      3.198900      2.016450
  955.0      6.156248     12.936846      3.200271      2.021226
  960.0      6.140499     12.968149      3.200809      2.025830
  965.0      6.121322     12.995790      3.200715      2.030255
  970.0      6.100185     13.020634      3.200206      2.034497
  975.0      6.078554     13.043547      3.199504      2.038550
  980.0      6.057897     13.065393      3.198827      2.042408
  985.0      6.039680     13.087040      3.198396      2.046067
  990.0      6.025371     13.109353      3.198431      2.049521
  995.0      6.016437     13.133198      3.199151      2.052765
 1000.0      6.014345     13.159439      3.200776      2.055794
 1005.0      6.020561     13.188944      3.203525      2.058602
 1010.0      6.036553     13.222577      3.207620      2.061184
 1015.0      6.063788     13.261205      3.213278      2.063534
 1020.0      6.103733     13.305693      3.220721      2.065648
 1025.0      6.157855     13.356907      3.230168      2.067521
 1030.0      6.227621     13.415713      3.241839      2.069146
 1035.0      6.314383     13.482899      3.255935      2.070518
 1040.0      6.415034     13.556284      3.271967      2.071613
 1045.0      6.520670     13.629825      3.288545      2.072384
 1050.0      6.622001     13.697222      3.304221      2.072780
 1055.0      6.709737     13.752173      3.317544      2.072752
 1060.0      6.774589     13.788379      3.327066      2.072252
 1065.0      6.807267     13.799539      3.331337      2.071228
 1070.0      6.798504     13.779374      3.328913      2.069633
 1075.0      6.744256     13.726102      3.319230      2.067553
 1080.0      6.652126     13.647983      3.303695      2.065371
 1085.0      6.531290     13.554630      3.283982      2.063514
 1090.0      6.390927     13.455659      3.261763      2.062409
 1095.0      6.240214     13.360686      3.238711      2.062480
 1100.0      6.088330     13.279326      3.216499      2.064154
 1105.0      5.944453     13.221195      3.196801      2.067856
 1110.0      5.817330     13.195371      3.181205      2.073983
 1115.0      5.709262     13.202915      3.170038      2.082487
 1120.0      5.617589     13.238712      3.162657      2.092983
 1125.0      5.539524     13.297487      3.158394      2.105073
 1130.0      5.472279     13.373969      3.156580      2.118361
 1135.0      5.413066     13.462882      3.156547      2.132452
 1140.0      5.359098     13.558955      3.157627      2.146949
 1145.0      5.307587     13.656914      3.159151      2.161456
 1150.0      5.255779     13.751552      3.160458      2.175582
 1155.0      5.202240     13.840289      3.161215      2.189138
 1160.0      5.147252     13.923958      3.161507      2.202197
 1165.0      5.091208     14.003615      3.161450      2.214849
 1170.0      5.034506     14.080321      3.161158      2.227186
 1175.0      4.977539     14.155135      3.160747      2.239296
 1180.0      4.920704     14.229114      3.160331      2.251271
 1185.0      4.864395     14.303319      3.160025      2.263201
 1190.0      4.809008     14.378808      3.159944      2.275177
 1195.0      4.754929     14.456597      3.160199      2.287284
 1200.0      4.702394     14.537071      3.160839      2.299546
 1205.0      4.651529     14.620125      3.161867      2.311937
 1210.0      4.602454     14.705644      3.163283      2.324430
 1215.0      4.555292     14.793510      3.165089      2.336997
 1220.0      4.510162     14.883609      3.167286      2.349611
 1225.0      4.467187     14.975824      3.169874      2.362246
 1230.0      4.426487     15.070038      3.172855      2.374873
 1235.0      4.388185     15.166135      3.176230      2.387467
 1240.0      4.352400     15.264000      3.180000      2.400000
 1245.0      4.319225     15.363520      3.184163      2.412449
 1250.0      4.288631     15.464603      3.188707      2.424806
 1255.0      4.260560     15.567158      3.193619      2.437068
 1260.0      4.234954     15.671098      3.198883      2.449233
 1265.0      4.211755     15.776334      3.204486      2.461296
 1270.0      4.190904     15.882777      3.210413      2.473256
 1275.0      4.172344     15.990338      3.216649      2.485108
 1280.0      4.156016     16.098928      3.223181      2.496849
 1285.0      4.141862     16.208459      3.229994      2.508477
 1290.0      4.129824     16.318841      3.237074      2.519987
 1295.0      4.119844     16.429987      3.244406      2.531378
 1300.0      4.111863     16.541806      3.251976      2.542645
 1305.0      4.105824     16.654210      3.259770      2.553785
 1310.0      4.101669     16.767111      3.267774      2.564796
 1315.0      4.099338     16.880420      3.275972      2.575673
 1320.0      4.098774     16.994047      3.284351      2.586415
 1325.0      4.099920     17.107904      3.292896      2.597016
 1330.0      4.102715     17.221903      3.301594      2.607476
 1335.0      4.107104     17.335954      3.310429      2.617789
 1340.0      4.113027     17.449968      3.319387      2.627954
 1345.0      4.120425     17.563858      3.328454      2.637966
 1350.0      4.129242     17.677533      3.337616      2.647823
 1355.0      4.139419     17.790905      3.346858      2.657521
 1360.0      4.150898     17.903886      3.356166      2.667058
 1365.0      4.163620     18.016386      3.365526      2.676429
 1370.0      4.177528     18.128317      3.374923      2.685633
 1375.0      4.192562     18.239589      3.384343      2.694664
 1380.0      4.208666     18.350116      3.393772      2.703522
 1385.0      4.225792     18.459835      3.403199      2.712203
 1390.0      4.243906     18.568722      3.412622      2.720711
 1395.0      4.262976     18.676754      3.422036      2.729045
 1400.0      4.282967     18.783907      3.431437      2.737208
 1405.0      4.303847     18.890158      3.440823      2.745201
 1410.0      4.325584     18.995485      3.450190      2.753026
 1415.0      4.348144     19.099865      3.459533      2.760684
 1420.0      4.371494     19.203273      3.468850      2.768177
 1425.0      4.395601     19.305689      3.478137      2.775507
 1430.0      4.420433     19.407087      3.487390      2.782674
 1435.0      4.445956     19.507446      3.496605      2.789680
 1440.0      4.472138     19.606742      3.505780      2.796528
 1445.0      4.498945     19.704953      3.514910      2.803217
 1450.0      4.526344     19.802055      3.523992      2.809751
 1455.0      4.554303     19.898025      3.533022      2.816130
 1460.0      4.582789     19.992840      3.541997      2.822356
 1465.0      4.611768     20.086477      3.550913      2.828431
 1470.0      4.641208     20.178914      3.559767      2.834356
 1475.0      4.671076     20.270127      3.568555      2.840132
 1480.0      4.701338     20.360093      3.577272      2.845761
 1485.0      4.731962     20.448789      3.585917      2.851245
 1490.0      4.762915     20.536192      3.594485      2.856585
 1495.0      4.794164     20.622279      3.602972      2.861783
 1500.0      4.825676     20.707027      3.611376      2.866840
 1505.0      4.857417     20.790413      3.619692      2.871757
 1510.0      4.889356     20.872414      3.627916      2.876537
 1515.0      4.921459     20.953008      3.636046      2.881181
 1520.0      4.953692     21.032170      3.644078      2.885690
 1525.0      4.986024     21.109877      3.652007      2.890066
 1530.0      5.018421     21.186108      3.659831      2.894310
 1535.0      5.050850     21.260839      3.667546      2.898424
 1540.0      5.083278     21.334047      3.675148      2.902409
 1545.0      5.115672     21.405708      3.682634      2.906267
 1550.0      5.148000     21.475800      3.690000      2.910000
 1555.0      5.180233     21.544313      3.697244      2.913609
 1560.0      5.212360     21.611291      3.704367      2.917099
 1565.0      5.244378     21.676789      3.711374      2.920475
 1570.0      5.276281     21.740865      3.718267      2.923741
 1575.0      5.308063     21.803575      3.725049      2.926902
 1580.0      5.339720     21.864975      3.731725      2.929963
 1585.0      5.371246     21.925123      3.738298      2.932928
 1590.0      5.402636     21.984074      3.744770      2.935804
 1595.0      5.433885     22.041886      3.751145      2.938593
 1600.0      5.464988     22.098614      3.757426      2.941301
 1605.0      5.495940     22.154316      3.763617      2.943934
 1610.0      5.526735     22.209048      3.769722      2.946495
 1615.0      5.557368     22.262866      3.775742      2.948989
 1620.0      5.587835     22.315828      3.781682      2.951422
 1625.0      5.618130     22.367989      3.787545      2.953798
 1630.0      5.648247     22.419406      3.793335      2.956121
 1635.0      5.678182     22.470137      3.799054      2.958397
 1640.0      5.707930     22.520236      3.804706      2.960631
 1645.0      5.737485     22.569762      3.810294      2.962826
 1650.0      5.766842     22.618770      3.815822      2.964989
 1655.0      5.795996     22.667317      3.821292      2.967123
 1660.0      5.824942     22.715460      3.826709      2.969234
 1665.0      5.853674     22.763255      3.832075      2.971326
 1670.0      5.882188     22.810758      3.837395      2.973405
 1675.0      5.910479     22.858027      3.842670      2.975474
 1680.0      5.938540     22.905118      3.847905      2.977539
 1685.0      5.966368     22.952088      3.853102      2.979604
 1690.0      5.993956     22.998992      3.858266      2.981675
 1695.0      6.021300     23.045888      3.863399      2.983755
 1700.0      6.048395     23.092832      3.868505      2.985851
 1705.0      6.075234     23.139881      3.873587      2.987966
 1710.0      6.101814     23.187091      3.878648      2.990106
 1715.0      6.128130     23.234519      3.883692      2.992275
 1720.0      6.154174     23.282222      3.888722      2.994477
 1725.0      6.179944     23.330255      3.893741      2.996719
 1730.0      6.205433     23.378676      3.898753      2.999004
 1735.0      6.230636     23.427541      3.903761      3.001338
 1740.0      6.255549     23.476907      3.908769      3.003724
 1745.0      6.280165     23.526830      3.913778      3.006169
 1750.0      6.304481     23.577366      3.918794      3.008676
 1755.0      6.328490     23.628573      3.923819      3.011251
 1760.0      6.352187     23.680508      3.928857      3.013898
 1765.0      6.375568     23.733225      3.933910      3.016622
 1770.0      6.398627     23.786783      3.938983      3.019429
 1775.0      6.421360     23.841230      3.944078      3.022321
 1780.0      6.443771     23.896561      3.949195      3.025298
 1785.0      6.465866     23.952746      3.954333      3.028359
 1790.0      6.487652     24.009757      3.959491      3.031499
 1795.0      6.509137     24.067563      3.964667      3.034717
 1800.0      6.530326     24.126134      3.969861      3.038010
 1805.0      6.551227     24.185442      3.975072      3.041375
 1810.0      6.571848     24.245456      3.980297      3.044809
 1815.0      6.592193     24.306147      3.985537      3.048311
 1820.0      6.612272     24.367485      3.990789      3.051876
 1825.0      6.632090     24.429441      3.996053      3.055502
 1830.0      6.651654     24.491985      4.001327      3.059188
 1835.0      6.670972     24.555086      4.006611      3.062929
 1840.0      6.690050     24.618717      4.011902      3.066724
 1845.0      6.708894     24.682846      4.017201      3.070569
 1850.0      6.727513     24.747445      4.022505      3.074463
 1855.0      6.745913     24.812484      4.027813      3.078401
 1860.0      6.764100     24.877933      4.033125      3.082383
 1865.0      6.782082     24.943762      4.038439      3.086404
 1870.0      6.799865     25.009942      4.043753      3.090463
 1875.0      6.817457     25.076443      4.049068      3.094556
 1880.0      6.834864     25.143236      4.054381      3.098681
 1885.0      6.852093     25.210291      4.059691      3.102836
 1890.0      6.869151     25.277578      4.064998      3.107017
 1895.0      6.886045     25.345068      4.070299      3.111222
 1900.0      6.902782     25.412731      4.075595      3.115449
 1905.0      6.919369     25.480538      4.080883      3.119694
 1910.0      6.935812     25.548458      4.086162      3.123955
 1915.0      6.952119     25.616462      4.091432      3.128229
 1920.0      6.968296     25.684521      4.096691      3.132513
 1925.0      6.984350     25.752605      4.101937      3.136806
 1930.0      7.000288     25.820684      4.107171      3.141103
 1935.0      7.016118     25.888728      4.112390      3.145404
 1940.0      7.031845     25.956709      4.117593      3.149704
 1945.0      7.047478     26.024596      4.122779      3.154001
 1950.0      7.063022     26.092360      4.127948      3.158292
 1955.0      7.078484     26.159971      4.133097      3.162576
 1960.0      7.093872     26.227399      4.138226      3.166849
 1965.0      7.109193     26.294615      4.143333      3.171108
 1970.0      7.124452     26.361589      4.148417      3.175350
 1975.0      7.139658     26.428292      4.153478      3.179574
 1980.0      7.154817     26.494694      4.158513      3.183777
 1985.0      7.169936     26.560765      4.163522      3.187955
 1990.0      7.185022     26.626476      4.168504      3.192106
 1995.0      7.200081     26.691797      4.173456      3.196228
 2000.0      7.215121     26.756698      4.178379      3.200317
 2005.0      7.230148     26.821150      4.183271      3.204371
 2010.0      7.245170     26.885123      4.188131      3.208388
 2015.0      7.260193     26.948588      4.192957      3.212365
 2020.0      7.275224     27.011515      4.197749      3.216298
 2025.0      7.290270     27.073874      4.202504      3.220186
 2030.0      7.305338     27.135635      4.207223      3.224025
 2035.0      7.320435     27.196769      4.211904      3.227814
 2040.0      7.335568     27.257247      4.216545      3.231548
 2045.0      7.350743     27.317039      4.221146      3.235227
 2050.0      7.365968     27.376114      4.225705      3.238846
 2055.0      7.381249     27.434444      4.230221      3.242404
 2060.0      7.396594     27.491999      4.234693      3.245897
 2065.0      7.412008     27.548749      4.239120      3.249323
 2070.0      7.427499     27.604669      4.243501      3.252680
 2075.0      7.443065     27.659759      4.247835      3.255967
 2080.0      7.458703     27.714035      4.252124      3.259187
 2085.0      7.474409     27.767511      4.256367      3.262340
 2090.0      7.490180     27.820201      4.260567      3.265427
 2095.0      7.506012     27.872120      4.264722      3.268450
 2100.0      7.521902     27.923282      4.268834      3.271411
 2105.0      7.537845     27.973701      4.272904      3.274309
 2110.0      7.553838     28.023392      4.276931      3.277148
 2115.0      7.569878     28.072369      4.280917      3.279927
 2120.0      7.585961     28.120646      4.284862      3.282649
 2125.0      7.602083     28.168238      4.288767      3.285315
 2130.0      7.618241     28.215160      4.292632      3.287925
 2135.0      7.634431     28.261425      4.296458      3.290481
 2140.0      7.650649     28.307048      4.300246      3.292985
 2145.0      7.666892     28.352044      4.303995      3.295437
 2150.0      7.683156     28.396426      4.307708      3.297840
 2155.0      7.699438     28.440209      4.311383      3.300193
 2160.0      7.715734     28.483408      4.315023      3.302499
 2165.0      7.732040     28.526036      4.318627      3.304759
 2170.0      7.748353     28.568109      4.322196      3.306974
 2175.0      7.764669     28.609640      4.325731      3.309146
 2180.0      7.780984     28.650645      4.329232      3.311275
 2185.0      7.797295     28.691136      4.332699      3.313363
 2190.0      7.813598     28.731130      4.336135      3.315411
 2195.0      7.829890     28.770639      4.339538      3.317421
 2200.0      7.846167     28.809679      4.342910      3.319393
 2205.0      7.862425     28.848264      4.346251      3.321330
 2210.0      7.878661     28.886408      4.349562      3.323232
 2215.0      7.894871     28.924125      4.352844      3.325100
 2220.0      7.911052     28.961431      4.356096      3.326937
 2225.0      7.927199     28.998338      4.359320      3.328742
 2230.0      7.943310     29.034863      4.362516      3.330518
 2235.0      7.959380     29.071018      4.365685      3.332266
 2240.0      7.975406     29.106819      4.368828      3.333987
 2245.0      7.991384     29.142280      4.371944      3.335682
 2250.0      8.007312     29.177415      4.375035      3.337353
 2255.0      8.023184     29.212238      4.378101      3.339001
 2260.0      8.038998     29.246764      4.381143      3.340627
 2265.0      8.054750     29.281008      4.384161      3.342232
 2270.0      8.070436     29.314983      4.387156      3.343818
 2275.0      8.086052     29.348705      4.390129      3.345386
 2280.0      8.101596     29.382187      4.393080      3.346937
 2285.0      8.117063     29.415443      4.396009      3.348473
 2290.0      8.132450     29.448489      4.398918      3.349995
 2295.0      8.147752     29.481338      4.401807      3.351504
 2300.0      8.162968     29.514005      4.404676      3.353001
 2305.0      8.178092     29.546505      4.407527      3.354488
 2310.0      8.193122     29.578851      4.410359      3.355966
 2315.0      8.208053     29.611058      4.413173      3.357436
 2320.0      8.222882     29.643141      4.415970      3.358900
 2325.0      8.237606     29.675113      4.418751      3.360359
 2330.0      8.252220     29.706989      4.421516      3.361813
 2335.0      8.266722     29.738784      4.424265      3.363266
 2340.0      8.281107     29.770512      4.427000      3.364716
 2345.0      8.295372     29.802187      4.429721      3.366167
 2350.0      8.309513     29.833824      4.432428      3.367619
 2355.0      8.323527     29.865437      4.435122      3.369073
 2360.0      8.337410     29.897040      4.437804      3.370532
 2365.0      8.351159     29.928648      4.440474      3.371995
 2370.0      8.364769     29.960275      4.443132      3.373465
 2375.0      8.378238     29.991935      4.445781      3.374942
 2380.0      8.391561     30.023644      4.448419      3.376428
 2385.0      8.404735     30.055414      4.451048      3.377925
 2390.0      8.417756     30.087262      4.453668      3.379432
 2395.0      8.430621     30.119200      4.456279      3.380953
 2400.0      8.443326     30.151244      4.458884      3.382488
 2405.0      8.455867     30.183407      4.461481      3.384038
 2410.0      8.468242     30.215705      4.464072      3.385605
 2415.0      8.480445     30.248151      4.466657      3.387189
 2420.0      8.492474     30.280759      4.469236      3.388793
 2425.0      8.504325     30.313545      4.471811      3.390417
 2430.0      8.515995     30.346523      4.474382      3.392063
 2435.0      8.527479     30.379707      4.476950      3.393732
 2440.0      8.538774     30.413111      4.479514      3.395425
 2445.0      8.549877     30.446749      4.482077      3.397144
 2450.0      8.560783     30.480637      4.484638      3.398890
 2455.0      8.571490     30.514789      4.487197      3.400664
 2460.0      8.581993     30.549218      4.489756      3.402467
 2465.0      8.592289     30.583939      4.492316      3.404301
 2470.0      8.602375     30.618967      4.494876      3.406167
 2475.0      8.612246     30.654316      4.497437      3.408066
 2480.0      8.621900     30.690000      4.500000      3.410000
 2485.0      8.631333     30.726031      4.502566      3.411969
 2490.0      8.640546     30.762409      4.505134      3.413974
 2495.0      8.649542     30.799131      4.507704      3.416014
 2500.0      8.658323     30.836193      4.510277      3.418089
 2505.0      8.666890     30.873594      4.512852      3.420198
 2510.0      8.675245     30.911330      4.515430      3.422342
 2515.0      8.683391     30.949398      4.518010      3.424519
 2520.0      8.691329     30.987796      4.520592      3.426730
 2525.0      8.699062     31.026520      4.523176      3.428974
 2530.0      8.706591     31.065568      4.525763      3.431251
 2535.0      8.713918     31.104936      4.528352      3.433560
 2540.0      8.721047     31.144622      4.530944      3.435901
 2545.0      8.727977     31.184623      4.533537      3.438274
 2550.0      8.734712     31.224935      4.536133      3.440679
 2555.0      8.741253     31.265557      4.538731      3.443114
 2560.0      8.747603     31.306485      4.541331      3.445580
 2565.0      8.753763     31.347716      4.543933      3.448077
 2570.0      8.759736     31.389247      4.546538      3.450604
 2575.0      8.765523     31.431076      4.549144      3.453161
 2580.0      8.771127     31.473199      4.551753      3.455747
 2585.0      8.776548     31.515614      4.554363      3.458362
 2590.0      8.781791     31.558318      4.556976      3.461005
 2595.0      8.786855     31.601307      4.559590      3.463678
 2600.0      8.791744     31.644579      4.562207      3.466378
 2605.0      8.796460     31.688131      4.564825      3.469106
 2610.0      8.801004     31.731960      4.567446      3.471861
 2615.0      8.805378     31.776063      4.570068      3.474644
 2620.0      8.809585     31.820438      4.572692      3.477453
 2625.0      8.813626     31.865081      4.575318      3.480288
 2630.0      8.817503     31.909989      4.577946      3.483150
 2635.0      8.821219     31.955160      4.580576      3.486037
 2640.0      8.824775     32.000590      4.583207      3.488949
 2645.0      8.828173     32.046277      4.585840      3.491887
 2650.0      8.831416     32.092218      4.588475      3.494849
 2655.0      8.834505     32.138410      4.591112      3.497836
 2660.0      8.837442     32.184849      4.593750      3.500846
 2665.0      8.840230     32.231534      4.596390      3.503880
 2670.0      8.842870     32.278461      4.599032      3.506938
 2675.0      8.845365     32.325627      4.601676      3.510018
 2680.0      8.847715     32.373030      4.604321      3.513122
 2685.0      8.849925     32.420666      4.606967      3.516247
 2690.0      8.851994     32.468532      4.609615      3.519394
 2695.0      8.853926     32.516627      4.612265      3.522563
 2700.0      8.855722     32.564946      4.614916      3.525754
 2705.0      8.857384     32.613486      4.617569      3.528965
 2710.0      8.858915     32.662246      4.620223      3.532197
 2715.0      8.860316     32.711222      4.622879      3.535449
 2720.0      8.861589     32.760411      4.625536      3.538721
 2725.0      8.862736     32.809810      4.628195      3.542013
 2730.0      8.863760     32.859416      4.630855      3.545324
 2735.0      8.864662     32.909227      4.633516      3.548654
 2740.0      8.865444     32.959239      4.636179      3.552002
 2745.0      8.866109     33.009449      4.638843      3.555369
 2750.0      8.866658     33.059856      4.641508      3.558754
 2755.0      8.867093     33.110455      4.644175      3.562156
 2760.0      8.867416     33.161244      4.646843      3.565575
 2765.0      8.867630     33.212220      4.649512      3.569011
 2770.0      8.867736     33.263380      4.652182      3.572464
 2775.0      8.867736     33.314721      4.654854      3.575933
 2780.0      8.867632     33.366240      4.657526      3.579418
 2785.0      8.867427     33.417935      4.660200      3.582919
 2790.0      8.867122     33.469802      4.662875      3.586435
 2795.0      8.866719     33.521839      4.665551      3.589965
 2800.0      8.866220     33.574042      4.668228      3.593510
 2805.0      8.865628     33.626409      4.670906      3.597069
 2810.0      8.864943     33.678937      4.673586      3.600643
 2815.0      8.864169     33.731622      4.676266      3.604229
 2820.0      8.863307     33.784463      4.678947      3.607829
 2825.0      8.862360     33.837456      4.681629      3.611442
 2830.0      8.861328     33.890597      4.684313      3.615067
 2835.0      8.860215     33.943885      4.686997      3.618704
 2840.0      8.859022     33.997317      4.689682      3.622353
 2845.0      8.857751     34.050889      4.692368      3.626014
 2850.0      8.856404     34.104598      4.695054      3.629685
 2855.0      8.854983     34.158442      4.697742      3.633368
 2860.0      8.853491     34.212418      4.700430      3.637061
 2865.0      8.851929     34.266522      4.703120      3.640764
 2870.0      8.850299     34.320753      4.705810      3.644477
 2875.0      8.848603     34.375106      4.708500      3.648199
 2880.0      8.846843     34.429580      4.711192      3.651931
 2885.0      8.845021     34.484171      4.713884      3.655671
 2890.0      8.843140     34.538876      4.716577      3.659420
 2895.0      8.841201     34.593692      4.719270      3.663176
 2900.0      8.839205     34.648617      4.721965      3.666941
 2905.0      8.837156     34.703648      4.724659      3.670713
 2910.0      8.835055     34.758781      4.727355      3.674492
 2915.0      8.832905     34.814014      4.730051      3.678278
 2920.0      8.830706     34.869344      4.732747      3.682070
 2925.0      8.828461     34.924768      4.735444      3.685868
 2930.0      8.826173     34.980282      4.738142      3.689672
 2935.0      8.823842     35.035885      4.740840      3.693481
 2940.0      8.821472     35.091573      4.743538      3.697296
 2945.0      8.819064     35.147344      4.746237      3.701115
 2950.0      8.816620     35.203194      4.748936      3.704938
 2955.0      8.814142     35.259120      4.751636      3.708766
 2960.0      8.811632     35.315120      4.754336      3.712597
 2965.0      8.809092     35.371191      4.757037      3.716432
 2970.0      8.806525     35.427329      4.759737      3.720269
 2975.0      8.803931     35.483532      4.762438      3.724110
 2980.0      8.801313     35.539798      4.765140      3.727952
 2985.0      8.798674     35.596122      4.767841      3.731797
 2990.0      8.796014     35.652502      4.770543      3.735643
 2995.0      8.793337     35.708936      4.773245      3.739491
 3000.0      8.790643     35.765420      4.775948      3.743340
 3050.0      8.763272     36.332391      4.802976      3.781806
 3100.0      8.736500     36.901200      4.830000      3.820000
 3150.0      8.711981     37.469379      4.856998      3.857640
 3200.0      8.689991     38.036219      4.883953      3.894673
 3250.0      8.670463     38.601449      4.910851      3.931103
 3300.0      8.653331     39.164797      4.937676      3.966936
 3350.0      8.638528     39.725993      4.964414      4.002175
 3400.0      8.625987     40.284767      4.991048      4.036825
 3450.0      8.615641     40.840846      5.017564      4.070890
 3500.0      8.607424     41.393961      5.043947      4.104376
 3550.0      8.601268     41.943841      5.070181      4.137285
 3600.0      8.597107     42.490214      5.096252      4.169623
 3650.0      8.594874     43.032810      5.122143      4.201394
 3700.0      8.594502     43.571357      5.147840      4.232603
 3750.0      8.595925     44.105586      5.173328      4.263254
 3800.0      8.599075     44.635225      5.198592      4.293351
 3850.0      8.603885     45.160003      5.223615      4.322898
 3900.0      8.610290     45.679650      5.248384      4.351901
 3950.0      8.618222     46.193894      5.272883      4.380364
 4000.0      8.627614     46.702465      5.297096      4.408290
 4050.0      8.638399     47.205092      5.321009      4.435686
 4100.0      8.650512     47.701504      5.344606      4.462554
 4150.0      8.663881     48.191436      5.367873      4.488899
 4200.0      8.678294     48.674973      5.390803      4.514746
 4250.0      8.693315     49.152728      5.413405      4.540142
 4300.0      8.708493     49.625360      5.435688      4.565142
 4350.0      8.723372     50.093530      5.457661      4.589798
 4400.0      8.737501     50.557896      5.479334      4.614161
 4450.0      8.750427     51.019117      5.500717      4.638286
 4500.0      8.761695     51.477853      5.521818      4.662223
 4550.0      8.770854     51.934763      5.542648      4.686026
 4600.0      8.777451     52.390506      5.563215      4.709747
 4650.0      8.781031     52.845740      5.583528      4.733439
 4700.0      8.781142     53.301126      5.603598      4.757154
 4750.0      8.777332     53.757323      5.623434      4.780945
 4800.0      8.769146     54.214989      5.643044      4.804864
 4850.0      8.756132     54.674784      5.662439      4.828963
 4900.0      8.737836     55.137367      5.681628      4.853296
 4950.0      8.713807     55.603397      5.700620      4.877915
 5000.0      8.683590     56.073533      5.719425      4.902871
 5050.0      8.646732     56.548435      5.738051      4.928219
 5100.0      8.602782     57.028762      5.756509      4.954010
 5150.0      8.551284     57.515172      5.774808      4.980296
 5200.0      8.491787     58.008326      5.792957      5.007130
 5250.0      8.423837     58.508882      5.810965      5.034566
 5300.0      8.346981     59.017499      5.828843      5.062654
 5350.0      8.260766     59.534837      5.846598      5.091449
 5400.0      8.164740     60.061555      5.864241      5.121001
 5450.0      8.060204     60.599377      5.881908      5.151337
 5500.0      7.957959     61.155794      5.900417      5.182337
 5550.0      7.872001     61.740234      5.920816      5.213830
 5600.0      7.812737     62.358627      5.943837      5.245636
 5650.0      7.771146     62.997973      5.968504      5.277513
 5700.0      7.731670     63.638897      5.993263      5.309198
 5750.0      7.679825     64.263216      6.016663      5.340442
 5800.0      7.611531     64.864236      6.038250      5.371113
 5850.0      7.528520     65.441689      6.058127      5.401145
 5900.0      7.432627     65.995428      6.076404      5.430474
 5950.0      7.327569     66.527828      6.093365      5.459069
 6000.0      7.219780     67.044908      6.109539      5.486943
 6050.0      7.115907     67.552970      6.125472      5.514115
 6100.0      7.011920     68.054122      6.141075      5.540850
 6150.0      6.819606     68.517381      6.151212      5.569367
 6200.0      6.410749     68.895768      6.148342      5.602801
 6250.0      5.464064     69.229440      6.120000      5.656000
 6300.0      6.188852     79.169460      6.542033      6.050851
 6350.0      9.138942     69.371123      6.289270      5.515130
 6400.0      7.972047     69.147053      6.227912      5.550657
 6450.0      7.740084     69.132340      6.217080      5.559833
 6500.0      7.644438     69.163628      6.214187      5.565586
 6550.0      7.501923     69.225056      6.210308      5.574102
 6600.0      7.339806     69.318851      6.206793      5.584570
 6650.0      7.185368     69.447244      6.204993      5.596177
 6700.0      7.063916     69.612442      6.206166      5.608179
 6750.0      6.978901     69.816439      6.210552      5.620559
 6800.0      6.920161     70.061092      6.217755      5.633754
 6850.0      6.877334     70.348256      6.227371      5.648209
 6900.0      6.840053     70.679787      6.238994      5.664366
 6950.0      6.800350     71.058035      6.252348      5.682601
 7000.0      6.757791     71.486911      6.267550      5.703073
 7050.0      6.713428     71.970630      6.284799      5.725897
 7100.0      6.668309     72.513409      6.304292      5.751188
 7150.0      6.623486     73.119460      6.326225      5.779062
 7200.0      6.580403     73.790373      6.350707      5.809510
 7250.0      6.541544     74.520809      6.377612      5.842194
 7300.0      6.509565     75.304293      6.406774      5.876723
 7350.0      6.487119     76.134350      6.438029      5.912706
 7400.0      6.476863     77.004507      6.471210      5.949751
 7450.0      6.480037     77.911452      6.506213      5.987643
 7500.0      6.489237     78.871231      6.543290      6.027240
 7550.0      6.493789     79.907202      6.582831      6.069805
 7600.0      6.483013     81.042737      6.625227      6.116603
 7650.0      6.446229     82.301210      6.670868      6.168898
 7700.0      6.372798     83.705770      6.720138      6.227946
 7750.0      6.266596     85.195589      6.770983      6.291235
 7800.0      6.159529     86.555385      6.816926      6.349291
 7850.0      6.058013     87.746168      6.856832      6.400385
 7900.0      5.961153     88.778046      6.891040      6.444952
 7950.0      5.868052     89.661122      6.919890      6.483425
 8000.0      5.777814     90.405504      6.943724      6.516240
 8050.0      5.689543     91.021295      6.962880      6.543831
 8100.0      5.602343     91.518603      6.977701      6.566633
 8150.0      5.515318     91.907533      6.988525      6.585080
 8200.0      5.427572     92.198190      6.995693      6.599607
 8250.0      5.338209     92.400680      6.999546      6.610649
 8300.0      5.246332     92.525109      7.000424      6.618640
 8350.0      5.151045     92.581581      6.998667      6.624014
 8400.0      5.051453     92.580204      6.994616      6.627208
 8450.0      4.946659     92.531081      6.988610      6.628654
 8500.0      4.835767     92.444320      6.980991      6.628788
 8550.0      4.717882     92.330025      6.972099      6.628044
 8600.0      4.592106     92.198303      6.962273      6.626858
 8650.0      4.457544     92.059258      6.951854      6.625663
 8700.0      4.313300     91.922997      6.941183      6.624893
 8750.0      4.158478     91.799624      6.930600      6.624985
 8800.0      3.992181     91.699247      6.920445      6.626372
 8850.0      3.813514     91.631969      6.911059      6.629489
 8900.0      3.621722     91.606565      6.902737      6.634712
 8950.0      3.416866     91.624141      6.895526      6.642081
 9000.0      3.199297     91.683074      6.889380      6.651516
 9050.0      2.969368     91.781732      6.884255      6.662937
 9100.0      2.727430     91.918487      6.880105      6.676263
 9150.0      2.473836     92.091709      6.876886      6.691414
 9200.0      2.208937     92.299770      6.874553      6.708310
 9250.0      1.933086     92.541039      6.873061      6.726870
 9300.0      1.646634     92.813888      6.872365      6.747016
 9350.0      1.349933     93.116687      6.872421      6.768665
 9400.0      1.043336     93.447807      6.873183      6.791738
 9450.0      0.727194     93.805618      6.874607      6.816154
 9500.0      0.401859     94.188491      6.876647      6.841834
 9550.0      0.067683     94.594798      6.879260      6.868698
 9600.0     -0.274981     95.022907      6.882400      6.896664
 9650.0     -0.625782     95.471191      6.886022      6.925653
 9700.0     -0.984369     95.938020      6.890081      6.955584
 9750.0     -1.350388     96.421765      6.894533      6.986377
 9800.0     -1.723488     96.920795      6.899332      7.017952
 9850.0     -2.103317     97.433483      6.904435      7.050229
 9900.0     -2.489523     97.958198      6.909795      7.083128
 9950.0     -2.881754     98.493311      6.915368      7.116567
10000.0     -3.279658     99.037193      6.921110      7.150467
10050.0     -3.682883     99.588215      6.926975      7.184748
10100.0     -4.091077    100.144748      6.932919      7.219330
10150.0     -4.503889    100.705161      6.938896      7.254131
10200.0     -4.920965    101.267826      6.944862      7.289073
10250.0     -5.341955    101.831113      6.950772      7.324074
10300.0     -5.766506    102.393393      6.956582      7.359055
10350.0     -6.194270    102.953056      6.962246      7.393936
10400.0     -6.625017    103.509244      6.967742      7.428672
10450.0     -7.058676    104.062073      6.973077      7.463266
10500.0     -7.495184    104.611727      6.978259      7.497722
10550.0     -7.934481    105.158388      6.983294      7.532045
10600.0     -8.376503    105.702239      6.988193      7.566239
10650.0     -8.821189    106.243462      6.992961      7.600308
10700.0     -9.268477    106.782240      6.997608      7.634258
10750.0     -9.718306    107.318755      7.002141      7.668093
10800.0    -10.170613    107.853191      7.006569      7.701817
10850.0    -10.625337    108.385730      7.010898      7.735435
10900.0    -11.082415    108.916555      7.015138      7.768952
10950.0    -11.541787    109.445847      7.019295      7.802372
11000.0    -12.003389    109.973791      7.023379      7.835700
11050.0    -12.467161    110.500568      7.027397      7.868940
11100.0    -12.933039    111.026361      7.031356      7.902097
11150.0    -13.400964    111.551353      7.035266      7.935175
11200.0    -13.870872    112.075727      7.039133      7.968180
11250.0    -14.342701    112.599665      7.042966      8.001115
11300.0    -14.816391    113.123349      7.046773      8.033985
11350.0    -15.291878    113.646963      7.050562      8.066795
11400.0    -15.769102    114.170688      7.054341      8.099550
11450.0    -16.248000    114.694709      7.058117      8.132253
11500.0    -16.728510    115.219207      7.061898      8.164910
11550.0    -17.210571    115.744364      7.065694      8.197525
11600.0    -17.694121    116.270365      7.069510      8.230103
11650.0    -18.179097    116.797390      7.073357      8.262648
11700.0    -18.665439    117.325624      7.077240      8.295164
11750.0    -19.153083    117.855248      7.081169      8.327658
11800.0    -19.641969    118.386445      7.085152      8.360132
11850.0    -20.132034    118.919398      7.089196      8.392591
11900.0    -20.623217    119.454289      7.093309      8.425041
11950.0    -21.115456    119.991302      7.097499      8.457485
12000.0    -21.608688    120.530618      7.101775      8.489929
12050.0    -22.102852    121.072420      7.106143      8.522376
12100.0    -22.597886    121.616892      7.110613      8.554832
12150.0    -23.093729    122.164215      7.115192      8.587301
12200.0    -23.590318    122.714573      7.119887      8.619787
12250.0    -24.087591    123.268148      7.124708      8.652296
12300.0    -24.585487    123.825122      7.129662      8.684831
12350.0    -25.083944    124.385679      7.134757      8.717398
12400.0    -25.582900    124.950000      7.140000      8.750000
12450.0    -26.082304    125.518231      7.145399      8.782642
12500.0    -26.582153    126.090366      7.150952      8.815323
12550.0    -27.082453    126.666359      7.156657      8.848042
12600.0    -27.583212    127.246167      7.162512      8.880797
12650.0    -28.084436    127.829746      7.168515      8.913588
12700.0    -28.586134    128.417051      7.174663      8.946413
12750.0    -29.088311    129.008038      7.180954      8.979271
12800.0    -29.590976    129.602663      7.187386      9.012160
12850.0    -30.094136    130.200882      7.193956      9.045080
12900.0    -30.597797    130.802650      7.200663      9.078029
12950.0    -31.101967    131.407923      7.207503      9.111006
13000.0    -31.606653    132.016656      7.214475      9.144009
13050.0    -32.111862    132.628807      7.221576      9.177037
13100.0    -32.617602    133.244329      7.228804      9.210089
13150.0    -33.123879    133.863180      7.236157      9.243164
13200.0    -33.630701    134.485315      7.243632      9.276261
13250.0    -34.138075    135.110689      7.251227      9.309377
13300.0    -34.646009    135.739258      7.258939      9.342513
13350.0    -35.154508    136.370978      7.266768      9.375666
13400.0    -35.663581    137.005806      7.274709      9.408836
13450.0    -36.173235    137.643696      7.282761      9.442021
13500.0    -36.683476    138.284604      7.290922      9.475219
13550.0    -37.194313    138.928486      7.299189      9.508430
13600.0    -37.705751    139.575298      7.307560      9.541653
13650.0    -38.217799    140.224996      7.316033      9.574885
13700.0    -38.730464    140.877535      7.324605      9.608127
13750.0    -39.243753    141.532871      7.333274      9.641376
13800.0    -39.757672    142.190960      7.342038      9.674631
13850.0    -40.272229    142.851758      7.350895      9.707891
13900.0    -40.787432    143.515220      7.359841      9.741155
13950.0    -41.303288    144.181302      7.368876      9.774421
14000.0    -41.819802    144.849960      7.377996      9.807689
14050.0    -42.336984    145.521149      7.387199      9.840956
14100.0    -42.854840    146.194826      7.396483      9.874223
14150.0    -43.373377    146.870946      7.405846      9.907486
14200.0    -43.892602    147.549465      7.415286      9.940746
14250.0    -44.412523    148.230339      7.424799      9.974001
14300.0    -44.933147    148.913523      7.434385     10.007249
14350.0    -45.454480    149.598972      7.444040     10.040489
14400.0    -45.976531    150.286644      7.453762     10.073721
14450.0    -46.499306    150.976494      7.463549     10.106943
14500.0    -47.022812    151.668477      7.473398     10.140153
14550.0    -47.547057    152.362549      7.483308     10.173350
14600.0    -48.072048    153.058665      7.493276     10.206533
14650.0    -48.597791    153.756783      7.503300     10.239701
14700.0    -49.124295    154.456857      7.513377     10.272853
14750.0    -49.651567    155.158843      7.523505     10.305987
14800.0    -50.179612    155.862697      7.533682     10.339102
14850.0    -50.708440    156.568374      7.543905     10.372196
14900.0    -51.238056    157.275831      7.554173     10.405269
14950.0    -51.768469    157.985023      7.564483     10.438319
