#Lambda        Dielectric Constant          Refractive Index
# [nm]        [Real]        [Imag]        [Real]        [Imag]
   10.0      0.937021      0.003378      0.968000      0.001745
   15.0      0.900091      0.012264      0.948754      0.006462
   20.0      0.855068      0.030277      0.924843      0.016368
   25.0      0.803213      0.060325      0.896850      0.033632
   30.0      0.748012      0.105150      0.867000      0.060640
   35.0      0.689167      0.166779      0.836139      0.099737
   40.0      0.633155      0.248951      0.810367      0.153555
   45.0      0.581904      0.358146      0.795406      0.225266
   50.0      0.584161      0.492272      0.821000      0.299800
   55.0      0.582418      0.567752      0.835305      0.339763
   60.0      0.520180      0.685581      0.831212      0.412727
   65.0      0.515225      0.916760      0.884980      0.517780
   70.0      0.628967      1.137352      0.982000      0.579100
   75.0      0.786638      1.236365      1.061171      0.582475
   80.0      0.859491      1.361357      1.111181      0.612645
   85.0      1.004580      1.563088      1.196356      0.653157
   90.0      1.277780      1.703184      1.305177      0.652458
   95.0      1.600007      1.738024      1.407605      0.617517
  100.0      1.886026      1.614028      1.477872      0.545920
  105.0      2.052689      1.455291      1.511451      0.481461
  110.0      2.154384      1.313495      1.529314      0.429442
  115.0      2.235952      1.210349      1.545717      0.391500
  120.0      2.304411      1.118040      1.559790      0.358444
  125.0      2.439497      1.059542      1.596701      0.331661
  130.0      2.612739      0.781706      1.634000      0.239200
  135.0      2.427316      0.431634      1.563787      0.138169
  140.0      2.139733      0.486222      1.472341      0.165066
  145.0      2.089462      0.675243      1.463722      0.230713
  150.0      2.236601      0.843242      1.521000      0.277200
  155.0      2.527022      0.799925      1.609031      0.248577
  160.0      2.691650      0.564479      1.649535      0.171023
  165.0      2.718210      0.293670      1.651034      0.089040
  170.0      2.570608      0.006833      1.603286      0.002172
  175.0      2.375564      0.008305      1.541352      0.002584
  180.0      2.287909      0.000000      1.512578      0.000000
  185.0      2.227666      0.000000      1.492446      0.000000
  190.0      2.176518      0.000000      1.475301      0.000000
  195.0      2.138084      0.000000      1.462251      0.000000
  200.0      2.108304      0.000000      1.452000      0.000000
  205.0      2.082139      0.000000      1.442952      0.000000
  210.0      2.058787      0.000000      1.434848      0.000000
  215.0      2.038375      0.000000      1.427723      0.000000
  220.0      2.020529      0.000000      1.421458      0.000000
  225.0      2.004758      0.000000      1.415895      0.000000
  230.0      1.990625      0.000000      1.410894      0.000000
  235.0      1.977893      0.000000      1.406375      0.000000
  240.0      1.966373      0.000000      1.402274      0.000000
  245.0      1.955876      0.000000      1.398527      0.000000
  250.0      1.946211      0.000000      1.395067      0.000000
  255.0      1.937214      0.000000      1.391838      0.000000
  260.0      1.928820      0.000000      1.388820      0.000000
  265.0      1.920994      0.000000      1.386000      0.000000
  270.0      1.913699      0.000000      1.383365      0.000000
  275.0      1.906898      0.000000      1.380905      0.000000
  280.0      1.900560      0.000000      1.378608      0.000000
  285.0      1.894668      0.000000      1.376469      0.000000
  290.0      1.889211      0.000000      1.374486      0.000000
  295.0      1.884177      0.000000      1.372653      0.000000
  300.0      1.879552      0.000000      1.370968      0.000000
  305.0      1.875313      0.000000      1.369421      0.000000
  310.0      1.871383      0.000000      1.367986      0.000000
  315.0      1.867674      0.000000      1.366629      0.000000
  320.0      1.864098      0.000000      1.365320      0.000000
  325.0      1.860567      0.000000      1.364026      0.000000
  330.0      1.857021      0.000000      1.362725      0.000000
  335.0      1.853515      0.000000      1.361438      0.000000
  340.0      1.850137      0.000000      1.360197      0.000000
  345.0      1.846973      0.000000      1.359033      0.000000
  350.0      1.844110      0.000000      1.357980      0.000000
  355.0      1.841601      0.000000      1.357057      0.000000
  360.0      1.839370      0.000000      1.356234      0.000000
  365.0      1.837309      0.000000      1.355474      0.000000
  370.0      1.835313      0.000000      1.354738      0.000000
  375.0      1.833274      0.000000      1.353985      0.000000
  380.0      1.831118      0.000000      1.353188      0.000000
  385.0      1.828890      0.000000      1.352364      0.000000
  390.0      1.826663      0.000000      1.351540      0.000000
  395.0      1.824508      0.000000      1.350743      0.000000
  400.0      1.822500      0.000000      1.350000      0.000000
  405.0      1.820687      0.000000      1.349329      0.000000
  410.0      1.819026      0.000000      1.348713      0.000000
  415.0      1.817448      0.000000      1.348128      0.000000
  420.0      1.815888      0.000000      1.347549      0.000000
  425.0      1.814277      0.000000      1.346951      0.000000
  430.0      1.812578      0.000000      1.346320      0.000000
  435.0      1.810852      0.000000      1.345678      0.000000
  440.0      1.809175      0.000000      1.345055      0.000000
  445.0      1.807628      0.000000      1.344480      0.000000
  450.0      1.806287      0.000000      1.343982      0.000000
  455.0      1.805194      0.000000      1.343575      0.000000
  460.0      1.804250      0.000000      1.343224      0.000000
  465.0      1.803330      0.000000      1.342882      0.000000
  470.0      1.802305      0.000000      1.342500      0.000000
  475.0      1.801049      0.000000      1.342032      0.000000
  480.0      1.799477      0.000000      1.341446      0.000000
  485.0      1.797704      0.000000      1.340784      0.000000
  490.0      1.795903      0.000000      1.340113      0.000000
  495.0      1.794251      0.000000      1.339496      0.000000
  500.0      1.792921      0.000000      1.339000      0.000000
  505.0      1.792033      0.000000      1.338669      0.000000
  510.0      1.791481      0.000000      1.338463      0.000000
  515.0      1.791104      0.000000      1.338322      0.000000
  520.0      1.790742      0.000000      1.338186      0.000000
  525.0      1.790231      0.000000      1.337995      0.000000
  530.0      1.789454      0.000000      1.337705      0.000000
  535.0      1.788446      0.000000      1.337328      0.000000
  540.0      1.787281      0.000000      1.336892      0.000000
  545.0      1.786031      0.000000      1.336425      0.000000
  550.0      1.784772      0.000000      1.335953      0.000000
  555.0      1.783562      0.000000      1.335501      0.000000
  560.0      1.782426      0.000000      1.335075      0.000000
  565.0      1.781378      0.000000      1.334683      0.000000
  570.0      1.780437      0.000000      1.334330      0.000000
  575.0      1.779616      0.000000      1.334022      0.000000
  580.0      1.778926      0.000000      1.333764      0.000000
  585.0      1.778343      0.000000      1.333545      0.000000
  590.0      1.777830      0.000000      1.333353      0.000000
  595.0      1.777354      0.000000      1.333175      0.000000
  600.0      1.776879      0.000000      1.332996      0.000000
  605.0      1.776378      0.000000      1.332808      0.000000
  610.0      1.775853      0.000000      1.332611      0.000000
  615.0      1.775313      0.000000      1.332409      0.000000
  620.0      1.774767      0.000000      1.332204      0.000000
  625.0      1.774224      0.000000      1.332000      0.000000
  630.0      1.773691      0.000000      1.331800      0.000000
  635.0      1.773166      0.000000      1.331603      0.000000
  640.0      1.772642      0.000000      1.331406      0.000000
  645.0      1.772116      0.000000      1.331209      0.000000
  650.0      1.771583      0.000000      1.331008      0.000000
  655.0      1.771038      0.000000      1.330803      0.000000
  660.0      1.770484      0.000000      1.330595      0.000000
  665.0      1.769928      0.000000      1.330386      0.000000
  670.0      1.769372      0.000000      1.330178      0.000000
  675.0      1.768824      0.000000      1.329971      0.000000
  680.0      1.768285      0.000000      1.329769      0.000000
  685.0      1.767756      0.000000      1.329570      0.000000
  690.0      1.767236      0.000000      1.329374      0.000000
  695.0      1.766725      0.000000      1.329182      0.000000
  700.0      1.766221      0.000000      1.328992      0.000000
  705.0      1.765722      0.000000      1.328805      0.000000
  710.0      1.765217      0.000000      1.328615      0.000000
  715.0      1.764692      0.000000      1.328417      0.000000
  720.0      1.764136      0.000000      1.328208      0.000000
  725.0      1.763534      0.000000      1.327981      0.000000
  730.0      1.762889      0.000000      1.327738      0.000000
  735.0      1.762248      0.000000      1.327497      0.000000
  740.0      1.761667      0.000000      1.327278      0.000000
  745.0      1.761203      0.000000      1.327103      0.000000
  750.0      1.760914      0.000000      1.326994      0.000000
  755.0      1.760824      0.000000      1.326960      0.000000
  760.0      1.760866      0.000000      1.326976      0.000000
  765.0      1.760953      0.000000      1.327009      0.000000
  770.0      1.760998      0.000000      1.327026      0.000000
  775.0      1.760916      0.000000      1.326995      0.000000
  780.0      1.760644      0.000000      1.326893      0.000000
  785.0      1.760205      0.000000      1.326727      0.000000
  790.0      1.759639      0.000000      1.326514      0.000000
  795.0      1.758983      0.000000      1.326267      0.000000
  800.0      1.758276      0.000000      1.326000      0.000000
  805.0      1.757559      0.000000      1.325730      0.000000
  810.0      1.756881      0.000000      1.325474      0.000000
  815.0      1.756296      0.000000      1.325253      0.000000
  820.0      1.755854      0.000000      1.325086      0.000000
  825.0      1.755607      0.000000      1.324993      0.000000
  830.0      1.755572      0.000000      1.324980      0.000000
  835.0      1.755657      0.000000      1.325012      0.000000
  840.0      1.755755      0.000001      1.325049      0.000000
  845.0      1.755758      0.000001      1.325050      0.000000
  850.0      1.755559      0.000001      1.324975      0.000000
  855.0      1.755115      0.000001      1.324807      0.000000
  860.0      1.754521      0.000001      1.324583      0.000000
  865.0      1.753891      0.000001      1.324345      0.000000
  870.0      1.753337      0.000001      1.324136      0.000000
  875.0      1.752971      0.000001      1.323998      0.000000
  880.0      1.752866      0.000001      1.323958      0.000000
  885.0      1.752933      0.000001      1.323984      0.000000
  890.0      1.753050      0.000001      1.324028      0.000000
  895.0      1.753093      0.000001      1.324044      0.000000
  900.0      1.752938      0.000001      1.323986      0.000000
  905.0      1.752521      0.000001      1.323828      0.000000
  910.0      1.751935      0.000001      1.323607      0.000000
  915.0      1.751297      0.000002      1.323365      0.000000
  920.0      1.750724      0.000002      1.323149      0.000001
  925.0      1.750334      0.000003      1.323002      0.000001
  930.0      1.750208      0.000004      1.322954      0.000001
  935.0      1.750268      0.000005      1.322977      0.000002
  940.0      1.750393      0.000006      1.323024      0.000002
  945.0      1.750464      0.000007      1.323051      0.000003
  950.0      1.750359      0.000008      1.323011      0.000003
  955.0      1.749987      0.000009      1.322871      0.000003
  960.0      1.749411      0.000009      1.322653      0.000003
  965.0      1.748751      0.000009      1.322403      0.000003
  970.0      1.748129      0.000009      1.322168      0.000003
  975.0      1.747663      0.000009      1.321992      0.000003
  980.0      1.747435      0.000009      1.321906      0.000003
  985.0      1.747399      0.000009      1.321892      0.000003
  990.0      1.747478      0.000009      1.321922      0.000003
  995.0      1.747598      0.000008      1.321967      0.000003
 1000.0      1.747684      0.000008      1.322000      0.000003
 1005.0      1.747677      0.000008      1.321997      0.000003
 1010.0      1.747574      0.000007      1.321958      0.000003
 1015.0      1.747391      0.000007      1.321889      0.000003
 1020.0      1.747141      0.000007      1.321795      0.000002
 1025.0      1.746838      0.000006      1.321680      0.000002
 1030.0      1.746495      0.000006      1.321550      0.000002
 1035.0      1.746126      0.000005      1.321411      0.000002
 1040.0      1.745746      0.000005      1.321267      0.000001
 1045.0      1.745368      0.000004      1.321124      0.000001
 1050.0      1.745006      0.000004      1.320987      0.000001
 1055.0      1.744670      0.000004      1.320859      0.000001
 1060.0      1.744358      0.000003      1.320742      0.000001
 1065.0      1.744068      0.000003      1.320632      0.000001
 1070.0      1.743796      0.000003      1.320529      0.000001
 1075.0      1.743538      0.000002      1.320431      0.000001
 1080.0      1.743292      0.000003      1.320338      0.000001
 1085.0      1.743054      0.000003      1.320248      0.000001
 1090.0      1.742820      0.000003      1.320159      0.000001
 1095.0      1.742587      0.000004      1.320071      0.000002
 1100.0      1.742353      0.000005      1.319982      0.000002
 1105.0      1.742114      0.000007      1.319891      0.000003
 1110.0      1.741870      0.000008      1.319799      0.000003
 1115.0      1.741622      0.000010      1.319705      0.000004
 1120.0      1.741370      0.000012      1.319610      0.000005
 1125.0      1.741115      0.000014      1.319513      0.000005
 1130.0      1.740857      0.000017      1.319415      0.000006
 1135.0      1.740596      0.000019      1.319316      0.000007
 1140.0      1.740332      0.000021      1.319217      0.000008
 1145.0      1.740066      0.000023      1.319116      0.000008
 1150.0      1.739799      0.000025      1.319014      0.000009
 1155.0      1.739529      0.000026      1.318912      0.000009
 1160.0      1.739259      0.000028      1.318810      0.000010
 1165.0      1.738987      0.000029      1.318707      0.000010
 1170.0      1.738716      0.000030      1.318604      0.000011
 1175.0      1.738444      0.000031      1.318501      0.000011
 1180.0      1.738172      0.000031      1.318398      0.000011
 1185.0      1.737901      0.000032      1.318295      0.000012
 1190.0      1.737632      0.000032      1.318193      0.000012
 1195.0      1.737364      0.000032      1.318091      0.000012
 1200.0      1.737097      0.000032      1.317990      0.000012
 1205.0      1.736833      0.000032      1.317890      0.000012
 1210.0      1.736571      0.000032      1.317790      0.000012
 1215.0      1.736311      0.000032      1.317691      0.000012
 1220.0      1.736051      0.000031      1.317593      0.000012
 1225.0      1.735793      0.000031      1.317495      0.000012
 1230.0      1.735535      0.000031      1.317397      0.000012
 1235.0      1.735278      0.000030      1.317299      0.000011
 1240.0      1.735021      0.000030      1.317202      0.000011
 1245.0      1.734763      0.000029      1.317104      0.000011
 1250.0      1.734505      0.000029      1.317006      0.000011
 1255.0      1.734245      0.000029      1.316907      0.000011
 1260.0      1.733985      0.000028      1.316809      0.000011
 1265.0      1.733724      0.000028      1.316710      0.000011
 1270.0      1.733462      0.000028      1.316610      0.000011
 1275.0      1.733199      0.000029      1.316510      0.000011
 1280.0      1.732934      0.000029      1.316410      0.000011
 1285.0      1.732669      0.000031      1.316309      0.000012
 1290.0      1.732403      0.000032      1.316208      0.000012
 1295.0      1.732135      0.000034      1.316106      0.000013
 1300.0      1.731867      0.000037      1.316004      0.000014
 1305.0      1.731597      0.000040      1.315902      0.000015
 1310.0      1.731327      0.000044      1.315799      0.000017
 1315.0      1.731056      0.000049      1.315696      0.000019
 1320.0      1.730785      0.000055      1.315593      0.000021
 1325.0      1.730514      0.000061      1.315490      0.000023
 1330.0      1.730243      0.000069      1.315387      0.000026
 1335.0      1.729973      0.000077      1.315285      0.000029
 1340.0      1.729705      0.000086      1.315182      0.000033
 1345.0      1.729438      0.000097      1.315081      0.000037
 1350.0      1.729172      0.000108      1.314980      0.000041
 1355.0      1.728908      0.000121      1.314880      0.000046
 1360.0      1.728647      0.000136      1.314780      0.000052
 1365.0      1.728386      0.000154      1.314681      0.000058
 1370.0      1.728126      0.000175      1.314582      0.000066
 1375.0      1.727868      0.000200      1.314484      0.000076
 1380.0      1.727609      0.000229      1.314386      0.000087
 1385.0      1.727351      0.000264      1.314287      0.000100
 1390.0      1.727093      0.000305      1.314189      0.000116
 1395.0      1.726835      0.000352      1.314091      0.000134
 1400.0      1.726575      0.000407      1.313992      0.000155
 1405.0      1.726315      0.000469      1.313893      0.000178
 1410.0      1.726054      0.000536      1.313794      0.000204
 1415.0      1.725791      0.000606      1.313694      0.000231
 1420.0      1.725527      0.000676      1.313593      0.000257
 1425.0      1.725262      0.000743      1.313492      0.000283
 1430.0      1.724995      0.000806      1.313391      0.000307
 1435.0      1.724726      0.000861      1.313288      0.000328
 1440.0      1.724455      0.000907      1.313185      0.000346
 1445.0      1.724183      0.000940      1.313081      0.000358
 1450.0      1.723908      0.000958      1.312977      0.000365
 1455.0      1.723632      0.000959      1.312872      0.000366
 1460.0      1.723356      0.000947      1.312766      0.000361
 1465.0      1.723081      0.000922      1.312662      0.000351
 1470.0      1.722809      0.000887      1.312558      0.000338
 1475.0      1.722541      0.000844      1.312456      0.000322
 1480.0      1.722280      0.000796      1.312357      0.000303
 1485.0      1.722027      0.000743      1.312260      0.000283
 1490.0      1.721783      0.000690      1.312167      0.000263
 1495.0      1.721551      0.000637      1.312079      0.000243
 1500.0      1.721331      0.000587      1.311995      0.000224
 1505.0      1.721125      0.000542      1.311917      0.000207
 1510.0      1.720930      0.000501      1.311842      0.000191
 1515.0      1.720743      0.000464      1.311771      0.000177
 1520.0      1.720562      0.000432      1.311702      0.000165
 1525.0      1.720384      0.000403      1.311634      0.000154
 1530.0      1.720205      0.000378      1.311566      0.000144
 1535.0      1.720023      0.000356      1.311497      0.000136
 1540.0      1.719835      0.000338      1.311425      0.000129
 1545.0      1.719637      0.000321      1.311350      0.000122
 1550.0      1.719428      0.000308      1.311270      0.000117
 1555.0      1.719205      0.000296      1.311185      0.000113
 1560.0      1.718963      0.000286      1.311093      0.000109
 1565.0      1.718701      0.000278      1.310993      0.000106
 1570.0      1.718416      0.000272      1.310884      0.000103
 1575.0      1.718104      0.000266      1.310765      0.000101
 1580.0      1.717763      0.000261      1.310635      0.000099
 1585.0      1.717390      0.000257      1.310493      0.000098
 1590.0      1.716982      0.000253      1.310337      0.000096
 1595.0      1.716536      0.000249      1.310167      0.000094
 1600.0      1.716049      0.000245      1.309981      0.000093
 1605.0      1.715522      0.000240      1.309779      0.000091
 1610.0      1.714964      0.000235      1.309566      0.000089
 1615.0      1.714386      0.000229      1.309345      0.000087
 1620.0      1.713800      0.000224      1.309122      0.000085
 1625.0      1.713216      0.000218      1.308899      0.000083
 1630.0      1.712647      0.000213      1.308681      0.000081
 1635.0      1.712103      0.000209      1.308473      0.000080
 1640.0      1.711595      0.000204      1.308279      0.000078
 1645.0      1.711136      0.000201      1.308104      0.000077
 1650.0      1.710735      0.000198      1.307951      0.000076
 1655.0      1.710396      0.000196      1.307821      0.000075
 1660.0      1.710107      0.000195      1.307711      0.000075
 1665.0      1.709856      0.000195      1.307615      0.000074
 1670.0      1.709630      0.000195      1.307529      0.000075
 1675.0      1.709419      0.000196      1.307448      0.000075
 1680.0      1.709209      0.000197      1.307367      0.000075
 1685.0      1.708988      0.000198      1.307283      0.000076
 1690.0      1.708744      0.000200      1.307189      0.000076
 1695.0      1.708465      0.000201      1.307083      0.000077
 1700.0      1.708139      0.000202      1.306958      0.000077
 1705.0      1.707760      0.000204      1.306813      0.000078
 1710.0      1.707334      0.000205      1.306650      0.000078
 1715.0      1.706868      0.000207      1.306471      0.000079
 1720.0      1.706367      0.000210      1.306280      0.000080
 1725.0      1.705838      0.000214      1.306077      0.000082
 1730.0      1.705288      0.000219      1.305867      0.000084
 1735.0      1.704723      0.000227      1.305650      0.000087
 1740.0      1.704149      0.000236      1.305431      0.000090
 1745.0      1.703574      0.000247      1.305210      0.000095
 1750.0      1.703002      0.000262      1.304991      0.000100
 1755.0      1.702440      0.000278      1.304776      0.000107
 1760.0      1.701888      0.000297      1.304564      0.000114
 1765.0      1.701344      0.000316      1.304356      0.000121
 1770.0      1.700807      0.000334      1.304150      0.000128
 1775.0      1.700278      0.000349      1.303947      0.000134
 1780.0      1.699754      0.000362      1.303746      0.000139
 1785.0      1.699235      0.000369      1.303547      0.000142
 1790.0      1.698719      0.000370      1.303349      0.000142
 1795.0      1.698207      0.000364      1.303153      0.000140
 1800.0      1.697697      0.000350      1.302957      0.000134
 1805.0      1.697188      0.000327      1.302762      0.000126
 1810.0      1.696679      0.000301      1.302566      0.000116
 1815.0      1.696169      0.000275      1.302370      0.000106
 1820.0      1.695657      0.000255      1.302174      0.000098
 1825.0      1.695143      0.000245      1.301977      0.000094
 1830.0      1.694626      0.000249      1.301778      0.000096
 1835.0      1.694104      0.000273      1.301578      0.000105
 1840.0      1.693577      0.000321      1.301375      0.000123
 1845.0      1.693044      0.000397      1.301170      0.000152
 1850.0      1.692503      0.000506      1.300962      0.000195
 1855.0      1.691956      0.000652      1.300752      0.000250
 1860.0      1.691407      0.000829      1.300541      0.000319
 1865.0      1.690860      0.001035      1.300331      0.000398
 1870.0      1.690320      0.001266      1.300123      0.000487
 1875.0      1.689791      0.001518      1.299920      0.000584
 1880.0      1.689279      0.001786      1.299723      0.000687
 1885.0      1.688787      0.002068      1.299534      0.000796
 1890.0      1.688321      0.002358      1.299354      0.000908
 1895.0      1.687885      0.002654      1.299186      0.001022
 1900.0      1.687483      0.002951      1.299032      0.001136
 1905.0      1.687120      0.003245      1.298892      0.001249
 1910.0      1.686793      0.003531      1.298767      0.001359
 1915.0      1.686496      0.003803      1.298652      0.001464
 1920.0      1.686224      0.004054      1.298548      0.001561
 1925.0      1.685970      0.004279      1.298450      0.001648
 1930.0      1.685730      0.004471      1.298358      0.001722
 1935.0      1.685497      0.004625      1.298268      0.001781
 1940.0      1.685266      0.004735      1.298179      0.001824
 1945.0      1.685031      0.004793      1.298088      0.001846
 1950.0      1.684786      0.004795      1.297994      0.001847
 1955.0      1.684528      0.004738      1.297895      0.001825
 1960.0      1.684260      0.004627      1.297791      0.001783
 1965.0      1.683984      0.004471      1.297685      0.001723
 1970.0      1.683706      0.004280      1.297578      0.001649
 1975.0      1.683430      0.004061      1.297471      0.001565
 1980.0      1.683159      0.003823      1.297367      0.001473
 1985.0      1.682897      0.003575      1.297266      0.001378
 1990.0      1.682649      0.003325      1.297170      0.001282
 1995.0      1.682418      0.003083      1.297081      0.001188
 2000.0      1.682208      0.002856      1.297000      0.001101
 2005.0      1.682022      0.002652      1.296929      0.001022
 2010.0      1.681857      0.002469      1.296865      0.000952
 2015.0      1.681707      0.002307      1.296807      0.000889
 2020.0      1.681567      0.002162      1.296754      0.000833
 2025.0      1.681433      0.002034      1.296702      0.000784
 2030.0      1.681299      0.001919      1.296651      0.000739
 2035.0      1.681160      0.001816      1.296598      0.000699
 2040.0      1.681012      0.001722      1.296541      0.000663
 2045.0      1.680849      0.001635      1.296478      0.000629
 2050.0      1.680666      0.001554      1.296408      0.000598
 2055.0      1.674143      0.001692      1.293887      0.000654
 2060.0      1.673720      0.001624      1.293724      0.000627
 2065.0      1.673266      0.001558      1.293548      0.000602
 2070.0      1.672780      0.001495      1.293360      0.000578
 2075.0      1.672261      0.001436      1.293159      0.000555
 2080.0      1.671707      0.001380      1.292946      0.000533
 2085.0      1.671119      0.001328      1.292718      0.000513
 2090.0      1.670495      0.001279      1.292476      0.000494
 2095.0      1.669834      0.001234      1.292221      0.000477
 2100.0      1.669135      0.001193      1.291950      0.000461
 2105.0      1.668400      0.001156      1.291666      0.000447
 2110.0      1.667634      0.001122      1.291369      0.000434
 2115.0      1.666844      0.001092      1.291063      0.000423
 2120.0      1.666036      0.001065      1.290750      0.000413
 2125.0      1.665217      0.001040      1.290433      0.000403
 2130.0      1.664393      0.001018      1.290113      0.000395
 2135.0      1.663572      0.000999      1.289795      0.000387
 2140.0      1.662758      0.000980      1.289480      0.000381
 2145.0      1.661959      0.000964      1.289170      0.000374
 2150.0      1.661182      0.000948      1.288868      0.000368
 2155.0      1.660426      0.000934      1.288575      0.000363
 2160.0      1.659684      0.000921      1.288288      0.000358
 2165.0      1.658950      0.000909      1.288003      0.000353
 2170.0      1.658216      0.000898      1.287718      0.000349
 2175.0      1.657474      0.000889      1.287430      0.000346
 2180.0      1.656718      0.000881      1.287136      0.000343
 2185.0      1.655939      0.000876      1.286833      0.000340
 2190.0      1.655132      0.000871      1.286519      0.000339
 2195.0      1.654287      0.000869      1.286191      0.000338
 2200.0      1.653400      0.000869      1.285846      0.000338
 2205.0      1.652468      0.000871      1.285483      0.000339
 2210.0      1.651499      0.000875      1.285106      0.000340
 2215.0      1.650502      0.000881      1.284718      0.000343
 2220.0      1.649483      0.000888      1.284321      0.000346
 2225.0      1.648451      0.000897      1.283920      0.000349
 2230.0      1.647414      0.000907      1.283516      0.000353
 2235.0      1.646380      0.000919      1.283113      0.000358
 2240.0      1.645355      0.000932      1.282714      0.000363
 2245.0      1.644349      0.000946      1.282322      0.000369
 2250.0      1.643369      0.000962      1.281940      0.000375
 2255.0      1.642418      0.000978      1.281569      0.000381
 2260.0      1.641489      0.000995      1.281206      0.000388
 2265.0      1.640570      0.001014      1.280848      0.000396
 2270.0      1.639653      0.001033      1.280490      0.000404
 2275.0      1.638728      0.001055      1.280129      0.000412
 2280.0      1.637784      0.001078      1.279760      0.000421
 2285.0      1.636813      0.001103      1.279380      0.000431
 2290.0      1.635803      0.001129      1.278986      0.000442
 2295.0      1.634746      0.001158      1.278572      0.000453
 2300.0      1.633631      0.001188      1.278136      0.000465
 2305.0      1.632450      0.001221      1.277674      0.000478
 2310.0      1.631207      0.001256      1.277187      0.000492
 2315.0      1.629913      0.001294      1.276680      0.000507
 2320.0      1.628581      0.001334      1.276158      0.000523
 2325.0      1.627221      0.001376      1.275625      0.000540
 2330.0      1.625846      0.001421      1.275086      0.000558
 2335.0      1.624467      0.001468      1.274545      0.000576
 2340.0      1.623096      0.001518      1.274008      0.000596
 2345.0      1.621745      0.001571      1.273477      0.000617
 2350.0      1.620425      0.001625      1.272959      0.000639
 2355.0      1.619142      0.001683      1.272456      0.000662
 2360.0      1.617889      0.001743      1.271963      0.000686
 2365.0      1.616652      0.001806      1.271477      0.000711
 2370.0      1.615420      0.001872      1.270992      0.000737
 2375.0      1.614179      0.001941      1.270505      0.000764
 2380.0      1.612919      0.002012      1.270009      0.000793
 2385.0      1.611627      0.002087      1.269500      0.000823
 2390.0      1.610290      0.002164      1.268973      0.000853
 2395.0      1.608897      0.002244      1.268424      0.000885
 2400.0      1.607436      0.002328      1.267847      0.000919
 2405.0      1.605899      0.002415      1.267241      0.000953
 2410.0      1.604294      0.002505      1.266607      0.000990
 2415.0      1.602627      0.002600      1.265949      0.001027
 2420.0      1.600905      0.002700      1.265269      0.001067
 2425.0      1.599136      0.002804      1.264569      0.001109
 2430.0      1.597325      0.002915      1.263853      0.001153
 2435.0      1.595480      0.003031      1.263124      0.001200
 2440.0      1.593609      0.003154      1.262383      0.001249
 2445.0      1.591718      0.003285      1.261634      0.001302
 2450.0      1.589814      0.003423      1.260879      0.001357
 2455.0      1.587902      0.003568      1.260121      0.001416
 2460.0      1.585982      0.003718      1.259359      0.001476
 2465.0      1.584054      0.003870      1.258593      0.001537
 2470.0      1.582116      0.004021      1.257823      0.001598
 2475.0      1.580168      0.004168      1.257048      0.001658
 2480.0      1.578209      0.004309      1.256269      0.001715
 2485.0      1.576238      0.004441      1.255484      0.001769
 2490.0      1.574255      0.004560      1.254694      0.001818
 2495.0      1.572258      0.004665      1.253898      0.001860
 2500.0      1.570247      0.004752      1.253097      0.001896
 2505.0      1.568220      0.004819      1.252288      0.001924
 2510.0      1.566164      0.004870      1.251467      0.001946
 2515.0      1.564064      0.004909      1.250628      0.001962
 2520.0      1.561905      0.004941      1.249765      0.001976
 2525.0      1.559670      0.004970      1.248871      0.001990
 2530.0      1.557345      0.005003      1.247940      0.002004
 2535.0      1.554914      0.005043      1.246965      0.002022
 2540.0      1.552361      0.005096      1.245941      0.002045
 2545.0      1.549671      0.005165      1.244860      0.002075
 2550.0      1.546829      0.005257      1.243718      0.002114
 2555.0      1.543820      0.005376      1.242507      0.002163
 2560.0      1.540671      0.005509      1.241240      0.002219
 2565.0      1.537467      0.005624      1.239948      0.002268
 2570.0      1.534268      0.005697      1.238658      0.002300
 2575.0      1.531048      0.005745      1.237357      0.002321
 2580.0      1.527761      0.005789      1.236028      0.002342
 2585.0      1.524363      0.005855      1.234653      0.002371
 2590.0      1.520807      0.005965      1.233212      0.002419
 2595.0      1.517048      0.006143      1.231688      0.002494
 2600.0      1.513052      0.006407      1.230065      0.002603
 2605.0      1.508810      0.006756      1.228341      0.002748
 2610.0      1.504317      0.007190      1.226513      0.002927
 2615.0      1.499568      0.007708      1.224576      0.003143
 2620.0      1.494558      0.008308      1.222530      0.003394
 2625.0      1.489282      0.008990      1.220370      0.003680
 2630.0      1.483736      0.009751      1.218093      0.004002
 2635.0      1.477920      0.010591      1.215702      0.004360
 2640.0      1.471872      0.011507      1.213209      0.004751
 2645.0      1.465638      0.012496      1.210636      0.005174
 2650.0      1.459263      0.013556      1.208001      0.005627
 2655.0      1.452794      0.014682      1.205323      0.006107
 2660.0      1.446277      0.015873      1.202622      0.006612
 2665.0      1.439756      0.017126      1.199917      0.007140
 2670.0      1.433270      0.018443      1.197224      0.007693
 2675.0      1.426746      0.019910      1.194511      0.008308
 2680.0      1.420041      0.021660      1.191715      0.009047
 2685.0      1.413009      0.023830      1.188775      0.009973
 2690.0      1.405507      0.026558      1.185627      0.011149
 2695.0      1.397388      0.029978      1.182208      0.012637
 2700.0      1.388509      0.034229      1.178456      0.014500
 2705.0      1.378724      0.039445      1.174307      0.016800
 2710.0      1.368021      0.045714      1.169758      0.019577
 2715.0      1.356715      0.052999      1.164951      0.022814
 2720.0      1.345171      0.061243      1.160049      0.026483
 2725.0      1.333755      0.070391      1.155216      0.030557
 2730.0      1.322831      0.080387      1.150616      0.035010
 2735.0      1.312767      0.091174      1.146413      0.039814
 2740.0      1.303927      0.102697      1.142772      0.044944
 2745.0      1.296629      0.114895      1.139835      0.050370
 2750.0      1.290791      0.127669      1.137567      0.056050
 2755.0      1.286133      0.140900      1.135844      0.061936
 2760.0      1.282369      0.154470      1.134540      0.067977
 2765.0      1.279218      0.168259      1.133530      0.074127
 2770.0      1.276396      0.182148      1.132691      0.080334
 2775.0      1.273619      0.196020      1.131895      0.086551
 2780.0      1.270605      0.209755      1.131019      0.092727
 2785.0      1.267145      0.223279      1.129973      0.098833
 2790.0      1.263357      0.236713      1.128816      0.104911
 2795.0      1.259443      0.250228      1.127649      0.111027
 2800.0      1.255604      0.263995      1.126570      0.117245
 2805.0      1.252044      0.278185      1.125680      0.123629
 2810.0      1.248964      0.292969      1.125079      0.130244
 2815.0      1.246567      0.308518      1.124865      0.137153
 2820.0      1.245055      0.325003      1.125139      0.144422
 2825.0      1.244564      0.342477      1.125963      0.152061
 2830.0      1.245124      0.360803      1.127338      0.159996
 2835.0      1.246755      0.379821      1.129259      0.168144
 2840.0      1.249476      0.399373      1.131722      0.176421
 2845.0      1.253305      0.419301      1.134722      0.184744
 2850.0      1.258263      0.439447      1.138254      0.193029
 2855.0      1.264368      0.459653      1.142313      0.201194
 2860.0      1.271638      0.479762      1.146895      0.209155
 2865.0      1.280083      0.499642      1.151985      0.216849
 2870.0      1.289696      0.519197      1.157558      0.224241
 2875.0      1.300470      0.538333      1.163588      0.231294
 2880.0      1.312399      0.556957      1.170049      0.237974
 2885.0      1.325475      0.574975      1.176916      0.244245
 2890.0      1.339691      0.592293      1.184161      0.250073
 2895.0      1.355042      0.608816      1.191759      0.255422
 2900.0      1.371517      0.624452      1.199684      0.260259
 2905.0      1.389042      0.639133      1.207891      0.264569
 2910.0      1.407470      0.652819      1.216316      0.268361
 2915.0      1.426651      0.665471      1.224894      0.271643
 2920.0      1.446435      0.677050      1.233562      0.274425
 2925.0      1.466670      0.687519      1.242254      0.276718
 2930.0      1.487205      0.696838      1.250905      0.278529
 2935.0      1.507892      0.704968      1.259452      0.279869
 2940.0      1.528580      0.711873      1.267829      0.280747
 2945.0      1.549170      0.717560      1.276003      0.281183
 2950.0      1.569616      0.722082      1.283970      0.281203
 2955.0      1.589877      0.725499      1.291729      0.280837
 2960.0      1.609909      0.727868      1.299281      0.280114
 2965.0      1.629670      0.729247      1.306622      0.279063
 2970.0      1.649118      0.729692      1.313753      0.277711
 2975.0      1.668210      0.729263      1.320673      0.276088
 2980.0      1.686904      0.728017      1.327379      0.274223
 2985.0      1.705158      0.726010      1.333872      0.272144
 2990.0      1.722936      0.723297      1.340151      0.269876
 2995.0      1.740237      0.719904      1.346219      0.267430
 3000.0      1.757068      0.715855      1.352080      0.264813
 3050.0      1.901179      0.644063      1.400173      0.230569
 3100.0      2.006423      0.530783      1.431914      0.186076
 3150.0      2.080149      0.398033      1.451258      0.137641
 3200.0      2.129703      0.267828      1.462161      0.091573
 3250.0      2.161437      0.157934      1.467961      0.052937
 3300.0      2.177953      0.070090      1.469681      0.022116
 3350.0      2.180968      0.002265      1.467797      0.000000
 3400.0      2.172199      0.000000      1.462785      0.000000
 3450.0      2.153363      0.000000      1.455123      0.000000
 3500.0      2.126179      0.000000      1.445287      0.000000
 3550.0      2.092365      0.000000      1.433753      0.000000
 3600.0      2.053636      0.000000      1.420998      0.000000
 3650.0      2.011712      0.000000      1.407498      0.000000
 3700.0      1.968310      0.000000      1.393729      0.000000
 3750.0      1.925146      0.000000      1.380170      0.000000
 3800.0      1.883940      0.000000      1.367295      0.000000
 3850.0      1.846407      0.000000      1.355581      0.000000
 3900.0      1.814267      0.000000      1.345506      0.000000
 3950.0      1.789236      0.010231      1.337544      0.003837
 4000.0      1.772525      0.018238      1.332030      0.006743
 4050.0      1.762746      0.021289      1.328556      0.007870
 4100.0      1.757681      0.021134      1.326479      0.007848
 4150.0      1.755114      0.019522      1.325159      0.007307
 4200.0      1.752826      0.018203      1.323951      0.006877
 4250.0      1.749131      0.018519      1.322369      0.007039
 4300.0      1.744240      0.020338      1.320481      0.007748
 4350.0      1.738795      0.023203      1.318477      0.008837
 4400.0      1.733435      0.026655      1.316551      0.010142
 4450.0      1.728799      0.030234      1.314894      0.011496
 4500.0      1.725336      0.033550      1.313638      0.012757
 4550.0      1.722869      0.036430      1.312721      0.013859
 4600.0      1.721100      0.038746      1.312042      0.014751
 4650.0      1.719728      0.040369      1.311500      0.015382
 4700.0      1.718454      0.041171      1.310992      0.015702
 4750.0      1.717021      0.041074      1.310431      0.015680
 4800.0      1.715345      0.040198      1.309785      0.015358
 4850.0      1.713378      0.038708      1.309032      0.014799
 4900.0      1.711076      0.036768      1.308151      0.014064
 4950.0      1.708392      0.034546      1.307121      0.013216
 5000.0      1.705263      0.032213      1.305916      0.012319
 5050.0      1.701527      0.029987      1.304474      0.011464
 5100.0      1.696990      0.028096      1.302724      0.010746
 5150.0      1.691457      0.026772      1.300594      0.010262
 5200.0      1.684732      0.026246      1.298011      0.010110
 5250.0      1.676747      0.026620      1.294950      0.010330
 5300.0      1.667952      0.027475      1.291573      0.010738
 5350.0      1.658927      0.028261      1.288088      0.011093
 5400.0      1.650250      0.028430      1.284707      0.011155
 5450.0      1.642502      0.027432      1.281637      0.010683
 5500.0      1.635653      0.025402      1.278867      0.009734
 5550.0      1.627999      0.024356      1.275773      0.009183
 5600.0      1.617551      0.026635      1.271626      0.010047
 5650.0      1.602320      0.034575      1.265697      0.013340
 5700.0      1.580317      0.050517      1.257259      0.020080
 5750.0      1.551110      0.075880      1.246173      0.030862
 5800.0      1.521004      0.108113      1.234851      0.044476
 5850.0      1.498123      0.143593      1.226394      0.059218
 5900.0      1.490594      0.178697      1.223904      0.073389
 5950.0      1.506540      0.209800      1.230481      0.085285
 6000.0      1.551570      0.233606      1.248255      0.093419
 6050.0      1.616894      0.248692      1.273791      0.097516
 6100.0      1.688620      0.254302      1.301686      0.097729
 6150.0      1.752847      0.249678      1.326530      0.094216
 6200.0      1.795680      0.234063      1.342919      0.087132
 6250.0      1.808405      0.208035      1.347478      0.076975
 6300.0      1.798453      0.176320      1.343165      0.065309
 6350.0      1.776387      0.144452      1.334164      0.053906
 6400.0      1.752771      0.117965      1.324663      0.044536
 6450.0      1.735810      0.100902      1.317906      0.038482
 6500.0      1.725333      0.092018      1.313802      0.035288
 6550.0      1.719314      0.088895      1.311520      0.034116
 6600.0      1.715727      0.089118      1.310227      0.034128
 6650.0      1.712543      0.090270      1.309092      0.034484
 6700.0      1.708090      0.090325      1.307428      0.034482
 6750.0      1.702419      0.089191      1.305256      0.034086
 6800.0      1.696110      0.087365      1.302811      0.033463
 6850.0      1.689746      0.085345      1.300331      0.032783
 6900.0      1.683907      0.083627      1.298054      0.032212
 6950.0      1.679041      0.082603      1.296163      0.031883
 7000.0      1.675020      0.082203      1.294607      0.031772
 7050.0      1.671560      0.082231      1.293273      0.031810
 7100.0      1.668378      0.082492      1.292049      0.031931
 7150.0      1.665190      0.082790      1.290821      0.032068
 7200.0      1.661801      0.082989      1.289512      0.032173
 7250.0      1.658248      0.083100      1.288135      0.032249
 7300.0      1.654605      0.083158      1.286721      0.032308
 7350.0      1.650948      0.083199      1.285300      0.032363
 7400.0      1.647350      0.083261      1.283901      0.032425
 7450.0      1.643860      0.083370      1.282543      0.032503
 7500.0      1.640445      0.083530      1.281214      0.032600
 7550.0      1.637054      0.083738      1.279892      0.032714
 7600.0      1.633635      0.083992      1.278559      0.032847
 7650.0      1.630138      0.084288      1.277195      0.032997
 7700.0      1.626525      0.084625      1.275783      0.033165
 7750.0      1.622839      0.084993      1.274343      0.033347
 7800.0      1.619155      0.085383      1.272901      0.033539
 7850.0      1.615547      0.085786      1.271489      0.033734
 7900.0      1.612088      0.086192      1.270134      0.033930
 7950.0      1.608835      0.086593      1.268858      0.034122
 8000.0      1.605734      0.086991      1.267641      0.034312
 8050.0      1.602699      0.087392      1.266448      0.034503
 8100.0      1.599643      0.087802      1.265246      0.034698
 8150.0      1.596478      0.088227      1.264000      0.034900
 8200.0      1.593137      0.088671      1.262683      0.035112
 8250.0      1.589633      0.089136      1.261301      0.035335
 8300.0      1.585998      0.089620      1.259866      0.035567
 8350.0      1.582266      0.090123      1.258391      0.035809
 8400.0      1.578467      0.090644      1.256888      0.036059
 8450.0      1.574627      0.091185      1.255367      0.036318
 8500.0      1.570737      0.091748      1.253825      0.036587
 8550.0      1.566785      0.092339      1.252256      0.036869
 8600.0      1.562756      0.092961      1.250655      0.037165
 8650.0      1.558638      0.093618      1.249017      0.037477
 8700.0      1.554427      0.094314      1.247340      0.037806
 8750.0      1.550169      0.095044      1.245642      0.038151
 8800.0      1.545917      0.095801      1.243945      0.038507
 8850.0      1.541728      0.096579      1.242272      0.038872
 8900.0      1.537656      0.097372      1.240644      0.039243
 8950.0      1.533716      0.098176      1.239067      0.039617
 9000.0      1.529841      0.098991      1.237515      0.039996
 9050.0      1.525953      0.099818      1.235955      0.040381
 9100.0      1.521972      0.100658      1.234356      0.040773
 9150.0      1.517820      0.101511      1.232686      0.041175
 9200.0      1.513442      0.102379      1.230923      0.041586
 9250.0      1.508835      0.103262      1.229065      0.042008
 9300.0      1.504004      0.104162      1.227113      0.042442
 9350.0      1.498954      0.105079      1.225069      0.042887
 9400.0      1.493691      0.106013      1.222935      0.043344
 9450.0      1.488231      0.106968      1.220716      0.043814
 9500.0      1.482633      0.107950      1.218438      0.044299
 9550.0      1.476968      0.108968      1.216129      0.044802
 9600.0      1.471303      0.110028      1.213817      0.045324
 9650.0      1.465708      0.111141      1.211532      0.045868
 9700.0      1.460233      0.112314      1.209295      0.046437
 9750.0      1.454774      0.113558      1.207061      0.047038
 9800.0      1.449148      0.114887      1.204754      0.047679
 9850.0      1.443172      0.116313      1.202298      0.048370
 9900.0      1.436664      0.117849      1.199616      0.049120
 9950.0      1.429474      0.119510      1.196646      0.049936
10000.0      1.421706      0.121321      1.193432      0.050830
10050.0      1.413586      0.123312      1.190067      0.051810
10100.0      1.405339      0.125514      1.186646      0.052887
10150.0      1.397188      0.127958      1.183264      0.054070
10200.0      1.389262      0.130671      1.179972      0.055369
10250.0      1.381477      0.133672      1.176739      0.056795
10300.0      1.373726      0.136978      1.173517      0.058360
10350.0      1.365901      0.140608      1.170263      0.060074
10400.0      1.357893      0.144581      1.166932      0.061949
10450.0      1.349632      0.148914      1.163495      0.063995
10500.0      1.341186      0.153626      1.159983      0.066220
10550.0      1.332657      0.158739      1.156442      0.068633
10600.0      1.324146      0.164271      1.152916      0.071242
10650.0      1.315755      0.170243      1.149452      0.074054
10700.0      1.307554      0.176646      1.146080      0.077066
10750.0      1.299538      0.183402      1.142797      0.080245
10800.0      1.291686      0.190422      1.139594      0.083551
10850.0      1.283981      0.197617      1.136461      0.086946
10900.0      1.276404      0.204899      1.133390      0.090391
10950.0      1.268931      0.212228      1.130371      0.093872
11000.0      1.261529      0.219674      1.127393      0.097420
11050.0      1.254162      0.227321      1.124445      0.101076
11100.0      1.246795      0.235256      1.121514      0.104880
11150.0      1.239392      0.243564      1.118591      0.108872
11200.0      1.231955      0.252302      1.115679      0.113077
11250.0      1.224580      0.261465      1.112824      0.117487
11300.0      1.217379      0.271033      1.110080      0.122087
11350.0      1.210465      0.280988      1.107499      0.126863
11400.0      1.203951      0.291310      1.105134      0.131799
11450.0      1.197908      0.301971      1.103019      0.136878
11500.0      1.192219      0.312884      1.101097      0.142068
11550.0      1.186709      0.323949      1.099286      0.147335
11600.0      1.181202      0.335063      1.097502      0.152642
11650.0      1.175525      0.346127      1.095661      0.157955
11700.0      1.169611      0.357102      1.093733      0.163260
11750.0      1.163653      0.368098      1.091814      0.168588
11800.0      1.157879      0.379247      1.090015      0.173981
11850.0      1.152518      0.390681      1.088449      0.179478
11900.0      1.147799      0.402530      1.087229      0.185120
11950.0      1.143921      0.414917      1.086454      0.190943
12000.0      1.140835      0.427860      1.086106      0.196958
12050.0      1.138366      0.441332      1.086109      0.203158
12100.0      1.136339      0.455304      1.086387      0.209541
12150.0      1.134578      0.469747      1.086864      0.216100
12200.0      1.132941      0.484614      1.087476      0.222822
12250.0      1.131551      0.499718      1.088255      0.229606
12300.0      1.130667      0.514796      1.089285      0.236310
12350.0      1.130550      0.529587      1.090650      0.242791
12400.0      1.131458      0.543832      1.092432      0.248907
12450.0      1.133472      0.557375      1.094648      0.254581
12500.0      1.136292      0.570288      1.097172      0.259875
12550.0      1.139572      0.582668      1.099859      0.264869
12600.0      1.142965      0.594616      1.102566      0.269643
12650.0      1.146126      0.606229      1.105149      0.274275
12700.0      1.148818      0.617603      1.107512      0.278834
12750.0      1.151175      0.628822      1.109720      0.283338
12800.0      1.153411      0.639964      1.111872      0.287801
12850.0      1.155737      0.651112      1.114068      0.292232
12900.0      1.158365      0.662345      1.116407      0.296643
12950.0      1.161483      0.673730      1.118975      0.301043
13000.0      1.165078      0.685222      1.121761      0.305414
13050.0      1.169036      0.696720      1.124704      0.309727
13100.0      1.173243      0.708124      1.127743      0.313951
13150.0      1.177584      0.719331      1.130816      0.318058
13200.0      1.181966      0.730256      1.133872      0.322021
13250.0      1.186399      0.740890      1.136914      0.325837
13300.0      1.190925      0.751248      1.139959      0.329510
13350.0      1.195583      0.761343      1.143023      0.333041
13400.0      1.200415      0.771189      1.146125      0.336433
13450.0      1.205449      0.780803      1.149277      0.339692
13500.0      1.210671      0.790205      1.152475      0.342828
13550.0      1.216056      0.799417      1.155711      0.345854
13600.0      1.221579      0.808462      1.158976      0.348782
13650.0      1.227217      0.817361      1.162264      0.351625
13700.0      1.232952      0.826130      1.165567      0.354390
13750.0      1.238794      0.834762      1.168889      0.357076
13800.0      1.244757      0.843247      1.172233      0.359676
13850.0      1.250857      0.851572      1.175602      0.362186
13900.0      1.257108      0.859727      1.179000      0.364600
13950.0      1.263502      0.867701      1.182423      0.366916
14000.0      1.269943      0.875482      1.185832      0.369141
14050.0      1.276312      0.883059      1.189182      0.371286
14100.0      1.282492      0.890420      1.192428      0.373363
14150.0      1.288363      0.897554      1.195522      0.375382
14200.0      1.293841      0.904459      1.198433      0.377352
14250.0      1.299059      0.911187      1.201218      0.379280
14300.0      1.304236      0.917816      1.203967      0.381167
14350.0      1.309592      0.924424      1.206773      0.383017
14400.0      1.315346      0.931087      1.209727      0.384833
14450.0      1.321586      0.937829      1.212866      0.386614
14500.0      1.328136      0.944572      1.216115      0.388352
14550.0      1.334791      0.951225      1.219386      0.390038
14600.0      1.341345      0.957697      1.222593      0.391663
14650.0      1.347593      0.963896      1.225648      0.393218
14700.0      1.353381      0.969753      1.228485      0.394697
14750.0      1.358861      0.975325      1.231168      0.396101
14800.0      1.364292      0.980714      1.233802      0.397439
14850.0      1.369935      0.986021      1.236495      0.398718
14900.0      1.376048      0.991348      1.239356      0.399945
14950.0      1.382759      0.996756      1.242437      0.401127
