#Lambda        Dielectric Constant          Refractive Index
# [nm]        [Real]        [Imag]        [Real]        [Imag]
   50.0      1.263455      0.397853      1.137590      0.174887
   55.0      1.242256      0.478132      1.134322      0.210762
   60.0      1.226174      0.505553      1.129713      0.223762
   65.0      1.201176      0.497458      1.118393      0.222550
   70.0      1.092467      0.407361      1.062439      0.191317
   75.0      0.904042      0.449508      0.979178      0.230782
   80.0      0.756668      0.562600      0.921376      0.304760
   85.0      0.620934      0.637376      0.869200      0.366819
   90.0      0.457191      0.736275      0.813785      0.452521
   95.0      0.282808      0.852793      0.768628      0.554827
  100.0      0.131012      0.980916      0.747902      0.655392
  105.0     -0.033787      1.144306      0.745605      0.767463
  110.0     -0.173881      1.319061      0.760235      0.867488
  115.0     -0.257870      1.476382      0.787865      0.936943
  120.0     -0.358054      1.646370      0.814694      1.010372
  125.0     -0.474070      1.824556      0.839912      1.086175
  130.0     -0.604528      2.007078      0.863431      1.162314
  135.0     -0.755452      2.196124      0.885095      1.240622
  140.0     -0.932627      2.394922      0.904984      1.323146
  145.0     -1.131364      2.608560      0.925245      1.409336
  150.0     -1.341727      2.843059      0.949056      1.497342
  155.0     -1.553748      3.104624      0.979609      1.585327
  160.0     -1.757849      3.407269      1.020256      1.672637
  165.0     -1.944976      3.775703      1.074566      1.760225
  170.0     -2.106117      4.235404      1.146126      1.849163
  175.0     -2.227416      4.803515      1.237709      1.938881
  180.0     -2.209699      5.350279      1.337820      1.999873
  185.0     -1.989429      5.740001      1.430159      2.008815
  190.0     -1.857840      6.220709      1.521576      2.042560
  195.0     -1.975429      6.696766      1.582103      2.116168
  200.0     -2.229762      6.674042      1.550824      2.154075
  205.0     -2.404629      6.239253      1.463248      2.132507
  210.0     -2.425957      5.769668      1.384377      2.083856
  215.0     -2.750595      5.584268      1.318023      2.118447
  220.0     -3.273747      5.675036      1.280206      2.216456
  225.0     -3.807448      5.976765      1.280439      2.333874
  230.0     -4.314879      6.471460      1.315900      2.458954
  235.0     -4.740337      7.134029      1.382940      2.579317
  240.0     -5.024353      7.788005      1.456665      2.673250
  245.0     -5.479985      8.320444      1.497167      2.778755
  250.0     -6.276416      9.132600      1.550000      2.946000
  255.0     -7.320709     10.576811      1.664697      3.176775
  260.0     -8.158699     13.074076      1.904239      3.432902
  265.0     -7.580039     16.640948      2.313662      3.596242
  270.0     -5.237744     19.623759      2.745275      3.574072
  275.0     -2.062281     21.832287      3.151762      3.463529
  280.0      2.420561     22.551121      3.542669      3.182771
  285.0      6.483735     20.724498      3.754918      2.759646
  290.0      8.381826     17.649743      3.736364      2.361873
  295.0      8.666392     15.251989      3.619986      2.106636
  300.0      8.433701     13.684548      3.500592      1.954595
  305.0      8.089189     12.641108      3.398305      1.859915
  310.0      7.739568     11.920174      3.313000      1.799000
  315.0      7.417385     11.406107      3.242157      1.759031
  320.0      7.140870     11.051746      3.185818      1.734525
  325.0      6.894452     10.808890      3.139663      1.721345
  330.0      6.677717     10.635127      3.101250      1.714651
  335.0      6.481110     10.528148      3.069546      1.714936
  340.0      6.321834     10.480235      3.046404      1.720099
  345.0      6.178969     10.472744      3.028090      1.729265
  350.0      6.060091     10.502341      3.015413      1.741443
  355.0      5.956373     10.563227      3.006926      1.756483
  360.0      5.876304     10.646636      3.003079      1.772620
  365.0      5.816612     10.762058      3.004161      1.791192
  370.0      5.767413     10.902148      3.008414      1.811943
  375.0      5.739988     11.058733      3.016591      1.832985
  380.0      5.724663     11.234975      3.027710      1.855359
  385.0      5.724281     11.431801      3.042136      1.878911
  390.0      5.747029     11.653158      3.061064      1.903446
  395.0      5.784620     11.899315      3.083462      1.929538
  400.0      5.829815     12.164712      3.108000      1.957000
  405.0      5.908676     12.457982      3.138212      1.984882
  410.0      6.006937     12.778520      3.172301      2.014080
  415.0      6.130736     13.127690      3.210872      2.044255
  420.0      6.281565     13.516068      3.254685      2.076399
  425.0      6.477385     13.959121      3.306517      2.110848
  430.0      6.745319     14.471732      3.369858      2.147234
  435.0      7.140906     15.078566      3.451446      2.184386
  440.0      7.778875     15.706384      3.557107      2.207746
  445.0      8.720702     16.174223      3.680767      2.197128
  450.0      9.784924     16.247481      3.791526      2.142601
  455.0     10.674594     16.026318      3.868498      2.071391
  460.0     11.319281     15.719200      3.917262      2.006402
  465.0     11.785248     15.426023      3.949556      1.952880
  470.0     12.160469     15.232805      3.978183      1.914542
  475.0     12.485725     15.154035      4.007546      1.890690
  480.0     12.833154     15.222875      4.046209      1.881128
  485.0     13.341406     15.466790      4.108973      1.882077
  490.0     14.246247     15.772780      4.213064      1.871855
  495.0     15.600210     15.680614      4.342762      1.805395
  500.0     16.865414     14.942496      4.438359      1.683335
  505.0     17.685216     13.871786      4.481172      1.547786
  510.0     18.132912     12.744733      4.488685      1.419649
  515.0     18.289405     11.749473      4.473678      1.313176
  520.0     18.287728     10.884250      4.448000      1.223498
  525.0     18.209854     10.159480      4.419391      1.149421
  530.0     18.080941      9.520802      4.388358      1.084779
  535.0     17.917900      8.964434      4.356212      1.028927
  540.0     17.743843      8.505050      4.325548      0.983117
  545.0     17.570651      8.088593      4.296143      0.941380
  550.0     17.400150      7.715712      4.268152      0.903868
  555.0     17.230730      7.384321      4.241292      0.870529
  560.0     17.071003      7.098248      4.216569      0.841709
  565.0     16.914267      6.826279      4.192500      0.814105
  570.0     16.770581      6.570532      4.170271      0.787783
  575.0     16.624573      6.364793      4.148850      0.767055
  580.0     16.485840      6.173801      4.128546      0.747696
  585.0     16.345521      5.992355      4.108214      0.729314
  590.0     16.214923      5.833674      4.089457      0.713258
  595.0     16.092108      5.679230      4.071668      0.697407
  600.0     15.984004      5.535835      4.055829      0.682456
  605.0     15.876069      5.399675      4.040128      0.668254
  610.0     15.761153      5.279341      4.023865      0.656005
  615.0     15.651154      5.174020      4.008451      0.645388
  620.0     15.556307      5.063403      3.994741      0.633759
  625.0     15.470572      4.951629      3.982102      0.621736
  630.0     15.378008      4.850078      3.968797      0.611026
  635.0     15.289850      4.759484      3.956221      0.601520
  640.0     15.212081      4.673612      3.944991      0.592347
  645.0     15.134312      4.589632      3.933779      0.583361
  650.0     15.056860      4.514706      3.922755      0.575451
  655.0     14.976742      4.453231      3.911618      0.569232
  660.0     14.900603      4.395142      3.901019      0.563332
  665.0     14.837685      4.328638      3.891908      0.556107
  670.0     14.770544      4.273940      3.882460      0.550418
  675.0     14.699972      4.227848      3.872716      0.545850
  680.0     14.637711      4.176327      3.863906      0.540428
  685.0     14.586652      4.121279      3.856446      0.534336
  690.0     14.536519      4.070933      3.849175      0.528806
  695.0     14.480550      4.028445      3.841289      0.524361
  700.0     14.429901      3.983677      3.834033      0.519515
  705.0     14.383672      3.938604      3.827325      0.514537
  710.0     14.335820      3.898912      3.820495      0.510263
  715.0     14.290000      3.857478      3.813889      0.505714
  720.0     14.249261      3.813658      3.807889      0.500757
  725.0     14.213262      3.774856      3.802583      0.496355
  730.0     14.176217      3.740017      3.797202      0.492470
  735.0     14.135177      3.704789      3.791291      0.488592
  740.0     14.100070      3.665691      3.786084      0.484101
  745.0     14.071727      3.626224      3.781745      0.479438
  750.0     14.037291      3.598068      3.776795      0.476339
  755.0     13.995721      3.583310      3.771132      0.475097
  760.0     13.955172      3.575465      3.765707      0.474741
  765.0     13.922916      3.559529      3.761226      0.473187
  770.0     13.902869      3.522202      3.757991      0.468629
  775.0     13.885237      3.476260      3.754931      0.462893
  780.0     13.858630      3.440055      3.750855      0.458567
  785.0     13.821114      3.423554      3.745660      0.457003
  790.0     13.776361      3.426412      3.739813      0.458103
  795.0     13.739346      3.420425      3.734840      0.457908
  800.0     13.720419      3.384294      3.731764      0.453442
  805.0     13.705142      3.341864      3.729065      0.448083
  810.0     13.678420      3.318742      3.725159      0.445452
  815.0     13.645702      3.305493      3.720621      0.444213
  820.0     13.617892      3.283386      3.716594      0.441716
  825.0     13.605892      3.233687      3.714222      0.435309
  830.0     13.620606      3.137663      3.714651      0.422342
