#Lambda        Dielectric Constant          Refractive Index
# [nm]        [Real]        [Imag]        [Real]        [Imag]
   50.0      1.315702      0.205611      1.150519      0.089346
   55.0      1.317398      0.261229      1.153355      0.113241
   60.0      1.346288      0.352616      1.170041      0.150710
   65.0      1.363235      0.406461      1.180211      0.172200
   70.0      1.263314      0.410461      1.138407      0.180479
   75.0      1.157065      0.366853      1.088457      0.167241
   80.0      1.011500      0.346800      1.020000      0.170000
   85.0      0.803534      0.480111      0.931455      0.256106
   90.0      0.662097      0.483085      0.861447      0.281421
   95.0      0.514310      0.582544      0.803757      0.362630
  100.0      0.384910      0.693632      0.766666      0.451368
  105.0      0.257232      0.803606      0.742410      0.541707
  110.0      0.117269      0.924802      0.724866      0.638456
  115.0     -0.018580      1.053380      0.719200      0.732033
  120.0     -0.140138      1.188096      0.726839      0.817225
  125.0     -0.247030      1.332094      0.743998      0.895039
  130.0     -0.345200      1.485633      0.766358      0.967628
  135.0     -0.453562      1.642021      0.789025      1.038990
  140.0     -0.591875      1.794006      0.807230      1.113211
  145.0     -0.751679      1.946012      0.822485      1.189364
  150.0     -0.891502      2.116123      0.843649      1.260666
  155.0     -0.968000      2.323200      0.880000      1.320000
  160.0     -0.998503      2.554441      0.927908      1.369069
  165.0     -1.236469      2.673920      0.933478      1.443948
  170.0     -1.707819      2.668625      0.889790      1.549262
  175.0     -2.043812      2.737220      0.871927      1.634496
  180.0     -1.847188      3.093663      0.960895      1.645150
  185.0     -0.757152      3.932834      1.230400      1.531796
  190.0      0.887162      5.083455      1.613994      1.342359
  195.0      2.116076      6.044384      1.918970      1.212470
  200.0      1.937373      6.302686      1.948105      1.280891
  205.0     -0.641165      5.345426      1.504179      1.686387
  210.0     -3.936049      4.015495      0.918171      2.186085
  215.0     -3.955345      4.363689      0.983435      2.218649
  220.0     -4.069286      4.596346      1.017244      2.259219
  225.0     -4.304189      4.899637      1.052971      2.326568
  230.0     -4.497280      5.388139      1.122744      2.399545
  235.0     -4.482890      5.928657      1.214454      2.440851
  240.0     -4.284041      6.294276      1.290316      2.439049
  245.0     -4.180481      6.371263      1.311458      2.429075
  250.0     -4.349906      6.405007      1.302417      2.458900
  255.0     -4.668596      6.579055      1.303572      2.523470
  260.0     -5.036924      6.870426      1.319477      2.603457
  265.0     -5.420624      7.261337      1.349225      2.690922
  270.0     -5.828539      7.740667      1.389446      2.785520
  275.0     -6.247183      8.292135      1.437858      2.883508
  280.0     -6.727148      8.938232      1.493276      2.992832
  285.0     -7.269734      9.716539      1.559712      3.114869
  290.0     -7.901236     10.772939      1.652101      3.260455
  295.0     -8.553285     12.226433      1.784371      3.425975
  300.0     -8.981835     14.329717      1.991235      3.598171
  305.0     -8.496069     17.034189      2.295469      3.710299
  310.0     -6.718212     19.445216      2.632000      3.694000
  315.0     -4.250689     20.837429      2.916832      3.571917
  320.0     -1.899276     21.267145      3.118711      3.409570
  325.0      0.073251     21.144775      3.257147      3.245905
  330.0      1.763780     20.730736      3.359291      3.085594
  335.0      3.118323     20.116291      3.425994      2.935833
  340.0      4.145016     19.425698      3.464684      2.803386
  345.0      4.912034     18.778848      3.487314      2.692454
  350.0      5.551950     18.167744      3.503504      2.592796
  355.0      6.063979     17.584922      3.511770      2.503709
  360.0      6.451410     17.076953      3.514708      2.429354
  365.0      6.799733     16.652544      3.520445      2.365120
  370.0      7.164849     16.204260      3.527213      2.297039
  375.0      7.477101     15.701200      3.526174      2.226381
  380.0      7.649764     15.210276      3.512488      2.165155
  385.0      7.725312     14.775071      3.492722      2.115132
  390.0      7.747838     14.381918      3.470151      2.072219
  395.0      7.713340     14.035744      3.444480      2.037426
  400.0      7.629336     13.778570      3.419000      2.015000
  405.0      7.523826     13.591357      3.395489      2.001383
  410.0      7.417830     13.471245      3.376119      1.995080
  415.0      7.323489     13.405282      3.361457      1.993968
  420.0      7.244403     13.374121      3.350712      1.995713
  425.0      7.180640     13.379910      3.344071      2.000542
  430.0      7.126861     13.415386      3.340495      2.007995
  435.0      7.082291     13.475272      3.339563      2.017521
  440.0      7.053469     13.562750      3.342207      2.029009
  445.0      7.038319     13.668932      3.347604      2.041601
  450.0      7.034389     13.788833      3.355137      2.054886
  455.0      7.045154     13.930933      3.365724      2.069529
  460.0      7.069949     14.096333      3.379341      2.085663
  465.0      7.107162     14.279907      3.395438      2.102809
  470.0      7.163858     14.481033      3.414674      2.120412
  475.0      7.244865     14.699831      3.437516      2.138146
  480.0      7.344240     14.936636      3.463297      2.156422
  485.0      7.461978     15.194970      3.492159      2.175586
  490.0      7.604046     15.480639      3.525011      2.195828
  495.0      7.777065     15.797500      3.562662      2.217093
  500.0      7.992312     16.143026      3.605931      2.238399
  505.0      8.274123     16.516556      3.656999      2.258208
  510.0      8.645375     16.938413      3.719042      2.277260
  515.0      9.168811     17.357045      3.794650      2.287033
  520.0      9.892482     17.696628      3.883707      2.278320
  525.0     10.726636     17.808395      3.969636      2.243073
  530.0     11.571859     17.632872      4.041210      2.181632
  535.0     12.250414     17.276752      4.088374      2.112912
  540.0     12.732140     16.861276      4.114643      2.048936
  545.0     13.074298     16.449516      4.128362      1.992256
  550.0     13.311334     16.075924      4.134189      1.944267
  555.0     13.484331     15.748776      4.136252      1.903749
  560.0     13.604970     15.472594      4.135716      1.870606
  565.0     13.700379     15.239443      4.134782      1.842836
  570.0     13.771001     15.051717      4.133512      1.820693
  575.0     13.822353     14.896670      4.131826      1.802674
  580.0     13.875072     14.780990      4.132075      1.788567
  585.0     13.918629     14.702456      4.133061      1.778640
  590.0     13.969032     14.644619      4.135673      1.770524
  595.0     14.028551     14.622425      4.140785      1.765659
  600.0     14.082135     14.623667      4.146313      1.763454
  605.0     14.156246     14.646648      4.154871      1.762588
  610.0     14.242261     14.697987      4.165853      1.764102
  615.0     14.332601     14.774494      4.178324      1.767993
  620.0     14.448545     14.874263      4.194347      1.773132
  625.0     14.575596     15.011441      4.213019      1.781554
  630.0     14.725763     15.184248      4.235435      1.792525
  635.0     14.912305     15.392749      4.262859      1.805451
  640.0     15.144566     15.649053      4.296618      1.821089
  645.0     15.440311     15.972687      4.339112      1.840546
  650.0     15.848921     16.373691      4.395290      1.862657
  655.0     16.485315     16.825127      4.474385      1.880107
  660.0     17.425674     17.183599      4.577040      1.877164
  665.0     18.614615     17.228268      4.689211      1.837020
  670.0     19.811170     16.844220      4.786258      1.759700
  675.0     20.808910     16.120212      4.854446      1.660335
  680.0     21.509966     15.243166      4.892525      1.557792
  685.0     21.949893     14.355462      4.908006      1.462450
  690.0     22.194061     13.505691      4.907875      1.375917
  695.0     22.308536     12.705818      4.898043      1.297023
  700.0     22.343037     11.981671      4.883443      1.226774
  705.0     22.309841     11.337404      4.864931      1.165216
  710.0     22.213183     10.760744      4.842279      1.111118
  715.0     22.094901     10.232648      4.818943      1.061713
  720.0     21.973383      9.752794      4.796558      1.016645
  725.0     21.835909      9.337488      4.774120      0.977931
  730.0     21.676086      8.974540      4.750609      0.944566
  735.0     21.499785      8.642898      4.726077      0.914380
  740.0     21.336343      8.329553      4.703248      0.885514
  745.0     21.192116      8.033797      4.682736      0.857813
  750.0     21.040490      7.768444      4.662036      0.833157
  755.0     20.880301      7.536291      4.641065      0.811913
  760.0     20.728357      7.332288      4.621440      0.793292
  765.0     20.584746      7.152406      4.603080      0.776915
  770.0     20.443085      6.991880      4.585233      0.762437
  775.0     20.302840      6.839824      4.567650      0.748724
  780.0     20.164535      6.688425      4.550245      0.734948
  785.0     20.026065      6.548352      4.532966      0.722304
  790.0     19.888148      6.426855      4.516016      0.711568
  795.0     19.763024      6.305233      4.500417      0.700516
  800.0     19.657997      6.169394      4.486731      0.687511
  805.0     19.554332      6.040845      4.473282      0.675214
  810.0     19.434796      5.941872      4.458565      0.666347
  815.0     19.313057      5.864559      4.443924      0.659841
  820.0     19.208643      5.793049      4.431219      0.653659
  825.0     19.126756      5.711985      4.420850      0.646024
  830.0     19.067059      5.607194      4.412660      0.635370
  835.0     19.027845      5.475589      4.406441      0.621381
  840.0     19.006556      5.320987      4.401955      0.604523
  845.0     19.000622      5.147304      4.398961      0.585273
  850.0     19.007473      4.958461      4.397221      0.564108
  855.0     19.024540      4.758375      4.396494      0.541506
  860.0     19.049252      4.550966      4.396542      0.517944
  865.0     19.079039      4.340151      4.397123      0.493898
  870.0     19.111332      4.129851      4.398000      0.469846
  875.0     19.143561      3.923983      4.398931      0.446266
  880.0     19.173155      3.726466      4.399678      0.423633
  885.0     19.197545      3.541219      4.400001      0.402426
  890.0     19.214495      3.371640      4.399691      0.383059
  895.0     19.223693      3.218128      4.398719      0.365581
  900.0     19.225511      3.080016      4.397116      0.349914
  905.0     19.220326      2.956632      4.394917      0.335978
  910.0     19.208509      2.847307      4.392155      0.323694
  915.0     19.190437      2.751370      4.388863      0.312983
  920.0     19.166484      2.668152      4.385075      0.303764
  925.0     19.137023      2.596981      4.380824      0.295960
  930.0     19.102429      2.537189      4.376143      0.289489
  935.0     19.063077      2.488105      4.371066      0.284274
  940.0     19.019340      2.449058      4.365626      0.280234
  945.0     18.971593      2.419378      4.359856      0.277290
  950.0     18.920211      2.398396      4.353789      0.275362
  955.0     18.865567      2.385440      4.347460      0.274373
  960.0     18.808037      2.379842      4.340901      0.274241
  965.0     18.747993      2.380930      4.334146      0.274888
  970.0     18.685812      2.388035      4.327228      0.276234
  975.0     18.621866      2.400486      4.320180      0.278200
  980.0     18.556531      2.417613      4.313036      0.280706
  985.0     18.490181      2.438746      4.305829      0.283673
  990.0     18.423189      2.463215      4.298592      0.287022
  995.0     18.355931      2.490349      4.291360      0.290673
 1000.0     18.288781      2.519479      4.284164      0.294548
 1005.0     18.222112      2.549935      4.277039      0.298565
 1010.0     18.156300      2.581045      4.270017      0.302647
 1015.0     18.091718      2.612140      4.263133      0.306714
 1020.0     18.028742      2.642550      4.256419      0.310686
 1025.0     17.967744      2.671605      4.249909      0.314484
 1030.0     17.909101      2.698634      4.243636      0.318028
 1035.0     17.853180      2.722975      4.237633      0.321241
 1040.0     17.800164      2.744283      4.231916      0.324081
 1045.0     17.749988      2.762624      4.226479      0.326556
 1050.0     17.702572      2.778091      4.221314      0.328678
 1055.0     17.657837      2.790777      4.216413      0.330459
 1060.0     17.615702      2.800776      4.211768      0.331909
 1065.0     17.576087      2.808180      4.207372      0.333040
 1070.0     17.538911      2.813084      4.203217      0.333864
 1075.0     17.504096      2.815581      4.199295      0.334391
 1080.0     17.471561      2.815763      4.195599      0.334633
 1085.0     17.441225      2.813724      4.192120      0.334602
 1090.0     17.413009      2.809558      4.188851      0.334309
 1095.0     17.386832      2.803357      4.185784      0.333765
 1100.0     17.362615      2.795216      4.182912      0.332981
 1105.0     17.340277      2.785226      4.180227      0.331969
 1110.0     17.319739      2.773483      4.177721      0.330741
 1115.0     17.300919      2.760078      4.175385      0.329307
 1120.0     17.283739      2.745105      4.173214      0.327679
 1125.0     17.268117      2.728658      4.171198      0.325869
 1130.0     17.253975      2.710830      4.169330      0.323888
 1135.0     17.241231      2.691714      4.167602      0.321747
 1140.0     17.229806      2.671403      4.166007      0.319457
 1145.0     17.219620      2.649991      4.164536      0.317030
 1150.0     17.210592      2.627571      4.163183      0.314478
 1155.0     17.202643      2.604236      4.161939      0.311811
 1160.0     17.195692      2.580080      4.160796      0.309041
 1165.0     17.189659      2.555195      4.159747      0.306180
 1170.0     17.184465      2.529676      4.158784      0.303238
 1175.0     17.180029      2.503615      4.157900      0.300228
 1180.0     17.176270      2.477106      4.157086      0.297160
 1185.0     17.173110      2.450243      4.156335      0.294046
 1190.0     17.170467      2.423117      4.155638      0.290897
 1195.0     17.168262      2.395823      4.154989      0.287725
 1200.0     17.166415      2.368455      4.154380      0.284541
 1205.0     17.164845      2.341104      4.153803      0.281356
 1210.0     17.163472      2.313865      4.153249      0.278182
 1215.0     17.162218      2.286831      4.152712      0.275030
 1220.0     17.161000      2.260096      4.152183      0.271911
 1225.0     17.159739      2.233751      4.151656      0.268838
 1230.0     17.158356      2.207892      4.151121      0.265820
 1235.0     17.156769      2.182610      4.150572      0.262871
 1240.0     17.154900      2.158000      4.150000      0.260000
 1245.0     17.152682      2.134137      4.149400      0.257217
 1250.0     17.150107      2.111026      4.148769      0.254524
 1255.0     17.147184      2.088655      4.148111      0.251918
 1260.0     17.143918      2.067012      4.147423      0.249397
 1265.0     17.140316      2.046084      4.146708      0.246961
 1270.0     17.136386      2.025858      4.145966      0.244609
 1275.0     17.132135      2.006322      4.145198      0.242337
 1280.0     17.127569      1.987465      4.144403      0.240146
 1285.0     17.122696      1.969273      4.143583      0.238033
 1290.0     17.117521      1.951734      4.142739      0.235998
 1295.0     17.112053      1.934835      4.141871      0.234038
 1300.0     17.106299      1.918565      4.140979      0.232152
 1305.0     17.100264      1.902911      4.140064      0.230339
 1310.0     17.093957      1.887860      4.139127      0.228598
 1315.0     17.087383      1.873400      4.138169      0.226926
 1320.0     17.080551      1.859519      4.137189      0.225322
 1325.0     17.073467      1.846204      4.136189      0.223785
 1330.0     17.066137      1.833443      4.135170      0.222314
 1335.0     17.058569      1.821224      4.134131      0.220907
 1340.0     17.050770      1.809533      4.133073      0.219562
 1345.0     17.042747      1.798359      4.131998      0.218278
 1350.0     17.034506      1.787690      4.130906      0.217053
 1355.0     17.026056      1.777512      4.129796      0.215886
 1360.0     17.017401      1.767813      4.128671      0.214777
 1365.0     17.008550      1.758582      4.127530      0.213722
 1370.0     16.999510      1.749805      4.126374      0.212720
 1375.0     16.990287      1.741471      4.125204      0.211771
 1380.0     16.980888      1.733566      4.124020      0.210873
 1385.0     16.971321      1.726079      4.122823      0.210024
 1390.0     16.961591      1.718996      4.121614      0.209222
 1395.0     16.951707      1.712307      4.120393      0.208467
 1400.0     16.941676      1.705997      4.119160      0.207757
 1405.0     16.931503      1.700056      4.117917      0.207090
 1410.0     16.921196      1.694469      4.116664      0.206465
 1415.0     16.910762      1.689226      4.115402      0.205880
 1420.0     16.900208      1.684314      4.114131      0.205334
 1425.0     16.889541      1.679719      4.112852      0.204826
 1430.0     16.878768      1.675431      4.111565      0.204354
 1435.0     16.867895      1.671435      4.110271      0.203916
 1440.0     16.856930      1.667721      4.108971      0.203511
 1445.0     16.845880      1.664276      4.107665      0.203138
 1450.0     16.834751      1.661086      4.106354      0.202795
 1455.0     16.823551      1.658141      4.105039      0.202481
 1460.0     16.812286      1.655426      4.103719      0.202194
 1465.0     16.800963      1.652931      4.102396      0.201932
 1470.0     16.789590      1.650642      4.101071      0.201695
 1475.0     16.778174      1.648548      4.099744      0.201481
 1480.0     16.766720      1.646635      4.098415      0.201288
 1485.0     16.755237      1.644892      4.097085      0.201115
 1490.0     16.743731      1.643306      4.095755      0.200960
 1495.0     16.732209      1.641864      4.094426      0.200822
 1500.0     16.720677      1.640554      4.093097      0.200699
 1505.0     16.709144      1.639365      4.091770      0.200591
 1510.0     16.697616      1.638282      4.090445      0.200495
 1515.0     16.686100      1.637295      4.089123      0.200410
 1520.0     16.674602      1.636390      4.087805      0.200334
 1525.0     16.663130      1.635555      4.086490      0.200267
 1530.0     16.651691      1.634778      4.085181      0.200206
 1535.0     16.640291      1.634047      4.083876      0.200151
 1540.0     16.628938      1.633348      4.082577      0.200099
 1545.0     16.617639      1.632670      4.081285      0.200049
 1550.0     16.606400      1.632000      4.080000      0.200000
 1555.0     16.595227      1.631328      4.078723      0.199951
 1560.0     16.584122      1.630652      4.077453      0.199900
 1565.0     16.573083      1.629971      4.076191      0.199850
 1570.0     16.562112      1.629286      4.074936      0.199798
 1575.0     16.551207      1.628597      4.073689      0.199746
 1580.0     16.540370      1.627904      4.072450      0.199693
 1585.0     16.529598      1.627207      4.071218      0.199639
 1590.0     16.518893      1.626505      4.069994      0.199585
 1595.0     16.508255      1.625800      4.068778      0.199529
 1600.0     16.497682      1.625090      4.067569      0.199474
 1605.0     16.487176      1.624376      4.066368      0.199417
 1610.0     16.476735      1.623658      4.065174      0.199360
 1615.0     16.466360      1.622935      4.063988      0.199302
 1620.0     16.456051      1.622209      4.062809      0.199243
 1625.0     16.445807      1.621479      4.061638      0.199184
 1630.0     16.435628      1.620744      4.060474      0.199124
 1635.0     16.425515      1.620006      4.059317      0.199063
 1640.0     16.415466      1.619263      4.058168      0.199002
 1645.0     16.405483      1.618516      4.057027      0.198940
 1650.0     16.395564      1.617765      4.055893      0.198877
 1655.0     16.385709      1.617011      4.054766      0.198813
 1660.0     16.375919      1.616252      4.053646      0.198749
 1665.0     16.366193      1.615489      4.052534      0.198684
 1670.0     16.356532      1.614722      4.051430      0.198619
 1675.0     16.346934      1.613952      4.050332      0.198553
 1680.0     16.337401      1.613177      4.049242      0.198486
 1685.0     16.327931      1.612398      4.048159      0.198418
 1690.0     16.318524      1.611615      4.047084      0.198350
 1695.0     16.309181      1.610829      4.046015      0.198281
 1700.0     16.299901      1.610038      4.044954      0.198212
 1705.0     16.290685      1.609244      4.043900      0.198141
 1710.0     16.281531      1.608445      4.042854      0.198070
 1715.0     16.272440      1.607643      4.041814      0.197999
 1720.0     16.263412      1.606837      4.040782      0.197927
 1725.0     16.254447      1.606027      4.039757      0.197854
 1730.0     16.245544      1.605213      4.038739      0.197780
 1735.0     16.236703      1.604395      4.037728      0.197706
 1740.0     16.227924      1.603574      4.036724      0.197631
 1745.0     16.219208      1.602748      4.035727      0.197555
 1750.0     16.210553      1.601919      4.034738      0.197479
 1755.0     16.201960      1.601086      4.033755      0.197402
 1760.0     16.193429      1.600249      4.032780      0.197325
 1765.0     16.184959      1.599408      4.031811      0.197247
 1770.0     16.176550      1.598564      4.030850      0.197168
 1775.0     16.168202      1.597716      4.029895      0.197089
 1780.0     16.159916      1.596864      4.028948      0.197009
 1785.0     16.151690      1.596008      4.028007      0.196928
 1790.0     16.143525      1.595149      4.027073      0.196847
 1795.0     16.135421      1.594285      4.026147      0.196765
 1800.0     16.127377      1.593418      4.025227      0.196682
 1805.0     16.119393      1.592548      4.024314      0.196599
 1810.0     16.111470      1.591674      4.023408      0.196515
 1815.0     16.103606      1.590796      4.022509      0.196430
 1820.0     16.095803      1.589914      4.021616      0.196345
 1825.0     16.088059      1.589029      4.020731      0.196259
 1830.0     16.080375      1.588140      4.019852      0.196173
 1835.0     16.072750      1.587247      4.018980      0.196086
 1840.0     16.065184      1.586351      4.018115      0.195998
 1845.0     16.057678      1.585451      4.017257      0.195910
 1850.0     16.050230      1.584548      4.016405      0.195821
 1855.0     16.042842      1.583640      4.015560      0.195732
 1860.0     16.035512      1.582730      4.014722      0.195642
 1865.0     16.028241      1.581816      4.013891      0.195551
 1870.0     16.021028      1.580898      4.013066      0.195460
 1875.0     16.013874      1.579977      4.012248      0.195368
 1880.0     16.006777      1.579052      4.011436      0.195275
 1885.0     15.999739      1.578123      4.010632      0.195182
 1890.0     15.992759      1.577191      4.009833      0.195088
 1895.0     15.985836      1.576256      4.009042      0.194994
 1900.0     15.978971      1.575317      4.008257      0.194899
 1905.0     15.972164      1.574375      4.007478      0.194804
 1910.0     15.965413      1.573429      4.006706      0.194707
 1915.0     15.958720      1.572479      4.005941      0.194611
 1920.0     15.952084      1.571527      4.005182      0.194513
 1925.0     15.945505      1.570570      4.004430      0.194415
 1930.0     15.938982      1.569611      4.003684      0.194317
 1935.0     15.932517      1.568648      4.002945      0.194218
 1940.0     15.926107      1.567681      4.002212      0.194118
 1945.0     15.919754      1.566711      4.001485      0.194018
 1950.0     15.913457      1.565738      4.000765      0.193917
 1955.0     15.907216      1.564761      4.000051      0.193816
 1960.0     15.901031      1.563781      3.999344      0.193714
 1965.0     15.894902      1.562798      3.998643      0.193611
 1970.0     15.888828      1.561811      3.997949      0.193508
 1975.0     15.882810      1.560821      3.997260      0.193404
 1980.0     15.876847      1.559828      3.996579      0.193300
 1985.0     15.870939      1.558831      3.995903      0.193195
 1990.0     15.865087      1.557831      3.995234      0.193090
 1995.0     15.859289      1.556827      3.994571      0.192984
 2000.0     15.853546      1.555821      3.993914      0.192877
 2005.0     15.847858      1.554811      3.993263      0.192770
 2010.0     15.842224      1.553798      3.992619      0.192662
 2015.0     15.836644      1.552782      3.991981      0.192554
 2020.0     15.831118      1.551762      3.991349      0.192445
 2025.0     15.825647      1.550739      3.990723      0.192336
 2030.0     15.820229      1.549713      3.990104      0.192226
 2035.0     15.814866      1.548684      3.989490      0.192115
 2040.0     15.809555      1.547651      3.988883      0.192004
 2045.0     15.804299      1.546616      3.988282      0.191893
 2050.0     15.799095      1.545577      3.987687      0.191781
 2055.0     15.793945      1.544535      3.987098      0.191668
 2060.0     15.788848      1.543490      3.986515      0.191555
 2065.0     15.783804      1.542442      3.985938      0.191441
 2070.0     15.778812      1.541390      3.985367      0.191327
 2075.0     15.773873      1.540336      3.984803      0.191212
 2080.0     15.768987      1.539278      3.984244      0.191097
 2085.0     15.764153      1.538218      3.983691      0.190981
 2090.0     15.759371      1.537154      3.983144      0.190864
 2095.0     15.754641      1.536087      3.982603      0.190747
 2100.0     15.749963      1.535017      3.982068      0.190630
 2105.0     15.745337      1.533944      3.981539      0.190512
 2110.0     15.740762      1.532868      3.981016      0.190393
 2115.0     15.736239      1.531789      3.980499      0.190274
 2120.0     15.731767      1.530707      3.979987      0.190155
 2125.0     15.727347      1.529622      3.979482      0.190035
 2130.0     15.722977      1.528534      3.978982      0.189914
 2135.0     15.718659      1.527443      3.978488      0.189793
 2140.0     15.714391      1.526349      3.978000      0.189671
 2145.0     15.710173      1.525252      3.977518      0.189549
 2150.0     15.706007      1.524152      3.977041      0.189426
 2155.0     15.701890      1.523049      3.976570      0.189303
 2160.0     15.697824      1.521943      3.976105      0.189179
 2165.0     15.693808      1.520834      3.975646      0.189055
 2170.0     15.689842      1.519723      3.975192      0.188931
 2175.0     15.685925      1.518608      3.974744      0.188805
 2180.0     15.682058      1.517491      3.974302      0.188680
 2185.0     15.678241      1.516370      3.973865      0.188553
 2190.0     15.674473      1.515247      3.973434      0.188427
 2195.0     15.670754      1.514121      3.973009      0.188300
 2200.0     15.667084      1.512992      3.972589      0.188172
 2205.0     15.663463      1.511860      3.972175      0.188044
 2210.0     15.659891      1.510726      3.971767      0.187915
 2215.0     15.656368      1.509589      3.971364      0.187786
 2220.0     15.652893      1.508448      3.970966      0.187656
 2225.0     15.649466      1.507305      3.970574      0.187526
 2230.0     15.646088      1.506160      3.970188      0.187395
 2235.0     15.642757      1.505011      3.969807      0.187264
 2240.0     15.639475      1.503860      3.969432      0.187133
 2245.0     15.636240      1.502706      3.969062      0.187001
 2250.0     15.633053      1.501549      3.968697      0.186868
 2255.0     15.629913      1.500390      3.968338      0.186735
 2260.0     15.626821      1.499228      3.967984      0.186602
 2265.0     15.623776      1.498063      3.967636      0.186468
 2270.0     15.620778      1.496895      3.967293      0.186333
 2275.0     15.617827      1.495725      3.966955      0.186198
 2280.0     15.614923      1.494552      3.966623      0.186063
 2285.0     15.612065      1.493376      3.966296      0.185927
 2290.0     15.609254      1.492198      3.965975      0.185791
 2295.0     15.606490      1.491017      3.965659      0.185654
 2300.0     15.603771      1.489834      3.965348      0.185517
 2305.0     15.601099      1.488647      3.965042      0.185379
 2310.0     15.598472      1.487459      3.964741      0.185241
 2315.0     15.595891      1.486267      3.964446      0.185103
 2320.0     15.593356      1.485073      3.964156      0.184964
 2325.0     15.590867      1.483877      3.963871      0.184824
 2330.0     15.588422      1.482678      3.963592      0.184684
 2335.0     15.586023      1.481476      3.963317      0.184544
 2340.0     15.583669      1.480272      3.963048      0.184403
 2345.0     15.581360      1.479065      3.962784      0.184262
 2350.0     15.579096      1.477856      3.962525      0.184120
 2355.0     15.576877      1.476644      3.962271      0.183978
 2360.0     15.574701      1.475430      3.962022      0.183835
 2365.0     15.572571      1.474213      3.961778      0.183692
 2370.0     15.570484      1.472994      3.961540      0.183549
 2375.0     15.568442      1.471773      3.961306      0.183405
 2380.0     15.566443      1.470548      3.961077      0.183261
 2385.0     15.564489      1.469322      3.960854      0.183116
 2390.0     15.562578      1.468093      3.960635      0.182971
 2395.0     15.560710      1.466862      3.960421      0.182825
 2400.0     15.558886      1.465628      3.960213      0.182679
 2405.0     15.557105      1.464392      3.960009      0.182533
 2410.0     15.555367      1.463153      3.959810      0.182386
 2415.0     15.553672      1.461912      3.959616      0.182239
 2420.0     15.552020      1.460669      3.959427      0.182091
 2425.0     15.550410      1.459423      3.959243      0.181943
 2430.0     15.548844      1.458175      3.959063      0.181794
 2435.0     15.547319      1.456924      3.958889      0.181645
 2440.0     15.545837      1.455672      3.958719      0.181496
 2445.0     15.544396      1.454417      3.958555      0.181346
 2450.0     15.542998      1.453159      3.958394      0.181196
 2455.0     15.541641      1.451900      3.958239      0.181046
 2460.0     15.540327      1.450638      3.958089      0.180895
 2465.0     15.539053      1.449374      3.957943      0.180743
 2470.0     15.537821      1.448107      3.957802      0.180592
 2475.0     15.536630      1.446839      3.957666      0.180440
 2480.0     15.535481      1.445568      3.957534      0.180287
 2485.0     15.534372      1.444295      3.957407      0.180134
 2490.0     15.533304      1.443019      3.957285      0.179981
 2495.0     15.532277      1.441742      3.957167      0.179827
 2500.0     15.531290      1.440462      3.957054      0.179673
 2505.0     15.530344      1.439180      3.956946      0.179518
 2510.0     15.529438      1.437896      3.956842      0.179364
 2515.0     15.528572      1.436610      3.956743      0.179208
 2520.0     15.527746      1.435321      3.956648      0.179053
 2525.0     15.526959      1.434031      3.956558      0.178897
 2530.0     15.526213      1.432738      3.956473      0.178740
 2535.0     15.525506      1.431443      3.956392      0.178584
 2540.0     15.524838      1.430146      3.956315      0.178426
 2545.0     15.524210      1.428847      3.956243      0.178269
 2550.0     15.523620      1.427546      3.956176      0.178111
 2555.0     15.523070      1.426243      3.956113      0.177953
 2560.0     15.522558      1.424938      3.956054      0.177794
 2565.0     15.522085      1.423630      3.956000      0.177635
 2570.0     15.521651      1.422321      3.955950      0.177476
 2575.0     15.521255      1.421010      3.955905      0.177316
 2580.0     15.520897      1.419696      3.955864      0.177156
 2585.0     15.520578      1.418381      3.955827      0.176996
 2590.0     15.520296      1.417063      3.955794      0.176835
 2595.0     15.520052      1.415744      3.955766      0.176674
 2600.0     15.519846      1.414423      3.955743      0.176512
 2605.0     15.519677      1.413099      3.955723      0.176350
 2610.0     15.519546      1.411774      3.955708      0.176188
 2615.0     15.519452      1.410447      3.955697      0.176026
 2620.0     15.519395      1.409118      3.955691      0.175863
 2625.0     15.519375      1.407787      3.955688      0.175699
 2630.0     15.519392      1.406454      3.955690      0.175536
 2635.0     15.519445      1.405119      3.955696      0.175372
 2640.0     15.519535      1.403782      3.955706      0.175208
 2645.0     15.519662      1.402443      3.955720      0.175043
 2650.0     15.519825      1.401103      3.955739      0.174878
 2655.0     15.520024      1.399760      3.955761      0.174713
 2660.0     15.520258      1.398416      3.955788      0.174547
 2665.0     15.520529      1.397070      3.955819      0.174381
 2670.0     15.520835      1.395722      3.955854      0.174215
 2675.0     15.521177      1.394373      3.955893      0.174049
 2680.0     15.521554      1.393021      3.955936      0.173882
 2685.0     15.521967      1.391668      3.955983      0.173715
 2690.0     15.522415      1.390313      3.956034      0.173547
 2695.0     15.522897      1.388956      3.956089      0.173379
 2700.0     15.523415      1.387597      3.956148      0.173211
 2705.0     15.523967      1.386237      3.956211      0.173042
 2710.0     15.524553      1.384875      3.956277      0.172874
 2715.0     15.525175      1.383511      3.956348      0.172705
 2720.0     15.525830      1.382145      3.956423      0.172535
 2725.0     15.526519      1.380778      3.956502      0.172365
 2730.0     15.527243      1.379409      3.956584      0.172195
 2735.0     15.528000      1.378039      3.956671      0.172025
 2740.0     15.528791      1.376666      3.956761      0.171854
 2745.0     15.529615      1.375292      3.956855      0.171683
 2750.0     15.530473      1.373917      3.956953      0.171512
 2755.0     15.531365      1.372540      3.957055      0.171341
 2760.0     15.532289      1.371161      3.957160      0.171169
 2765.0     15.533246      1.369780      3.957270      0.170997
 2770.0     15.534236      1.368398      3.957383      0.170824
 2775.0     15.535259      1.367014      3.957499      0.170651
 2780.0     15.536314      1.365629      3.957620      0.170478
 2785.0     15.537402      1.364242      3.957744      0.170305
 2790.0     15.538522      1.362854      3.957872      0.170132
 2795.0     15.539674      1.361464      3.958004      0.169958
 2800.0     15.540858      1.360072      3.958139      0.169783
 2805.0     15.542074      1.358679      3.958278      0.169609
 2810.0     15.543322      1.357285      3.958420      0.169434
 2815.0     15.544601      1.355889      3.958566      0.169259
 2820.0     15.545912      1.354491      3.958716      0.169084
 2825.0     15.547254      1.353092      3.958869      0.168909
 2830.0     15.548627      1.351692      3.959026      0.168733
 2835.0     15.550031      1.350290      3.959187      0.168557
 2840.0     15.551466      1.348886      3.959351      0.168380
 2845.0     15.552932      1.347481      3.959518      0.168204
 2850.0     15.554428      1.346075      3.959689      0.168027
 2855.0     15.555954      1.344667      3.959863      0.167850
 2860.0     15.557511      1.343258      3.960041      0.167672
 2865.0     15.559098      1.341847      3.960222      0.167495
 2870.0     15.560715      1.340435      3.960407      0.167317
 2875.0     15.562362      1.339022      3.960595      0.167139
 2880.0     15.564039      1.337607      3.960787      0.166960
 2885.0     15.565745      1.336191      3.960982      0.166781
 2890.0     15.567480      1.334774      3.961180      0.166602
 2895.0     15.569245      1.333355      3.961382      0.166423
 2900.0     15.571039      1.331935      3.961587      0.166244
 2905.0     15.572862      1.330514      3.961795      0.166064
 2910.0     15.574714      1.329091      3.962006      0.165884
 2915.0     15.576594      1.327667      3.962221      0.165704
 2920.0     15.578504      1.326242      3.962439      0.165524
 2925.0     15.580441      1.324815      3.962661      0.165343
 2930.0     15.582407      1.323387      3.962885      0.165162
 2935.0     15.584401      1.321958      3.963113      0.164981
 2940.0     15.586423      1.320528      3.963344      0.164800
 2945.0     15.588473      1.319097      3.963579      0.164618
 2950.0     15.590550      1.317664      3.963816      0.164436
 2955.0     15.592655      1.316230      3.964056      0.164254
 2960.0     15.594788      1.314795      3.964300      0.164072
 2965.0     15.596948      1.313359      3.964547      0.163890
 2970.0     15.599135      1.311921      3.964797      0.163707
 2975.0     15.601349      1.310482      3.965050      0.163524
 2980.0     15.603589      1.309043      3.965306      0.163341
 2985.0     15.605857      1.307602      3.965565      0.163158
 2990.0     15.608151      1.306160      3.965827      0.162974
 2995.0     15.610472      1.304716      3.966092      0.162790
 3000.0     15.612818      1.303272      3.966361      0.162606
 3050.0     15.637702      1.288771      3.969204      0.160755
 3100.0     15.665058      1.274171      3.972331      0.158885
 3150.0     15.694745      1.259482      3.975724      0.156997
 3200.0     15.726620      1.244717      3.979367      0.155093
 3250.0     15.760541      1.229886      3.983244      0.153176
 3300.0     15.796366      1.214999      3.987339      0.151246
 3350.0     15.833953      1.200068      3.991635      0.149306
 3400.0     15.873158      1.185103      3.996117      0.147357
 3450.0     15.913841      1.170115      4.000767      0.145402
 3500.0     15.955858      1.155115      4.005570      0.143441
 3550.0     15.999068      1.140115      4.010510      0.141477
 3600.0     16.043328      1.125124      4.015570      0.139512
 3650.0     16.088495      1.110154      4.020733      0.137546
 3700.0     16.134428      1.095216      4.025985      0.135583
 3750.0     16.180985      1.080319      4.031307      0.133623
 3800.0     16.228022      1.065477      4.036685      0.131669
 3850.0     16.275398      1.050698      4.042102      0.129722
 3900.0     16.322971      1.035994      4.047541      0.127784
 3950.0     16.370598      1.021377      4.052986      0.125857
 4000.0     16.418137      1.006855      4.058422      0.123942
 4050.0     16.465445      0.992442      4.063831      0.122042
 4100.0     16.512381      0.978147      4.069198      0.120158
 4150.0     16.558802      0.963981      4.074506      0.118291
 4200.0     16.604566      0.949956      4.079739      0.116444
 4250.0     16.649530      0.936082      4.084881      0.114619
 4300.0     16.693553      0.922369      4.089915      0.112817
 4350.0     16.736492      0.908829      4.094826      0.111039
 4400.0     16.778204      0.895473      4.099596      0.109288
 4450.0     16.818548      0.882312      4.104211      0.107566
 4500.0     16.857381      0.869356      4.108652      0.105874
 4550.0     16.894561      0.856616      4.112905      0.104213
 4600.0     16.929946      0.844103      4.116953      0.102587
 4650.0     16.963393      0.831828      4.120779      0.100996
 4700.0     16.994760      0.819802      4.124368      0.099442
 4750.0     17.023905      0.808036      4.127703      0.097927
 4800.0     17.050686      0.796540      4.130768      0.096453
 4850.0     17.074960      0.785326      4.133546      0.095022
 4900.0     17.096585      0.774404      4.136022      0.093634
 4950.0     17.115419      0.763785      4.138178      0.092293
 5000.0     17.131319      0.753480      4.140000      0.091000
 5050.0     17.144260      0.743499      4.141484      0.089756
 5100.0     17.154686      0.733846      4.142682      0.088560
 5150.0     17.163156      0.724525      4.143659      0.087411
 5200.0     17.170231      0.715538      4.144481      0.086309
 5250.0     17.176470      0.706891      4.145214      0.085252
 5300.0     17.182433      0.698585      4.145923      0.084238
 5350.0     17.188681      0.690625      4.146673      0.083267
 5400.0     17.195773      0.683013      4.147530      0.082338
 5450.0     17.204271      0.675754      4.148560      0.081449
 5500.0     17.214732      0.668850      4.149828      0.080599
 5550.0     17.227719      0.662305      4.151399      0.079787
 5600.0     17.243791      0.656123      4.153339      0.079012
 5650.0     17.263507      0.650306      4.155714      0.078272
 5700.0     17.287428      0.644859      4.158588      0.077568
 5750.0     17.316115      0.639784      4.162028      0.076896
 5800.0     17.350126      0.635086      4.166098      0.076257
 5850.0     17.390023      0.630766      4.170866      0.075649
 5900.0     17.436365      0.626830      4.176395      0.075071
 5950.0     17.489712      0.623280      4.182751      0.074522
 6000.0     17.550624      0.620120      4.190000      0.074000
 6050.0     17.619449      0.617284      4.198181      0.073498
 6100.0     17.695681      0.614431      4.207231      0.072978
 6150.0     17.778602      0.611151      4.217057      0.072399
 6200.0     17.867494      0.607035      4.227571      0.071715
 6250.0     17.961640      0.601671      4.238680      0.070884
 6300.0     18.060320      0.594651      4.250295      0.069863
 6350.0     18.162817      0.585563      4.262325      0.068607
 6400.0     18.268414      0.573999      4.274680      0.067074
 6450.0     18.376391      0.559548      4.287268      0.065219
 6500.0     18.486031      0.541800      4.300000      0.063000
 6550.0     18.596196      0.520497      4.312740      0.060390
 6600.0     18.704069      0.495989      4.325170      0.057429
 6650.0     18.806413      0.468777      4.336928      0.054175
 6700.0     18.899991      0.439362      4.347653      0.050685
 6750.0     18.981566      0.408248      4.356981      0.047016
 6800.0     19.047902      0.375934      4.364551      0.043226
 6850.0     19.095762      0.342923      4.370000      0.039372
 6900.0     19.121909      0.309715      4.372966      0.035512
 6950.0     19.123106      0.276814      4.373087      0.031702
 7000.0     19.096116      0.244720      4.370000      0.028000
 7050.0     19.038611      0.213879      4.363440      0.024457
 7100.0     18.951897      0.184512      4.353531      0.021095
 7150.0     18.838188      0.156786      4.340490      0.017932
 7200.0     18.699700      0.130867      4.324539      0.014983
 7250.0     18.538645      0.106920      4.305896      0.012264
 7300.0     18.357239      0.085111      4.284782      0.009792
 7350.0     18.157697      0.065605      4.261415      0.007584
 7400.0     17.942232      0.048570      4.236017      0.005655
 7450.0     17.713059      0.034170      4.208805      0.004021
 7500.0     17.472393      0.022572      4.180000      0.002700
 7550.0     17.223578      0.013842      4.149975      0.001697
 7600.0     16.974482      0.007654      4.119719      0.000976
 7650.0     16.734102      0.003582      4.090373      0.000491
 7700.0     16.511435      0.001199      4.063078      0.000197
 7750.0     16.315478      0.000079      4.038978      0.000047
 7800.0     16.155229      0.000000      4.019213      0.000000
 7850.0     16.039686      0.000000      4.004925      0.000000
 7900.0     15.976723      0.000000      3.997118      0.000000
 7950.0     15.957442      0.000000      3.994706      0.000000
 8000.0     15.960025      0.000000      3.995000      0.000000
 8050.0     15.965982      0.000000      3.995718      0.000000
 8100.0     15.971447      0.000000      3.996383      0.000000
 8150.0     15.976207      0.000000      3.996968      0.000000
 8200.0     15.980054      0.000000      3.997444      0.000000
 8250.0     15.982777      0.000000      3.997785      0.000000
 8300.0     15.984164      0.000000      3.997963      0.000000
 8350.0     15.984005      0.000000      3.997951      0.000000
 8400.0     15.982091      0.000000      3.997722      0.000000
 8450.0     15.978210      0.000000      3.997248      0.000000
 8500.0     15.972151      0.000000      3.996502      0.000000
 8550.0     15.963705      0.000000      3.995456      0.000000
 8600.0     15.952661      0.000000      3.994084      0.000000
 8650.0     15.938807      0.000000      3.992357      0.000000
 8700.0     15.921935      0.000000      3.990250      0.000000
 8750.0     15.901832      0.000000      3.987733      0.000000
 8800.0     15.878289      0.000000      3.984780      0.000000
 8850.0     15.851096      0.000000      3.981364      0.000000
 8900.0     15.820040      0.000000      3.977457      0.000000
 8950.0     15.784913      0.000000      3.973032      0.000000
 9000.0     15.745503      0.000000      3.968062      0.000000
 9050.0     15.701718      0.000000      3.962534      0.000000
 9100.0     15.654327      0.000000      3.956545      0.000000
 9150.0     15.604491      0.000000      3.950244      0.000000
 9200.0     15.553369      0.000000      3.943777      0.000000
 9250.0     15.502124      0.000000      3.937291      0.000000
 9300.0     15.451914      0.000000      3.930935      0.000000
 9350.0     15.403903      0.000000      3.924855      0.000000
 9400.0     15.359249      0.000000      3.919198      0.000000
 9450.0     15.319114      0.000000      3.914113      0.000000
 9500.0     15.284658      0.000000      3.909746      0.000000
 9550.0     15.257043      0.000000      3.906244      0.000000
 9600.0     15.237428      0.000000      3.903756      0.000000
 9650.0     15.226976      0.000000      3.902428      0.000000
 9700.0     15.226846      0.000000      3.902408      0.000000
 9750.0     15.238200      0.000000      3.903843      0.000000
 9800.0     15.262197      0.000000      3.906880      0.000000
 9850.0     15.300000      0.000000      3.911667      0.000000
 9900.0     15.352768      0.000000      3.918351      0.000000
 9950.0     15.421662      0.000000      3.927080      0.000000
10000.0     15.507844      0.000000      3.938000      0.000000
10050.0     15.606972      0.000000      3.950562      0.000000
10100.0     15.695541      0.000000      3.961787      0.000000
10150.0     15.765539      0.000000      3.970658      0.000000
10200.0     15.818363      0.000000      3.977353      0.000000
10250.0     15.855455      0.000000      3.982055      0.000000
10300.0     15.878256      0.000000      3.984946      0.000000
10350.0     15.888208      0.000000      3.986209      0.000000
10400.0     15.886753      0.000000      3.986026      0.000000
10450.0     15.875333      0.000000      3.984580      0.000000
10500.0     15.855388      0.000000      3.982053      0.000000
10550.0     15.828362      0.000000      3.978629      0.000000
10600.0     15.795695      0.000000      3.974490      0.000000
10650.0     15.758830      0.000000      3.969819      0.000000
10700.0     15.719207      0.000000      3.964797      0.000000
10750.0     15.678270      0.000000      3.959609      0.000000
10800.0     15.637459      0.000000      3.954436      0.000000
10850.0     15.598216      0.000000      3.949461      0.000000
10900.0     15.561983      0.000000      3.944867      0.000000
10950.0     15.530201      0.000000      3.940836      0.000000
11000.0     15.504313      0.000000      3.937551      0.000000
11050.0     15.485329      0.000000      3.935141      0.000000
11100.0     15.471085      0.000000      3.933330      0.000000
11150.0     15.458301      0.000000      3.931704      0.000000
11200.0     15.445997      0.000000      3.930139      0.000000
11250.0     15.434226      0.000000      3.928641      0.000000
11300.0     15.423046      0.000000      3.927218      0.000000
11350.0     15.412513      0.000000      3.925877      0.000000
11400.0     15.402686      0.000000      3.924626      0.000000
11450.0     15.393622      0.000000      3.923472      0.000000
11500.0     15.385378      0.000000      3.922422      0.000000
11550.0     15.378012      0.000000      3.921483      0.000000
11600.0     15.371582      0.000000      3.920664      0.000000
11650.0     15.366145      0.000000      3.919971      0.000000
11700.0     15.361758      0.000000      3.919411      0.000000
11750.0     15.358480      0.000000      3.918993      0.000000
11800.0     15.356368      0.000000      3.918724      0.000000
11850.0     15.355478      0.000000      3.918610      0.000000
11900.0     15.355870      0.000000      3.918659      0.000000
11950.0     15.357600      0.000000      3.918879      0.000000
12000.0     15.360725      0.000000      3.919277      0.000000
12050.0     15.365305      0.000000      3.919860      0.000000
12100.0     15.371344      0.000000      3.920630      0.000000
12150.0     15.378472      0.000000      3.921538      0.000000
12200.0     15.386150      0.000000      3.922517      0.000000
12250.0     15.393836      0.000000      3.923497      0.000000
12300.0     15.400990      0.000000      3.924409      0.000000
12350.0     15.407072      0.000000      3.925184      0.000000
12400.0     15.411541      0.000000      3.925753      0.000000
12450.0     15.413856      0.000000      3.926049      0.000000
12500.0     15.413476      0.000000      3.926000      0.000000
12550.0     15.410017      0.000000      3.925559      0.000000
12600.0     15.403713      0.000000      3.924755      0.000000
12650.0     15.394956      0.000000      3.923638      0.000000
12700.0     15.384137      0.000000      3.922258      0.000000
12750.0     15.371647      0.000000      3.920665      0.000000
12800.0     15.357876      0.000000      3.918909      0.000000
12850.0     15.343216      0.000000      3.917038      0.000000
12900.0     15.328058      0.000000      3.915104      0.000000
12950.0     15.312792      0.000000      3.913155      0.000000
13000.0     15.297807      0.000000      3.911242      0.000000
13050.0     15.283372      0.000000      3.909398      0.000000
13100.0     15.269602      0.000000      3.907639      0.000000
13150.0     15.256602      0.000000      3.905977      0.000000
13200.0     15.244479      0.000000      3.904427      0.000000
13250.0     15.233336      0.000000      3.903002      0.000000
13300.0     15.223279      0.000000      3.901716      0.000000
13350.0     15.214414      0.000000      3.900581      0.000000
13400.0     15.206845      0.000000      3.899612      0.000000
13450.0     15.200678      0.000000      3.898822      0.000000
13500.0     15.196018      0.000000      3.898225      0.000000
13550.0     15.192969      0.000000      3.897833      0.000000
13600.0     15.191638      0.000000      3.897661      0.000000
13650.0     15.192130      0.000000      3.897723      0.000000
13700.0     15.194549      0.000000      3.898031      0.000000
13750.0     15.199000      0.000000      3.898599      0.000000
13800.0     15.205590      0.000000      3.899441      0.000000
13850.0     15.214423      0.000000      3.900570      0.000000
13900.0     15.225604      0.000000      3.902000      0.000000
13950.0     15.239074      0.000000      3.903723      0.000000
14000.0     15.254117      0.000000      3.905648      0.000000
14050.0     15.269853      0.000000      3.907661      0.000000
14100.0     15.285399      0.000000      3.909650      0.000000
14150.0     15.299876      0.000000      3.911502      0.000000
14200.0     15.312403      0.000000      3.913105      0.000000
14250.0     15.322099      0.000000      3.914345      0.000000
14300.0     15.328084      0.000000      3.915110      0.000000
14350.0     15.329829      0.000000      3.915332      0.000000
14400.0     15.327581      0.000000      3.915042      0.000000
14450.0     15.321693      0.000000      3.914287      0.000000
14500.0     15.312516      0.000000      3.913110      0.000000
14550.0     15.300403      0.000000      3.911557      0.000000
14600.0     15.285707      0.000000      3.909673      0.000000
14650.0     15.268781      0.000000      3.907504      0.000000
14700.0     15.249977      0.000000      3.905093      0.000000
14750.0     15.229648      0.000000      3.902487      0.000000
14800.0     15.208145      0.000000      3.899730      0.000000
14850.0     15.185823      0.000000      3.896868      0.000000
14900.0     15.163032      0.000000      3.893945      0.000000
14950.0     15.140127      0.000000      3.891007      0.000000
