#Lambda        Dielectric Constant          Refractive Index
# [nm]        [Real]        [Imag]        [Real]        [Imag]
   20.0      0.917504      0.122880      0.960000      0.064000
   25.0      0.918276      0.161946      0.961949      0.084170
   30.0      0.833715      0.203253      0.919741      0.110498
   35.0      0.792198      0.260807      0.901732      0.144619
   40.0      0.802872      0.278154      0.909000      0.153000
   45.0      0.633635      0.234994      0.809146      0.145210
   50.0      0.373256      0.387450      0.675000      0.287000
   55.0      0.210311      0.448686      0.594011      0.377630
   60.0     -0.075329      0.957932      0.665446      0.719836
   65.0     -0.247799      1.459973      0.785192      0.929703
   70.0     -0.114015      2.147152      1.009000      1.064000
   75.0      1.050955      2.331716      1.343168      0.868009
   80.0      0.722672      1.776354      1.149000      0.773000
   85.0      0.558761      1.933881      1.133962      0.852716
   90.0     -0.244809      2.179927      0.986716      1.104423
   95.0      1.741592      4.244694      1.779000      1.193000
  100.0      2.190660      2.791712      1.694000      0.824000
  105.0      1.570083      2.319695      1.478412      0.784570
  110.0      0.832194      3.526089      1.492447      1.181363
  115.0      2.216636      4.373578      1.886786      1.159030
  120.0      3.181474      3.943293      2.030820      0.970685
  125.0      3.553954      3.501150      2.066756      0.847013
  130.0      3.774130      3.205696      2.088773      0.767367
  135.0      3.958502      2.997660      2.112327      0.709568
  140.0      4.165378      2.798006      2.142812      0.652891
  145.0      4.302132      2.571293      2.158029      0.595735
  150.0      4.400899      2.404064      2.169737      0.554007
  155.0      4.358816      2.283240      2.154000      0.530000
  160.0      4.218039      3.187160      2.180000      0.731000
  165.0      8.194674      0.714329      2.865276      0.124728
  170.0      5.559945      0.000000      2.357945      0.000000
  175.0      4.891700      0.000185      2.211710      0.000042
  180.0      4.571044      0.000122      2.138000      0.000029
  185.0      4.346915      0.000084      2.084926      0.000020
  190.0      4.177783      0.000059      2.043962      0.000015
  195.0      4.047506      0.000048      2.011852      0.000012
  200.0      3.944196      0.000044      1.986000      0.000011
  205.0      3.858370      0.000040      1.964272      0.000010
  210.0      3.785317      0.000036      1.945590      0.000009
  215.0      3.722062      0.000032      1.929265      0.000008
  220.0      3.666364      0.000028      1.914775      0.000007
  225.0      3.617336      0.000023      1.901929      0.000006
  230.0      3.576501      0.000019      1.891164      0.000005
  235.0      3.537023      0.000016      1.880696      0.000004
  240.0      3.500985      0.000013      1.871092      0.000004
  245.0      3.469753      0.000012      1.862727      0.000003
  250.0      3.440914      0.000011      1.854970      0.000003
  255.0      3.414446      0.000006      1.847822      0.000002
  260.0      3.390199      0.000001      1.841249      0.000000
  265.0      3.367987      0.000000      1.835208      0.000000
  270.0      3.347592      0.000000      1.829643      0.000000
  275.0      3.328779      0.000000      1.824494      0.000000
  280.0      3.311352      0.000001      1.819712      0.000000
  285.0      3.295310      0.000000      1.815298      0.000000
  290.0      3.280719      0.000000      1.811275      0.000000
  295.0      3.267612      0.000000      1.807655      0.000000
  300.0      3.255649      0.000000      1.804344      0.000000
  305.0      3.244243      0.000000      1.801180      0.000000
  310.0      3.232804      0.000000      1.798000      0.000000
  315.0      3.220935      0.000000      1.794694      0.000000
  320.0      3.209018      0.000000      1.791370      0.000000
  325.0      3.197633      0.000000      1.788190      0.000000
  330.0      3.187356      0.000000      1.785317      0.000000
  335.0      3.178644      0.000000      1.782877      0.000000
  340.0      3.171247      0.000000      1.780802      0.000000
  345.0      3.164667      0.000000      1.778953      0.000000
  350.0      3.158403      0.000000      1.777190      0.000000
  355.0      3.152022      0.000001      1.775393      0.000000
  360.0      3.145607      0.000001      1.773585      0.000000
  365.0      3.139488      0.000002      1.771860      0.000000
  370.0      3.133903      0.000002      1.770284      0.000000
  375.0      3.128715      0.000002      1.768818      0.000000
  380.0      3.123695      0.000001      1.767398      0.000000
  385.0      3.118654      0.000001      1.765971      0.000000
  390.0      3.113963      0.000001      1.764643      0.000000
  395.0      3.109589      0.000001      1.763403      0.000000
  400.0      3.105215      0.000001      1.762162      0.000000
  405.0      3.101019      0.000001      1.760971      0.000000
  410.0      3.097159      0.000001      1.759875      0.000000
  415.0      3.093564      0.000001      1.758853      0.000000
  420.0      3.090118      0.000001      1.757873      0.000000
  425.0      3.086703      0.000001      1.756902      0.000000
  430.0      3.083203      0.000001      1.755905      0.000000
  435.0      3.079573      0.000001      1.754871      0.000000
  440.0      3.076224      0.000001      1.753917      0.000000
  445.0      3.073267      0.000001      1.753074      0.000000
  450.0      3.070596      0.000001      1.752312      0.000000
  455.0      3.068105      0.000001      1.751601      0.000000
  460.0      3.065689      0.000001      1.750911      0.000000
  465.0      3.063266      0.000001      1.750219      0.000000
  470.0      3.060783      0.000000      1.749509      0.000000
  475.0      3.058187      0.000000      1.748767      0.000000
  480.0      3.055435      0.000000      1.747980      0.000000
  485.0      3.052857      0.000000      1.747243      0.000000
  490.0      3.050751      0.000000      1.746640      0.000000
  495.0      3.048168      0.000000      1.745900      0.000000
  500.0      3.046421      0.000000      1.745400      0.000000
  505.0      3.045031      0.000000      1.745002      0.000000
  510.0      3.042506      0.000000      1.744278      0.000000
  515.0      3.041054      0.000000      1.743862      0.000000
  520.0      3.039593      0.000000      1.743443      0.000000
  525.0      3.037944      0.000000      1.742970      0.000000
  530.0      3.036167      0.000000      1.742460      0.000000
  535.0      3.034321      0.000000      1.741930      0.000000
  540.0      3.032467      0.000000      1.741398      0.000000
  545.0      3.030664      0.000000      1.740880      0.000000
  550.0      3.028966      0.000000      1.740392      0.000000
  555.0      3.027380      0.000000      1.739937      0.000000
  560.0      3.025894      0.000000      1.739510      0.000000
  565.0      3.024493      0.000000      1.739107      0.000000
  570.0      3.023164      0.000000      1.738725      0.000000
  575.0      3.021893      0.000000      1.738359      0.000000
  580.0      3.020666      0.000000      1.738006      0.000000
  585.0      3.019470      0.000000      1.737662      0.000000
  590.0      3.018290      0.000000      1.737323      0.000000
  595.0      3.017118      0.000000      1.736985      0.000000
  600.0      3.015955      0.000000      1.736650      0.000000
  605.0      3.014805      0.000000      1.736319      0.000000
  610.0      3.013673      0.000000      1.735993      0.000000
  615.0      3.012561      0.000000      1.735673      0.000000
  620.0      3.011475      0.000000      1.735360      0.000000
  625.0      3.010418      0.000000      1.735056      0.000000
  630.0      3.009394      0.000000      1.734761      0.000000
  635.0      3.008407      0.000000      1.734476      0.000000
  640.0      3.007457      0.000000      1.734202      0.000000
  645.0      3.006538      0.000000      1.733937      0.000000
  650.0      3.005639      0.000000      1.733678      0.000000
  655.0      3.004739      0.000000      1.733418      0.000000
  660.0      3.003822      0.000000      1.733154      0.000000
  665.0      3.002940      0.000000      1.732899      0.000000
  670.0      3.002174      0.000000      1.732678      0.000000
  675.0      3.001537      0.000000      1.732494      0.000000
  680.0      3.000953      0.000000      1.732326      0.000000
  685.0      3.000342      0.000000      1.732150      0.000000
  690.0      2.999625      0.000000      1.731943      0.000000
  695.0      2.998740      0.000000      1.731687      0.000000
  700.0      2.997735      0.000000      1.731397      0.000000
  705.0      2.996699      0.000000      1.731098      0.000000
  710.0      2.995717      0.000000      1.730814      0.000000
  715.0      2.994816      0.000000      1.730553      0.000000
  720.0      2.993989      0.000000      1.730315      0.000000
  725.0      2.993229      0.000000      1.730095      0.000000
  730.0      2.992530      0.000000      1.729893      0.000000
  735.0      2.991884      0.000000      1.729706      0.000000
  740.0      2.991285      0.000000      1.729533      0.000000
  745.0      2.990725      0.000000      1.729371      0.000000
  750.0      2.990198      0.000000      1.729219      0.000000
  755.0      2.989697      0.000000      1.729074      0.000000
  760.0      2.989214      0.000000      1.728934      0.000000
  765.0      2.988743      0.000000      1.728798      0.000000
  770.0      2.988278      0.000000      1.728663      0.000000
  775.0      2.987813      0.000000      1.728529      0.000000
  780.0      2.987349      0.000000      1.728395      0.000000
  785.0      2.986887      0.000000      1.728261      0.000000
  790.0      2.986425      0.000000      1.728128      0.000000
  795.0      2.985964      0.000000      1.727994      0.000000
  800.0      2.985505      0.000000      1.727861      0.000000
  805.0      2.985047      0.000000      1.727729      0.000000
  810.0      2.984589      0.000000      1.727596      0.000000
  815.0      2.984133      0.000000      1.727464      0.000000
  820.0      2.983678      0.000000      1.727333      0.000000
  825.0      2.983224      0.000000      1.727201      0.000000
  830.0      2.982772      0.000000      1.727070      0.000000
  835.0      2.982321      0.000000      1.726940      0.000000
  840.0      2.981871      0.000000      1.726809      0.000000
  845.0      2.981423      0.000000      1.726680      0.000000
  850.0      2.980976      0.000000      1.726550      0.000000
  855.0      2.980530      0.000000      1.726421      0.000000
  860.0      2.980086      0.000000      1.726293      0.000000
  865.0      2.979643      0.000000      1.726164      0.000000
  870.0      2.979202      0.000000      1.726037      0.000000
  875.0      2.978763      0.000000      1.725909      0.000000
  880.0      2.978325      0.000000      1.725782      0.000000
  885.0      2.977889      0.000000      1.725656      0.000000
  890.0      2.977454      0.000000      1.725530      0.000000
  895.0      2.977021      0.000000      1.725405      0.000000
  900.0      2.976590      0.000000      1.725280      0.000000
  905.0      2.976161      0.000000      1.725155      0.000000
  910.0      2.975733      0.000000      1.725031      0.000000
  915.0      2.975308      0.000000      1.724908      0.000000
  920.0      2.974884      0.000000      1.724785      0.000000
  925.0      2.974462      0.000000      1.724663      0.000000
  930.0      2.974042      0.000000      1.724541      0.000000
  935.0      2.973624      0.000000      1.724420      0.000000
  940.0      2.973208      0.000000      1.724299      0.000000
  945.0      2.972794      0.000000      1.724179      0.000000
  950.0      2.972382      0.000000      1.724060      0.000000
  955.0      2.971972      0.000000      1.723941      0.000000
  960.0      2.971564      0.000000      1.723823      0.000000
  965.0      2.971159      0.000000      1.723705      0.000000
  970.0      2.970756      0.000000      1.723588      0.000000
  975.0      2.970355      0.000000      1.723472      0.000000
  980.0      2.969956      0.000000      1.723356      0.000000
  985.0      2.969559      0.000000      1.723241      0.000000
  990.0      2.969165      0.000000      1.723127      0.000000
  995.0      2.968773      0.000000      1.723013      0.000000
 1000.0      2.968384      0.000000      1.722900      0.000000
 1005.0      2.967997      0.000000      1.722788      0.000000
 1010.0      2.967616      0.000000      1.722677      0.000000
 1015.0      2.967242      0.000000      1.722568      0.000000
 1020.0      2.966877      0.000000      1.722463      0.000000
 1025.0      2.966521      0.000000      1.722359      0.000000
 1030.0      2.966174      0.000000      1.722259      0.000000
 1035.0      2.965835      0.000000      1.722160      0.000000
 1040.0      2.965504      0.000000      1.722064      0.000000
 1045.0      2.965181      0.000000      1.721970      0.000000
 1050.0      2.964864      0.000000      1.721878      0.000000
 1055.0      2.964555      0.000000      1.721788      0.000000
 1060.0      2.964251      0.000000      1.721700      0.000000
 1065.0      2.963953      0.000000      1.721614      0.000000
 1070.0      2.963661      0.000000      1.721529      0.000000
 1075.0      2.963373      0.000000      1.721445      0.000000
 1080.0      2.963089      0.000000      1.721363      0.000000
 1085.0      2.962809      0.000000      1.721281      0.000000
 1090.0      2.962532      0.000000      1.721201      0.000000
 1095.0      2.962258      0.000000      1.721121      0.000000
 1100.0      2.961985      0.000000      1.721042      0.000000
 1105.0      2.961714      0.000000      1.720963      0.000000
 1110.0      2.961444      0.000000      1.720885      0.000000
 1115.0      2.961173      0.000000      1.720806      0.000000
 1120.0      2.960903      0.000000      1.720727      0.000000
 1125.0      2.960632      0.000000      1.720649      0.000000
 1130.0      2.960359      0.000000      1.720569      0.000000
 1135.0      2.960084      0.000000      1.720490      0.000000
 1140.0      2.959808      0.000000      1.720409      0.000000
 1145.0      2.959531      0.000000      1.720329      0.000000
 1150.0      2.959252      0.000000      1.720248      0.000000
 1155.0      2.958973      0.000000      1.720166      0.000000
 1160.0      2.958692      0.000000      1.720085      0.000000
 1165.0      2.958411      0.000000      1.720003      0.000000
 1170.0      2.958129      0.000000      1.719921      0.000000
 1175.0      2.957848      0.000000      1.719839      0.000000
 1180.0      2.957566      0.000000      1.719757      0.000000
 1185.0      2.957284      0.000000      1.719676      0.000000
 1190.0      2.957003      0.000000      1.719594      0.000000
 1195.0      2.956722      0.000000      1.719512      0.000000
 1200.0      2.956442      0.000000      1.719431      0.000000
 1205.0      2.956163      0.000000      1.719350      0.000000
 1210.0      2.955885      0.000000      1.719269      0.000000
 1215.0      2.955609      0.000000      1.719188      0.000000
 1220.0      2.955334      0.000000      1.719108      0.000000
 1225.0      2.955060      0.000000      1.719029      0.000000
 1230.0      2.954789      0.000000      1.718950      0.000000
 1235.0      2.954520      0.000000      1.718872      0.000000
 1240.0      2.954253      0.000000      1.718794      0.000000
 1245.0      2.953988      0.000000      1.718717      0.000000
 1250.0      2.953726      0.000000      1.718641      0.000000
 1255.0      2.953467      0.000000      1.718566      0.000000
 1260.0      2.953212      0.000000      1.718491      0.000000
 1265.0      2.952959      0.000000      1.718418      0.000000
 1270.0      2.952710      0.000000      1.718345      0.000000
 1275.0      2.952465      0.000000      1.718274      0.000000
 1280.0      2.952223      0.000000      1.718203      0.000000
 1285.0      2.951985      0.000000      1.718134      0.000000
 1290.0      2.951752      0.000000      1.718066      0.000000
 1295.0      2.951523      0.000000      1.718000      0.000000
 1300.0      2.951299      0.000000      1.717935      0.000000
 1305.0      2.951080      0.000000      1.717871      0.000000
 1310.0      2.950865      0.000000      1.717808      0.000000
 1315.0      2.950656      0.000000      1.717748      0.000000
 1320.0      2.950453      0.000000      1.717688      0.000000
 1325.0      2.950254      0.000000      1.717630      0.000000
 1330.0      2.950060      0.000000      1.717574      0.000000
 1335.0      2.949868      0.000000      1.717518      0.000000
 1340.0      2.949677      0.000000      1.717463      0.000000
 1345.0      2.949487      0.000000      1.717407      0.000000
 1350.0      2.949295      0.000000      1.717351      0.000000
 1355.0      2.949101      0.000000      1.717295      0.000000
 1360.0      2.948903      0.000000      1.717237      0.000000
 1365.0      2.948700      0.000000      1.717178      0.000000
 1370.0      2.948490      0.000000      1.717117      0.000000
 1375.0      2.948273      0.000000      1.717054      0.000000
 1380.0      2.948050      0.000000      1.716989      0.000000
 1385.0      2.947822      0.000000      1.716922      0.000000
 1390.0      2.947588      0.000000      1.716854      0.000000
 1395.0      2.947350      0.000000      1.716785      0.000000
 1400.0      2.947107      0.000000      1.716714      0.000000
 1405.0      2.946861      0.000000      1.716642      0.000000
 1410.0      2.946612      0.000000      1.716570      0.000000
 1415.0      2.946361      0.000000      1.716497      0.000000
 1420.0      2.946108      0.000000      1.716423      0.000000
 1425.0      2.945853      0.000000      1.716349      0.000000
 1430.0      2.945598      0.000000      1.716274      0.000000
 1435.0      2.945342      0.000000      1.716200      0.000000
 1440.0      2.945087      0.000000      1.716126      0.000000
 1445.0      2.944833      0.000000      1.716052      0.000000
 1450.0      2.944580      0.000000      1.715978      0.000000
 1455.0      2.944330      0.000000      1.715905      0.000000
 1460.0      2.944081      0.000000      1.715833      0.000000
 1465.0      2.943836      0.000000      1.715761      0.000000
 1470.0      2.943595      0.000000      1.715691      0.000000
 1475.0      2.943358      0.000000      1.715622      0.000000
 1480.0      2.943125      0.000000      1.715554      0.000000
 1485.0      2.942898      0.000000      1.715488      0.000000
 1490.0      2.942677      0.000000      1.715423      0.000000
 1495.0      2.942462      0.000000      1.715361      0.000000
 1500.0      2.942254      0.000000      1.715300      0.000000
 1505.0      2.942053      0.000000      1.715241      0.000000
 1510.0      2.941857      0.000000      1.715184      0.000000
 1515.0      2.941663      0.000000      1.715128      0.000000
 1520.0      2.941469      0.000000      1.715071      0.000000
 1525.0      2.941271      0.000000      1.715013      0.000000
 1530.0      2.941067      0.000000      1.714954      0.000000
 1535.0      2.940856      0.000000      1.714892      0.000000
 1540.0      2.940639      0.000000      1.714829      0.000000
 1545.0      2.940418      0.000000      1.714765      0.000000
 1550.0      2.940196      0.000000      1.714700      0.000000
 1555.0      2.939974      0.000000      1.714635      0.000000
 1560.0      2.939753      0.000000      1.714571      0.000000
 1565.0      2.939532      0.000000      1.714506      0.000000
 1570.0      2.939311      0.000000      1.714442      0.000000
 1575.0      2.939091      0.000000      1.714378      0.000000
 1580.0      2.938871      0.000000      1.714314      0.000000
 1585.0      2.938651      0.000000      1.714250      0.000000
 1590.0      2.938432      0.000000      1.714186      0.000000
 1595.0      2.938212      0.000000      1.714121      0.000000
 1600.0      2.937991      0.000000      1.714057      0.000000
 1605.0      2.937771      0.000000      1.713993      0.000000
 1610.0      2.937550      0.000000      1.713928      0.000000
 1615.0      2.937329      0.000000      1.713864      0.000000
 1620.0      2.937106      0.000000      1.713799      0.000000
 1625.0      2.936884      0.000000      1.713734      0.000000
 1630.0      2.936660      0.000000      1.713669      0.000000
 1635.0      2.936435      0.000000      1.713603      0.000000
 1640.0      2.936210      0.000000      1.713537      0.000000
 1645.0      2.935983      0.000000      1.713471      0.000000
 1650.0      2.935755      0.000000      1.713405      0.000000
 1655.0      2.935526      0.000000      1.713338      0.000000
 1660.0      2.935295      0.000000      1.713270      0.000000
 1665.0      2.935063      0.000000      1.713202      0.000000
 1670.0      2.934828      0.000000      1.713134      0.000000
 1675.0      2.934593      0.000000      1.713065      0.000000
 1680.0      2.934355      0.000000      1.712996      0.000000
 1685.0      2.934115      0.000000      1.712926      0.000000
 1690.0      2.933874      0.000000      1.712855      0.000000
 1695.0      2.933630      0.000000      1.712784      0.000000
 1700.0      2.933384      0.000000      1.712713      0.000000
 1705.0      2.933137      0.000000      1.712641      0.000000
 1710.0      2.932891      0.000000      1.712568      0.000000
 1715.0      2.932644      0.000000      1.712497      0.000000
 1720.0      2.932398      0.000000      1.712425      0.000000
 1725.0      2.932152      0.000000      1.712353      0.000000
 1730.0      2.931907      0.000000      1.712281      0.000000
 1735.0      2.931661      0.000000      1.712210      0.000000
 1740.0      2.931416      0.000000      1.712138      0.000000
 1745.0      2.931171      0.000000      1.712066      0.000000
 1750.0      2.930926      0.000000      1.711995      0.000000
 1755.0      2.930681      0.000000      1.711923      0.000000
 1760.0      2.930435      0.000000      1.711851      0.000000
 1765.0      2.930190      0.000000      1.711780      0.000000
 1770.0      2.929943      0.000000      1.711708      0.000000
 1775.0      2.929697      0.000000      1.711636      0.000000
 1780.0      2.929450      0.000000      1.711564      0.000000
 1785.0      2.929202      0.000000      1.711491      0.000000
 1790.0      2.928954      0.000000      1.711419      0.000000
 1795.0      2.928705      0.000000      1.711346      0.000000
 1800.0      2.928455      0.000000      1.711273      0.000000
 1805.0      2.928204      0.000000      1.711199      0.000000
 1810.0      2.927952      0.000000      1.711126      0.000000
 1815.0      2.927699      0.000000      1.711052      0.000000
 1820.0      2.927445      0.000000      1.710978      0.000000
 1825.0      2.927190      0.000000      1.710903      0.000000
 1830.0      2.926934      0.000000      1.710828      0.000000
 1835.0      2.926678      0.000000      1.710753      0.000000
 1840.0      2.926421      0.000000      1.710678      0.000000
 1845.0      2.926164      0.000000      1.710603      0.000000
 1850.0      2.925907      0.000000      1.710528      0.000000
 1855.0      2.925650      0.000000      1.710453      0.000000
 1860.0      2.925394      0.000000      1.710378      0.000000
 1865.0      2.925138      0.000000      1.710303      0.000000
 1870.0      2.924882      0.000000      1.710229      0.000000
 1875.0      2.924628      0.000000      1.710154      0.000000
 1880.0      2.924374      0.000000      1.710080      0.000000
 1885.0      2.924122      0.000000      1.710006      0.000000
 1890.0      2.923871      0.000000      1.709933      0.000000
 1895.0      2.923621      0.000000      1.709860      0.000000
 1900.0      2.923373      0.000000      1.709787      0.000000
 1905.0      2.923127      0.000000      1.709715      0.000000
 1910.0      2.922883      0.000000      1.709644      0.000000
 1915.0      2.922641      0.000000      1.709573      0.000000
 1920.0      2.922401      0.000000      1.709503      0.000000
 1925.0      2.922164      0.000000      1.709434      0.000000
 1930.0      2.921930      0.000000      1.709365      0.000000
 1935.0      2.921698      0.000000      1.709298      0.000000
 1940.0      2.921470      0.000000      1.709231      0.000000
 1945.0      2.921244      0.000000      1.709165      0.000000
 1950.0      2.921022      0.000000      1.709100      0.000000
 1955.0      2.920804      0.000000      1.709036      0.000000
 1960.0      2.920589      0.000000      1.708973      0.000000
 1965.0      2.920379      0.000000      1.708912      0.000000
 1970.0      2.920172      0.000000      1.708851      0.000000
 1975.0      2.919969      0.000000      1.708792      0.000000
 1980.0      2.919770      0.000000      1.708733      0.000000
 1985.0      2.919571      0.000000      1.708675      0.000000
 1990.0      2.919373      0.000000      1.708617      0.000000
 1995.0      2.919174      0.000000      1.708559      0.000000
 2000.0      2.918972      0.000000      1.708500      0.000000
 2005.0      2.918766      0.000000      1.708440      0.000000
 2010.0      2.918557      0.000000      1.708378      0.000000
 2015.0      2.918343      0.000000      1.708316      0.000000
 2020.0      2.918126      0.000000      1.708252      0.000000
 2025.0      2.917906      0.000000      1.708188      0.000000
 2030.0      2.917682      0.000000      1.708122      0.000000
 2035.0      2.917454      0.000000      1.708056      0.000000
 2040.0      2.917224      0.000000      1.707988      0.000000
 2045.0      2.916990      0.000000      1.707920      0.000000
 2050.0      2.916753      0.000000      1.707850      0.000000
 2055.0      2.916513      0.000000      1.707780      0.000000
 2060.0      2.916271      0.000000      1.707709      0.000000
 2065.0      2.916025      0.000000      1.707637      0.000000
 2070.0      2.915777      0.000000      1.707565      0.000000
 2075.0      2.915527      0.000000      1.707491      0.000000
 2080.0      2.915274      0.000000      1.707417      0.000000
 2085.0      2.915018      0.000000      1.707342      0.000000
 2090.0      2.914761      0.000000      1.707267      0.000000
 2095.0      2.914501      0.000000      1.707191      0.000000
 2100.0      2.914239      0.000000      1.707114      0.000000
 2105.0      2.913976      0.000000      1.707037      0.000000
 2110.0      2.913710      0.000000      1.706959      0.000000
 2115.0      2.913443      0.000000      1.706881      0.000000
 2120.0      2.913174      0.000000      1.706802      0.000000
 2125.0      2.912904      0.000000      1.706723      0.000000
 2130.0      2.912633      0.000000      1.706644      0.000000
 2135.0      2.912360      0.000000      1.706564      0.000000
 2140.0      2.912086      0.000000      1.706483      0.000000
 2145.0      2.911810      0.000000      1.706403      0.000000
 2150.0      2.911534      0.000000      1.706322      0.000000
 2155.0      2.911257      0.000000      1.706241      0.000000
 2160.0      2.910979      0.000000      1.706159      0.000000
 2165.0      2.910701      0.000000      1.706077      0.000000
 2170.0      2.910422      0.000000      1.705996      0.000000
 2175.0      2.910142      0.000000      1.705914      0.000000
 2180.0      2.909862      0.000000      1.705832      0.000000
 2185.0      2.909582      0.000000      1.705750      0.000000
 2190.0      2.909302      0.000000      1.705667      0.000000
 2195.0      2.909021      0.000000      1.705585      0.000000
 2200.0      2.908741      0.000000      1.705503      0.000000
 2205.0      2.908461      0.000000      1.705421      0.000000
 2210.0      2.908181      0.000000      1.705339      0.000000
 2215.0      2.907902      0.000000      1.705257      0.000000
 2220.0      2.907623      0.000000      1.705175      0.000000
 2225.0      2.907344      0.000000      1.705094      0.000000
 2230.0      2.907066      0.000000      1.705012      0.000000
 2235.0      2.906789      0.000000      1.704931      0.000000
 2240.0      2.906513      0.000000      1.704850      0.000000
 2245.0      2.906238      0.000000      1.704769      0.000000
 2250.0      2.905964      0.000000      1.704689      0.000000
 2255.0      2.905691      0.000000      1.704609      0.000000
 2260.0      2.905419      0.000000      1.704529      0.000000
 2265.0      2.905148      0.000000      1.704449      0.000000
 2270.0      2.904878      0.000000      1.704370      0.000000
 2275.0      2.904608      0.000000      1.704291      0.000000
 2280.0      2.904340      0.000000      1.704212      0.000000
 2285.0      2.904072      0.000000      1.704134      0.000000
 2290.0      2.903804      0.000000      1.704055      0.000000
 2295.0      2.903536      0.000000      1.703977      0.000000
 2300.0      2.903269      0.000000      1.703898      0.000000
 2305.0      2.903002      0.000000      1.703820      0.000000
 2310.0      2.902735      0.000000      1.703742      0.000000
 2315.0      2.902468      0.000000      1.703663      0.000000
 2320.0      2.902201      0.000000      1.703585      0.000000
 2325.0      2.901933      0.000000      1.703506      0.000000
 2330.0      2.901666      0.000000      1.703428      0.000000
 2335.0      2.901397      0.000000      1.703349      0.000000
 2340.0      2.901129      0.000000      1.703270      0.000000
 2345.0      2.900860      0.000000      1.703191      0.000000
 2350.0      2.900590      0.000000      1.703112      0.000000
 2355.0      2.900320      0.000000      1.703033      0.000000
 2360.0      2.900050      0.000000      1.702953      0.000000
 2365.0      2.899780      0.000000      1.702874      0.000000
 2370.0      2.899509      0.000000      1.702795      0.000000
 2375.0      2.899238      0.000000      1.702715      0.000000
 2380.0      2.898967      0.000000      1.702635      0.000000
 2385.0      2.898695      0.000000      1.702555      0.000000
 2390.0      2.898423      0.000000      1.702476      0.000000
 2395.0      2.898151      0.000000      1.702396      0.000000
 2400.0      2.897878      0.000000      1.702316      0.000000
 2405.0      2.897605      0.000000      1.702235      0.000000
 2410.0      2.897332      0.000000      1.702155      0.000000
 2415.0      2.897059      0.000000      1.702075      0.000000
 2420.0      2.896785      0.000000      1.701995      0.000000
 2425.0      2.896511      0.000000      1.701914      0.000000
 2430.0      2.896237      0.000000      1.701834      0.000000
 2435.0      2.895963      0.000000      1.701753      0.000000
 2440.0      2.895688      0.000000      1.701672      0.000000
 2445.0      2.895414      0.000000      1.701592      0.000000
 2450.0      2.895139      0.000000      1.701511      0.000000
 2455.0      2.894864      0.000000      1.701430      0.000000
 2460.0      2.894588      0.000000      1.701349      0.000000
 2465.0      2.894313      0.000000      1.701268      0.000000
 2470.0      2.894037      0.000000      1.701187      0.000000
 2475.0      2.893761      0.000000      1.701106      0.000000
 2480.0      2.893485      0.000000      1.701025      0.000000
 2485.0      2.893209      0.000000      1.700944      0.000000
 2490.0      2.892933      0.000000      1.700863      0.000000
 2495.0      2.892657      0.000000      1.700781      0.000000
 2500.0      2.892380      0.000000      1.700700      0.000000
 2505.0      2.892103      0.000000      1.700619      0.000000
 2510.0      2.891827      0.000000      1.700537      0.000000
 2515.0      2.891550      0.000000      1.700456      0.000000
 2520.0      2.891272      0.000000      1.700374      0.000000
 2525.0      2.890995      0.000000      1.700293      0.000000
 2530.0      2.890717      0.000000      1.700211      0.000000
 2535.0      2.890439      0.000000      1.700129      0.000000
 2540.0      2.890161      0.000000      1.700047      0.000000
 2545.0      2.889882      0.000000      1.699965      0.000000
 2550.0      2.889602      0.000000      1.699883      0.000000
 2555.0      2.889323      0.000000      1.699801      0.000000
 2560.0      2.889042      0.000000      1.699718      0.000000
 2565.0      2.888761      0.000000      1.699636      0.000000
 2570.0      2.888480      0.000000      1.699553      0.000000
 2575.0      2.888198      0.000000      1.699470      0.000000
 2580.0      2.887915      0.000000      1.699387      0.000000
 2585.0      2.887631      0.000000      1.699303      0.000000
 2590.0      2.887347      0.000000      1.699220      0.000000
 2595.0      2.887062      0.000000      1.699136      0.000000
 2600.0      2.886776      0.000000      1.699052      0.000000
 2605.0      2.886489      0.000000      1.698967      0.000000
 2610.0      2.886202      0.000000      1.698883      0.000000
 2615.0      2.885913      0.000000      1.698798      0.000000
 2620.0      2.885624      0.000000      1.698712      0.000000
 2625.0      2.885333      0.000000      1.698627      0.000000
 2630.0      2.885041      0.000000      1.698541      0.000000
 2635.0      2.884749      0.000000      1.698455      0.000000
 2640.0      2.884455      0.000000      1.698368      0.000000
 2645.0      2.884160      0.000000      1.698282      0.000000
 2650.0      2.883864      0.000000      1.698194      0.000000
 2655.0      2.883566      0.000000      1.698107      0.000000
 2660.0      2.883267      0.000000      1.698019      0.000000
 2665.0      2.882967      0.000000      1.697930      0.000000
 2670.0      2.882666      0.000000      1.697842      0.000000
 2675.0      2.882363      0.000000      1.697752      0.000000
 2680.0      2.882059      0.000000      1.697663      0.000000
 2685.0      2.881753      0.000000      1.697573      0.000000
 2690.0      2.881446      0.000000      1.697482      0.000000
 2695.0      2.881137      0.000000      1.697391      0.000000
 2700.0      2.880827      0.000000      1.697300      0.000000
 2705.0      2.880515      0.000000      1.697208      0.000000
 2710.0      2.880202      0.000000      1.697116      0.000000
 2715.0      2.879887      0.000000      1.697023      0.000000
 2720.0      2.879570      0.000000      1.696930      0.000000
 2725.0      2.879253      0.000000      1.696836      0.000000
 2730.0      2.878934      0.000000      1.696742      0.000000
 2735.0      2.878614      0.000000      1.696648      0.000000
 2740.0      2.878293      0.000000      1.696553      0.000000
 2745.0      2.877971      0.000000      1.696458      0.000000
 2750.0      2.877648      0.000000      1.696363      0.000000
 2755.0      2.877324      0.000000      1.696268      0.000000
 2760.0      2.876999      0.000000      1.696172      0.000000
 2765.0      2.876673      0.000000      1.696076      0.000000
 2770.0      2.876347      0.000000      1.695980      0.000000
 2775.0      2.876021      0.000000      1.695883      0.000000
 2780.0      2.875693      0.000000      1.695787      0.000000
 2785.0      2.875366      0.000000      1.695690      0.000000
 2790.0      2.875038      0.000000      1.695594      0.000000
 2795.0      2.874709      0.000000      1.695497      0.000000
 2800.0      2.874381      0.000000      1.695400      0.000000
 2805.0      2.874052      0.000000      1.695303      0.000000
 2810.0      2.873724      0.000000      1.695206      0.000000
 2815.0      2.873395      0.000000      1.695109      0.000000
 2820.0      2.873066      0.000000      1.695012      0.000000
 2825.0      2.872737      0.000000      1.694915      0.000000
 2830.0      2.872407      0.000000      1.694818      0.000000
 2835.0      2.872078      0.000000      1.694721      0.000000
 2840.0      2.871749      0.000000      1.694623      0.000000
 2845.0      2.871419      0.000000      1.694526      0.000000
 2850.0      2.871089      0.000000      1.694429      0.000000
 2855.0      2.870760      0.000000      1.694332      0.000000
 2860.0      2.870430      0.000000      1.694234      0.000000
 2865.0      2.870100      0.000000      1.694137      0.000000
 2870.0      2.869770      0.000000      1.694040      0.000000
 2875.0      2.869440      0.000000      1.693942      0.000000
 2880.0      2.869110      0.000000      1.693845      0.000000
 2885.0      2.868779      0.000000      1.693747      0.000000
 2890.0      2.868449      0.000000      1.693650      0.000000
 2895.0      2.868119      0.000000      1.693552      0.000000
 2900.0      2.867788      0.000000      1.693455      0.000000
 2905.0      2.867458      0.000000      1.693357      0.000000
 2910.0      2.867127      0.000000      1.693259      0.000000
 2915.0      2.866796      0.000000      1.693162      0.000000
 2920.0      2.866466      0.000000      1.693064      0.000000
 2925.0      2.866135      0.000000      1.692966      0.000000
 2930.0      2.865804      0.000000      1.692869      0.000000
 2935.0      2.865474      0.000000      1.692771      0.000000
 2940.0      2.865143      0.000000      1.692673      0.000000
 2945.0      2.864812      0.000000      1.692576      0.000000
 2950.0      2.864481      0.000000      1.692478      0.000000
 2955.0      2.864150      0.000000      1.692380      0.000000
 2960.0      2.863819      0.000000      1.692282      0.000000
 2965.0      2.863488      0.000000      1.692185      0.000000
 2970.0      2.863158      0.000000      1.692087      0.000000
 2975.0      2.862827      0.000000      1.691989      0.000000
 2980.0      2.862496      0.000000      1.691891      0.000000
 2985.0      2.862165      0.000000      1.691793      0.000000
 2990.0      2.861834      0.000000      1.691696      0.000000
 2995.0      2.861503      0.000000      1.691598      0.000000
 3000.0      2.861172      0.000000      1.691500      0.000000
 3050.0      2.857859      0.000000      1.690521      0.000000
 3100.0      2.854520      0.000000      1.689533      0.000000
 3150.0      2.851128      0.000000      1.688529      0.000000
 3200.0      2.847654      0.000000      1.687500      0.000000
 3250.0      2.844071      0.000000      1.686438      0.000000
 3300.0      2.840352      0.000000      1.685334      0.000000
 3350.0      2.836710      0.000000      1.684254      0.000000
 3400.0      2.833354      0.000000      1.683257      0.000000
 3450.0      2.828906      0.000000      1.681935      0.000000
 3500.0      2.824416      0.000000      1.680600      0.000000
 3550.0      2.821440      0.000000      1.679714      0.000000
 3600.0      2.816688      0.000000      1.678299      0.000000
 3650.0      2.812546      0.000000      1.677065      0.000000
 3700.0      2.808624      0.000000      1.675895      0.000000
 3750.0      2.804528      0.000000      1.674672      0.000000
 3800.0      2.800268      0.000000      1.673400      0.000000
 3850.0      2.795893      0.000000      1.672092      0.000000
 3900.0      2.791235      0.000000      1.670699      0.000000
 3950.0      2.786478      0.000000      1.669274      0.000000
 4000.0      2.781890      0.000000      1.667900      0.000000
 4050.0      2.777624      0.000000      1.666621      0.000000
 4100.0      2.773362      0.000000      1.665342      0.000000
 4150.0      2.768670      0.000000      1.663932      0.000000
 4200.0      2.763204      0.000000      1.662288      0.000000
 4250.0      2.757687      0.000000      1.660628      0.000000
 4300.0      2.753252      0.000000      1.659293      0.000000
 4350.0      2.749117      0.000000      1.658046      0.000000
 4400.0      2.744144      0.000000      1.656545      0.000000
 4450.0      2.738681      0.000001      1.654896      0.000000
 4500.0      2.733401      0.000001      1.653300      0.000000
 4550.0      2.728623      0.000001      1.651855      0.000000
 4600.0      2.723599      0.000001      1.650333      0.000000
 4650.0      2.718277      0.000001      1.648719      0.000000
 4700.0      2.712804      0.000002      1.647059      0.000001
 4750.0      2.707325      0.000002      1.645395      0.000001
 4800.0      2.701968      0.000002      1.643767      0.000001
 4850.0      2.696719      0.000003      1.642169      0.000001
 4900.0      2.691491      0.000003      1.640577      0.000001
 4950.0      2.686197      0.000004      1.638963      0.000001
 5000.0      2.680751      0.000004      1.637300      0.000001
 5050.0      2.675097      0.000004      1.635572      0.000001
 5100.0      2.669304      0.000004      1.633800      0.000002
 5150.0      2.663467      0.000006      1.632013      0.000002
 5200.0      2.657544      0.000007      1.630197      0.000002
 5250.0      2.651370      0.000007      1.628303      0.000002
 5300.0      2.645032      0.000008      1.626356      0.000003
 5350.0      2.638500      0.000010      1.624346      0.000003
 5400.0      2.632047      0.000010      1.622358      0.000003
 5450.0      2.625733      0.000011      1.620411      0.000003
 5500.0      2.619199      0.000013      1.618394      0.000004
 5550.0      2.612452      0.000015      1.616308      0.000005
 5600.0      2.605783      0.000016      1.614244      0.000005
 5650.0      2.599060      0.000018      1.612160      0.000005
 5700.0      2.592191      0.000021      1.610028      0.000006
 5750.0      2.585247      0.000023      1.607870      0.000007
 5800.0      2.578296      0.000025      1.605707      0.000008
 5850.0      2.571301      0.000027      1.603528      0.000008
 5900.0      2.564093      0.000030      1.601279      0.000009
 5950.0      2.556769      0.000035      1.598990      0.000011
 6000.0      2.549698      0.000037      1.596778      0.000012
 6050.0      2.542396      0.000040      1.594489      0.000013
 6100.0      2.534799      0.000045      1.592105      0.000014
 6150.0      2.527298      0.000049      1.589748      0.000015
 6200.0      2.519650      0.000053      1.587341      0.000017
 6250.0      2.511908      0.000058      1.584900      0.000018
 6300.0      2.504336      0.000066      1.582510      0.000021
 6350.0      2.496552      0.000073      1.580048      0.000023
 6400.0      2.488516      0.000078      1.577503      0.000025
 6450.0      2.480664      0.000085      1.575013      0.000027
 6500.0      2.472319      0.000092      1.572361      0.000029
 6550.0      2.463526      0.000097      1.569560      0.000031
 6600.0      2.457560      0.000112      1.567664      0.000036
 6650.0      2.450179      0.000136      1.565310      0.000043
 6700.0      2.429241      0.000155      1.558591      0.000050
 6750.0      2.407147      0.000166      1.551496      0.000054
 6800.0      2.406713      0.000175      1.551362      0.000057
 6850.0      2.413702      0.000186      1.553609      0.000060
 6900.0      2.407290      0.000202      1.551542      0.000065
 6950.0      2.394980      0.000219      1.547573      0.000071
 7000.0      2.386582      0.000233      1.544859      0.000075
 7050.0      2.379653      0.000245      1.542612      0.000080
 7100.0      2.371002      0.000255      1.539805      0.000083
 7150.0      2.360897      0.000265      1.536521      0.000086
 7200.0      2.350230      0.000275      1.533046      0.000090
 7250.0      2.340142      0.000286      1.529752      0.000093
 7300.0      2.331325      0.000299      1.526868      0.000098
 7350.0      2.322920      0.000313      1.524113      0.000103
 7400.0      2.313922      0.000328      1.521158      0.000108
 7450.0      2.304024      0.000345      1.517901      0.000113
 7500.0      2.293211      0.000362      1.514334      0.000120
 7550.0      2.282332      0.000383      1.510738      0.000127
 7600.0      2.272632      0.000407      1.507526      0.000135
 7650.0      2.263891      0.000436      1.504625      0.000145
 7700.0      2.254350      0.000469      1.501449      0.000156
 7750.0      2.243112      0.000505      1.497700      0.000169
 7800.0      2.231636      0.000541      1.493866      0.000181
 7850.0      2.221498      0.000572      1.490471      0.000192
 7900.0      2.212219      0.000603      1.487354      0.000203
 7950.0      2.202302      0.000638      1.484015      0.000215
 8000.0      2.191043      0.000679      1.480216      0.000229
 8050.0      2.179174      0.000719      1.476202      0.000243
 8100.0      2.167518      0.000749      1.472250      0.000254
 8150.0      2.156344      0.000774      1.468449      0.000263
 8200.0      2.145590      0.000802      1.464783      0.000274
 8250.0      2.135104      0.000839      1.461200      0.000287
 8300.0      2.124427      0.000878      1.457542      0.000301
 8350.0      2.113050      0.000907      1.453633      0.000312
 8400.0      2.100869      0.000923      1.449436      0.000318
 8450.0      2.088407      0.000934      1.445131      0.000323
 8500.0      2.076217      0.000950      1.440909      0.000329
 8550.0      2.064424      0.000971      1.436812      0.000338
 8600.0      2.052725      0.000996      1.432734      0.000348
 8650.0      2.040809      0.001022      1.428568      0.000358
 8700.0      2.028600      0.001058      1.424288      0.000371
 8750.0      2.016206      0.001127      1.419931      0.000397
 8800.0      2.003738      0.001250      1.415535      0.000442
 8850.0      1.991220      0.001409      1.411107      0.000500
 8900.0      1.978602      0.001556      1.406628      0.000554
 8950.0      1.965832      0.001644      1.402081      0.000586
 9000.0      1.952918      0.001670      1.397468      0.000597
 9050.0      1.939944      0.001689      1.392818      0.000606
 9100.0      1.926996      0.001761      1.388163      0.000634
 9150.0      1.914079      0.001916      1.383504      0.000693
 9200.0      1.901015      0.002111      1.378775      0.000766
 9250.0      1.887597      0.002297      1.373899      0.000836
 9300.0      1.873671      0.002434      1.368820      0.000889
 9350.0      1.859464      0.002555      1.363619      0.000936
 9400.0      1.845359      0.002725      1.358439      0.001002
 9450.0      1.831735      0.003005      1.353417      0.001110
 9500.0      1.818373      0.003391      1.348472      0.001258
 9550.0      1.804168      0.003769      1.343193      0.001403
 9600.0      1.789280      0.004115      1.337640      0.001538
 9650.0      1.774984      0.004496      1.332288      0.001687
 9700.0      1.760894      0.004987      1.326989      0.001879
 9750.0      1.745860      0.005638      1.321310      0.002134
 9800.0      1.730432      0.006361      1.315461      0.002418
 9850.0      1.715580      0.007052      1.309806      0.002692
 9900.0      1.700712      0.007857      1.304117      0.003013
 9950.0      1.685065      0.008925      1.298104      0.003438
10000.0      1.669249      0.010078      1.292000      0.003900
10050.0      1.653910      0.011109      1.286053      0.004319
10100.0      1.638378      0.012032      1.280000      0.004700
10150.0      1.621968      0.012811      1.273574      0.005031
10200.0      1.605263      0.012999      1.267000      0.005130
10250.0      1.588981      0.012246      1.260557      0.004856
10300.0      1.573126      0.011001      1.254251      0.004385
10350.0      1.557491      0.009864      1.248002      0.003952
10400.0      1.541635      0.009036      1.241632      0.003639
10450.0      1.525066      0.008539      1.234939      0.003457
10500.0      1.508117      0.008337      1.228056      0.003394
10550.0      1.491719      0.008350      1.221367      0.003418
10600.0      1.475601      0.008569      1.214754      0.003527
10650.0      1.457915      0.009075      1.207445      0.003758
10700.0      1.438059      0.009893      1.199191      0.004126
10750.0      1.418460      0.010910      1.191000      0.004580
10800.0      1.401142      0.012029      1.183716      0.005080
10850.0      1.384894      0.013304      1.176832      0.005652
10900.0      1.367789      0.014816      1.169540      0.006335
10950.0      1.349322      0.016545      1.161624      0.007122
11000.0      1.330084      0.018392      1.153320      0.007973
11050.0      1.310697      0.020351      1.144888      0.008887
11100.0      1.291789      0.022637      1.136611      0.009958
11150.0      1.273820      0.025423      1.128699      0.011263
11200.0      1.255960      0.028388      1.120775      0.012666
11250.0      1.236810      0.030990      1.112205      0.013931
11300.0      1.215807      0.033005      1.102729      0.014963
11350.0      1.194257      0.034924      1.092935      0.015977
11400.0      1.173540      0.037248      1.083442      0.017192
11450.0      1.153705      0.039840      1.074271      0.018545
11500.0      1.134206      0.042283      1.065175      0.019848
11550.0      1.114654      0.044271      1.055976      0.020961
11600.0      1.095010      0.045768      1.046653      0.021863
11650.0      1.075255      0.046765      1.037192      0.022544
11700.0      1.054205      0.047037      1.027000      0.022900
11750.0      1.030449      0.046250      1.015364      0.022775
11800.0      1.007160      0.044712      1.003828      0.022271
11850.0      0.985218      0.042668      0.992823      0.021489
11900.0      0.963904      0.040262      0.982000      0.020500
11950.0      0.942631      0.037641      0.971075      0.019379
12000.0      0.921389      0.034979      0.960050      0.018215
12050.0      0.900309      0.032456      0.949000      0.017100
12100.0      0.879301      0.030228      0.937871      0.016117
12150.0      0.857384      0.028348      0.926101      0.015306
12200.0      0.833353      0.026842      0.913000      0.014700
12250.0      0.807235      0.025784      0.898567      0.014346
12300.0      0.783571      0.025396      0.885327      0.014345
12350.0      0.761916      0.025492      0.873000      0.014600
12400.0      0.738180      0.025701      0.859266      0.014943
12450.0      0.712702      0.026291      0.844320      0.015553
12500.0      0.686962      0.027689      0.829000      0.016700
12550.0      0.662065      0.030149      0.813926      0.018546
12600.0      0.637628      0.033217      0.798831      0.020824
12650.0      0.612892      0.036264      0.783225      0.023159
12700.0      0.587211      0.038735      0.766687      0.025224
12750.0      0.560735      0.040619      0.749283      0.027040
12800.0      0.533975      0.042150      0.731295      0.028784
12850.0      0.507419      0.043546      0.712994      0.030613
12900.0      0.481200      0.044759      0.694434      0.032419
12950.0      0.455178      0.045537      0.675498      0.033886
13000.0      0.429205      0.045622      0.656069      0.034694
13050.0      0.403148      0.044961      0.636004      0.034777
13100.0      0.376898      0.043950      0.615119      0.034637
13150.0      0.350353      0.043048      0.593219      0.034851
13200.0      0.323410      0.042713      0.570112      0.035999
13250.0      0.295965      0.043403      0.545605      0.038658
13300.0      0.267916      0.045578      0.519505      0.043407
13350.0      0.239165      0.049681      0.491626      0.050813
13400.0      0.209881      0.055652      0.462040      0.061022
13450.0      0.180571      0.062773      0.431159      0.073628
13500.0      0.151766      0.070281      0.399414      0.088191
13550.0      0.123901      0.077441      0.367189      0.104409
13600.0      0.096682      0.083717      0.334487      0.122999
13650.0      0.069490      0.088668      0.301146      0.145137
13700.0      0.041705      0.091848      0.267000      0.172000
13750.0      0.012782      0.093160      0.232413      0.204384
13800.0     -0.017530      0.093885      0.199863      0.241560
13850.0     -0.049407      0.095650      0.172355      0.282415
13900.0     -0.083022      0.100077      0.152888      0.325835
13950.0     -0.118180      0.107851      0.142699      0.370454
14000.0     -0.153853      0.117559      0.139098      0.414338
14050.0     -0.188904      0.127506      0.138864      0.455474
14100.0     -0.222216      0.136025      0.138819      0.491889
14150.0     -0.253477      0.142521      0.137429      0.523080
14200.0     -0.283426      0.147798      0.135301      0.550454
14250.0     -0.312868      0.152750      0.133184      0.575543
14300.0     -0.342611      0.158271      0.131823      0.599879
14350.0     -0.373150      0.164862      0.131629      0.624448
14400.0     -0.404286      0.172150      0.132252      0.649021
14450.0     -0.435729      0.179644      0.133244      0.673202
14500.0     -0.467188      0.186852      0.134155      0.696598
14550.0     -0.498530      0.193507      0.134717      0.719007
14600.0     -0.529980      0.199836      0.135064      0.740656
14650.0     -0.561805      0.206133      0.135384      0.761826
14700.0     -0.594277      0.212694      0.135867      0.782803
14750.0     -0.627600      0.219791      0.136686      0.803822
14800.0     -0.661492      0.227525      0.137902      0.824773
14850.0     -0.695452      0.235927      0.139526      0.845387
14900.0     -0.728979      0.245021      0.141569      0.865396
14950.0     -0.761585      0.254831      0.144038      0.884538
