#Lambda        Dielectric Constant          Refractive Index
# [nm]        [Real]        [Imag]        [Real]        [Imag]
   10.0      0.936237      0.006967      0.967600      0.003600
   15.0      0.825627      0.016520      0.908685      0.009091
   20.0      0.654364      0.100601      0.811300      0.062000
   25.0      0.509926      0.336593      0.748142      0.222725
   30.0      0.608793      0.806288      0.899220      0.447304
   35.0      1.123751      1.116713      1.163657      0.479853
   40.0      1.296300      0.731600      1.180000      0.310000
   45.0      1.052847      0.527380      1.056026      0.249706
   50.0      0.824100      0.532000      0.950000      0.280000
   55.0      0.547133      0.575581      0.818910      0.351406
   60.0      0.215273      0.769317      0.712208      0.540220
   65.0      0.017420      1.024885      0.722060      0.709793
   70.0     -0.206457      1.327271      0.753904      0.880222
   75.0     -0.357754      1.793911      0.857766      1.045715
   80.0     -0.297740      2.303527      1.006239      1.144626
   85.0     -0.017095      2.626005      1.142134      1.149589
   90.0      0.217667      2.761156      1.222171      1.129611
   95.0      0.349924      2.701966      1.239852      1.089636
  100.0      0.327600      2.728000      1.240000      1.100000
  105.0      0.333965      2.867317      1.268982      1.129763
  110.0      0.463767      2.933471      1.310274      1.119400
  115.0      0.576782      2.843962      1.318831      1.078211
  120.0      0.497652      2.610829      1.256084      1.039284
  125.0      0.215577      2.441465      1.154642      1.057229
  130.0     -0.118799      2.482431      1.087741      1.141112
  135.0     -0.423986      2.538941      1.036835      1.224367
  140.0     -0.789168      2.674725      0.999884      1.337440
  145.0     -1.119112      2.870874      0.990517      1.449280
  150.0     -1.473456      3.126226      0.995613      1.569883
  155.0     -1.815700      3.447600      1.020000      1.690000
  160.0     -2.060954      3.911944      1.086405      1.800342
  165.0     -2.115031      4.368389      1.170168      1.866698
  170.0     -2.113262      4.601147      1.214505      1.894228
  175.0     -2.243833      4.745178      1.225779      1.935583
  180.0     -2.481428      4.946722      1.235465      2.001940
  185.0     -2.802950      5.205171      1.246848      2.087430
  190.0     -3.118910      5.557222      1.275392      2.178535
  195.0     -3.435290      6.023917      1.322824      2.276959
  200.0     -3.760000      6.568800      1.380000      2.380000
  205.0     -3.939051      7.201953      1.461054      2.464666
  210.0     -4.063514      7.903838      1.553089      2.544474
  215.0     -4.092881      8.663448      1.656573      2.614888
  220.0     -3.928828      9.451434      1.775747      2.661291
  225.0     -3.606269     10.179806      1.896405      2.683788
  230.0     -3.139638     10.758789      2.008500      2.678369
  235.0     -2.565350     11.139174      2.105642      2.645509
  240.0     -2.052364     11.389739      2.181722      2.610054
  245.0     -1.685292     11.560074      2.235585      2.585202
  250.0     -1.373006     11.633196      2.273952      2.558065
  255.0     -1.093023     11.650794      2.303217      2.529387
  260.0     -0.931298     11.737610      2.328446      2.520441
  265.0     -0.889643     11.957151      2.356046      2.537561
  270.0     -0.830581     12.271098      2.394595      2.562219
  275.0     -0.639738     12.618073      2.448442      2.576341
  280.0     -0.306159     12.893575      2.508820      2.569408
  285.0      0.156724     12.993927      2.564851      2.533590
  290.0      0.667871     12.928244      2.609670      2.477670
  295.0      1.099416     12.783762      2.639194      2.421935
  300.0      1.353678     12.633484      2.650907      2.382434
  305.0      1.473354     12.479146      2.649105      2.355054
  310.0      1.540700     12.302400      2.640000      2.330000
  315.0      1.607495     12.101822      2.628326      2.302210
  320.0      1.606214     11.941769      2.612978      2.285097
  325.0      1.529442     11.836809      2.594667      2.281000
  330.0      1.468288     11.727564      2.577542      2.274923
  335.0      1.402625     11.624073      2.560373      2.269995
  340.0      1.268700     11.564539      2.539943      2.276547
  345.0      1.082410     11.539742      2.517222      2.292160
  350.0      0.879885     11.536179      2.494965      2.311924
  355.0      0.694235     11.563906      2.477792      2.333498
  360.0      0.538446     11.628644      2.467719      2.356090
  365.0      0.376520     11.715059      2.459437      2.381662
  370.0      0.180981     11.812326      2.448981      2.411762
  375.0     -0.022013     11.935519      2.440653      2.445163
  380.0     -0.199044     12.100550      2.439575      2.479996
  385.0     -0.340806     12.295420      2.445336      2.514026
  390.0     -0.447576     12.498113      2.455449      2.544988
  395.0     -0.530453     12.698838      2.467718      2.572999
  400.0     -0.611343     12.900048      2.480241      2.600564
  405.0     -0.706902     13.104367      2.491651      2.629659
  410.0     -0.812247     13.313041      2.502558      2.659889
  415.0     -0.917445     13.526991      2.514028      2.690304
  420.0     -1.013837     13.746971      2.526937      2.720097
  425.0     -1.094700     13.973480      2.541866      2.748687
  430.0     -1.153474     14.206997      2.559368      2.775509
  435.0     -1.183600     14.448000      2.580000      2.800000
  440.0     -1.181325     14.695275      2.603919      2.821723
  445.0     -1.154127     14.940836      2.629693      2.840748
  450.0     -1.112291     15.175006      2.655494      2.857275
  455.0     -1.064742     15.389785      2.679771      2.871516
  460.0     -1.010976     15.588809      2.702899      2.883783
  465.0     -0.946491     15.780646      2.726070      2.894429
  470.0     -0.866876     15.973598      2.750446      2.903793
  475.0     -0.771270     16.166267      2.776014      2.911704
  480.0     -0.663184     16.345295      2.801316      2.917364
  485.0     -0.546402     16.496584      2.824805      2.919935
  490.0     -0.424801     16.607810      2.845081      2.918737
  495.0     -0.303064     16.681562      2.862000      2.914396
  500.0     -0.186278     16.727897      2.876045      2.908199
  505.0     -0.079532     16.756930      2.887706      2.901436
  510.0      0.012637     16.778015      2.897447      2.895284
  515.0      0.090032     16.794514      2.905550      2.890038
  520.0      0.154512     16.806949      2.912209      2.885574
  525.0      0.207952     16.815824      2.917617      2.881764
  530.0      0.252191     16.821638      2.921966      2.878485
  535.0      0.288182     16.824728      2.925362      2.875677
  540.0      0.315950     16.825259      2.927821      2.873351
  545.0      0.335477     16.823390      2.929357      2.871522
  550.0      0.346740     16.819278      2.929983      2.870202
  555.0      0.349810     16.813062      2.929717      2.869396
  560.0      0.345402     16.804738      2.928622      2.869045
  565.0      0.334525     16.794241      2.926778      2.869058
  570.0      0.318189     16.781502      2.924267      2.869345
  575.0      0.297402     16.766454      2.921172      2.869815
  580.0      0.273140     16.748971      2.917563      2.870375
  585.0      0.245960     16.728221      2.913419      2.870906
  590.0      0.216149     16.702908      2.908649      2.871268
  595.0      0.183986     16.671727      2.903165      2.871321
  600.0      0.149753     16.633375      2.896876      2.870928
  605.0      0.113728     16.586548      2.889694      2.869948
  610.0      0.075739     16.530401      2.881528      2.868324
  615.0      0.033997     16.465723      2.872278      2.866290
  620.0     -0.013643     16.393660      2.861847      2.864144
  625.0     -0.069326     16.315363      2.850136      2.862185
  630.0     -0.135196     16.231980      2.837045      2.860710
  635.0     -0.213400     16.144660      2.822475      2.860018
  640.0     -0.305754     16.054609      2.806365      2.860384
  645.0     -0.411945     15.963409      2.788894      2.861932
  650.0     -0.530805     15.872795      2.770338      2.864725
  655.0     -0.661164     15.784499      2.750974      2.868828
  660.0     -0.801852     15.700255      2.731079      2.874304
  665.0     -0.951700     15.621796      2.710929      2.881218
  670.0     -1.109537     15.550857      2.690801      2.889631
  675.0     -1.274238     15.488668      2.670919      2.899567
  680.0     -1.444880     15.434197      2.651272      2.910854
  685.0     -1.620597     15.385773      2.631783      2.923268
  690.0     -1.800520     15.341725      2.612376      2.936585
  695.0     -1.983784     15.300383      2.592973      2.950580
  700.0     -2.169522     15.260076      2.573496      2.965029
  705.0     -2.356867     15.219133      2.553869      2.979708
  710.0     -2.544961     15.175895      2.534016      2.994394
  715.0     -2.733643     15.129576      2.513889      3.009008
  720.0     -2.923934     15.080874      2.493495      3.023714
  725.0     -3.116967     15.030629      2.472845      3.038700
  730.0     -3.313878     14.979684      2.451949      3.054152
  735.0     -3.515801     14.928878      2.430819      3.070259
  740.0     -3.723870     14.879052      2.409465      3.087208
  745.0     -3.939219     14.831047      2.387898      3.105186
  750.0     -4.162983     14.785704      2.366130      3.124382
  755.0     -4.396146     14.743794      2.344174      3.144959
  760.0     -4.638227     14.705410      2.322085      3.166874
  765.0     -4.887931     14.670265      2.299938      3.189961
  770.0     -5.143954     14.638070      2.277807      3.214056
  775.0     -5.404990     14.608534      2.255769      3.238993
  780.0     -5.669735     14.581368      2.233898      3.264608
  785.0     -5.936884     14.556281      2.212270      3.290734
  790.0     -6.205132     14.532984      2.190960      3.317207
  795.0     -6.473175     14.511186      2.170044      3.343862
  800.0     -6.739707     14.490598      2.149596      3.370533
  805.0     -7.003849     14.471002      2.129672      3.397103
  810.0     -7.266319     14.452451      2.110244      3.423642
  815.0     -7.528211     14.435065      2.091268      3.450259
  820.0     -7.790619     14.418960      2.072699      3.477066
  825.0     -8.054638     14.404256      2.054493      3.504175
  830.0     -8.321363     14.391071      2.036603      3.531695
  835.0     -8.591887     14.379522      2.018986      3.559738
  840.0     -8.867306     14.369727      2.001595      3.588416
  845.0     -9.148715     14.361806      1.984388      3.617839
  850.0     -9.437206     14.355875      1.967317      3.648118
  855.0     -9.733876     14.352054      1.950339      3.679364
  860.0    -10.039488     14.350461      1.933425      3.711654
  865.0    -10.353410     14.351215      1.916618      3.744911
  870.0    -10.674635     14.354439      1.899979      3.779021
  875.0    -11.002159     14.360253      1.883571      3.813867
  880.0    -11.334975     14.368777      1.867453      3.849334
  885.0    -11.672080     14.380133      1.851689      3.885306
  890.0    -12.012466     14.394442      1.836339      3.921669
  895.0    -12.355129     14.411824      1.821465      3.958306
  900.0    -12.699064     14.432401      1.807128      3.995102
  905.0    -13.043264     14.456292      1.793390      4.031942
  910.0    -13.386726     14.483620      1.780313      4.068710
  915.0    -13.728442     14.514505      1.767958      4.105291
  920.0    -14.067416     14.549065      1.756385      4.141570
  925.0    -14.403115     14.587250      1.745613      4.177479
  930.0    -14.735758     14.628740      1.735588      4.213029
  935.0    -15.065632     14.673189      1.726252      4.248236
  940.0    -15.393022     14.720251      1.717545      4.283117
  945.0    -15.718214     14.769583      1.709410      4.317689
  950.0    -16.041496     14.820837      1.701786      4.351969
  955.0    -16.363152     14.873670      1.694614      4.385972
  960.0    -16.683470     14.927736      1.687837      4.419716
  965.0    -17.002735     14.982690      1.681395      4.453218
  970.0    -17.321234     15.038186      1.675229      4.486494
  975.0    -17.639252     15.093879      1.669281      4.519561
  980.0    -17.957077     15.149424      1.663490      4.552435
  985.0    -18.274994     15.204477      1.657799      4.585134
  990.0    -18.593289     15.258690      1.652149      4.617673
  995.0    -18.912243     15.311737      1.646482      4.650070
 1000.0    -19.232049     15.363514      1.640778      4.682340
 1005.0    -19.552838     15.414087      1.635040      4.714497
 1010.0    -19.874740     15.463523      1.629272      4.746555
 1015.0    -20.197883     15.511889      1.623478      4.778528
 1020.0    -20.522399     15.559254      1.617662      4.810430
 1025.0    -20.848415     15.605686      1.611829      4.842276
 1030.0    -21.176062     15.651252      1.605982      4.874079
 1035.0    -21.505468     15.696020      1.600127      4.905853
 1040.0    -21.836764     15.740059      1.594266      4.937614
 1045.0    -22.170079     15.783436      1.588405      4.969374
 1050.0    -22.505543     15.826218      1.582547      5.001148
 1055.0    -22.843284     15.868475      1.576697      5.032950
 1060.0    -23.183432     15.910273      1.570858      5.064794
 1065.0    -23.526118     15.951680      1.565035      5.096694
 1070.0    -23.871469     15.992765      1.559232      5.128665
 1075.0    -24.219616     16.033596      1.553454      5.160720
 1080.0    -24.570687     16.074239      1.547704      5.192874
 1085.0    -24.924744     16.114737      1.541984      5.225133
 1090.0    -25.281766     16.155101      1.536298      5.257493
 1095.0    -25.641726     16.195341      1.530646      5.289952
 1100.0    -26.004598     16.235465      1.525028      5.322506
 1105.0    -26.370354     16.275481      1.519447      5.355151
 1110.0    -26.738968     16.315399      1.513904      5.387883
 1115.0    -27.110413     16.355228      1.508400      5.420699
 1120.0    -27.484661     16.394976      1.502936      5.453595
 1125.0    -27.861686     16.434653      1.497513      5.486568
 1130.0    -28.241462     16.474267      1.492134      5.519614
 1135.0    -28.623960     16.513827      1.486798      5.552729
 1140.0    -29.009154     16.553342      1.481508      5.585909
 1145.0    -29.397018     16.592820      1.476264      5.619152
 1150.0    -29.787524     16.632272      1.471068      5.652453
 1155.0    -30.180646     16.671704      1.465922      5.685809
 1160.0    -30.576356     16.711128      1.460825      5.719215
 1165.0    -30.974628     16.750550      1.455781      5.752670
 1170.0    -31.375435     16.789981      1.450789      5.786168
 1175.0    -31.778750     16.829428      1.445852      5.819706
 1180.0    -32.184546     16.868901      1.440970      5.853281
 1185.0    -32.592796     16.908416      1.436145      5.886889
 1190.0    -33.003476     16.948038      1.431381      5.920528
 1195.0    -33.416565     16.987853      1.426683      5.954197
 1200.0    -33.832038     17.027950      1.422056      5.987895
 1205.0    -34.249873     17.068416      1.417504      6.021621
 1210.0    -34.670047     17.109338      1.413033      6.055372
 1215.0    -35.092538     17.150805      1.408648      6.089149
 1220.0    -35.517323     17.192903      1.404354      6.122949
 1225.0    -35.944379     17.235720      1.400155      6.156773
 1230.0    -36.373682     17.279343      1.396057      6.190617
 1235.0    -36.805211     17.323861      1.392064      6.224481
 1240.0    -37.238943     17.369361      1.388181      6.258365
 1245.0    -37.674854     17.415929      1.384414      6.292266
 1250.0    -38.112921     17.463655      1.380767      6.326183
 1255.0    -38.553123     17.512624      1.377245      6.360115
 1260.0    -38.995437     17.562925      1.373854      6.394062
 1265.0    -39.439838     17.614645      1.370597      6.428021
 1270.0    -39.886306     17.667872      1.367480      6.461991
 1275.0    -40.334816     17.722694      1.364509      6.495972
 1280.0    -40.785346     17.779196      1.361687      6.529961
 1285.0    -41.237873     17.837469      1.359020      6.563958
 1290.0    -41.692375     17.897598      1.356513      6.597962
 1295.0    -42.148829     17.959671      1.354171      6.631971
 1300.0    -42.607211     18.023776      1.351998      6.665984
 1305.0    -43.067500     18.090000      1.350000      6.700000
 1310.0    -43.529673     18.158406      1.348180      6.734017
 1315.0    -43.993712     18.228954      1.346534      6.768034
 1320.0    -44.459601     18.301582      1.345056      6.802049
 1325.0    -44.927323     18.376224      1.343742      6.836061
 1330.0    -45.396861     18.452816      1.342586      6.870067
 1335.0    -45.868198     18.531295      1.341582      6.904066
 1340.0    -46.341318     18.611596      1.340726      6.938056
 1345.0    -46.816204     18.693656      1.340011      6.972035
 1350.0    -47.292839     18.777410      1.339432      7.006002
 1355.0    -47.771207     18.862794      1.338984      7.039955
 1360.0    -48.251289     18.949744      1.338662      7.073893
 1365.0    -48.733071     19.038197      1.338459      7.107812
 1370.0    -49.216535     19.128087      1.338371      7.141713
 1375.0    -49.701664     19.219352      1.338392      7.175592
 1380.0    -50.188441     19.311926      1.338517      7.209449
 1385.0    -50.676850     19.405746      1.338741      7.243281
 1390.0    -51.166874     19.500748      1.339057      7.277087
 1395.0    -51.658496     19.596868      1.339461      7.310865
 1400.0    -52.151699     19.694041      1.339947      7.344613
 1405.0    -52.646468     19.792204      1.340509      7.378330
 1410.0    -53.142783     19.891292      1.341143      7.412014
 1415.0    -53.640630     19.991242      1.341843      7.445663
 1420.0    -54.139992     20.091989      1.342603      7.479275
 1425.0    -54.640850     20.193470      1.343418      7.512849
 1430.0    -55.143190     20.295619      1.344283      7.546383
 1435.0    -55.646994     20.398374      1.345192      7.579875
 1440.0    -56.152244     20.501670      1.346140      7.613324
 1445.0    -56.658925     20.605443      1.347121      7.646727
 1450.0    -57.167020     20.709629      1.348130      7.680083
 1455.0    -57.676512     20.814164      1.349162      7.713390
 1460.0    -58.187384     20.918984      1.350211      7.746647
 1465.0    -58.699626     21.024050      1.351273      7.779853
 1470.0    -59.213242     21.129378      1.352350      7.813007
 1475.0    -59.728238     21.234994      1.353441      7.846112
 1480.0    -60.244621     21.340920      1.354548      7.879169
 1485.0    -60.762396     21.447183      1.355672      7.912177
 1490.0    -61.281571     21.553805      1.356815      7.945138
 1495.0    -61.802150     21.660811      1.357975      7.978054
 1500.0    -62.324141     21.768225      1.359156      8.010924
 1505.0    -62.847549     21.876072      1.360358      8.043750
 1510.0    -63.372381     21.984376      1.361581      8.076533
 1515.0    -63.898643     22.093161      1.362827      8.109274
 1520.0    -64.426341     22.202451      1.364097      8.141974
 1525.0    -64.955481     22.312271      1.365391      8.174634
 1530.0    -65.486069     22.422645      1.366712      8.207254
 1535.0    -66.018112     22.533597      1.368059      8.239836
 1540.0    -66.551616     22.645151      1.369433      8.272381
 1545.0    -67.086587     22.757332      1.370836      8.304889
 1550.0    -67.623031     22.870164      1.372269      8.337361
 1555.0    -68.160954     22.983672      1.373732      8.369799
 1560.0    -68.700363     23.097878      1.375227      8.402204
 1565.0    -69.241264     23.212809      1.376754      8.434576
 1570.0    -69.783662     23.328487      1.378315      8.466916
 1575.0    -70.327565     23.444938      1.379910      8.499225
 1580.0    -70.872978     23.562186      1.381541      8.531505
 1585.0    -71.419907     23.680254      1.383208      8.563756
 1590.0    -71.968359     23.799167      1.384913      8.595979
 1595.0    -72.518340     23.918950      1.386656      8.628175
 1600.0    -73.069856     24.039626      1.388438      8.660345
 1605.0    -73.622914     24.161220      1.390260      8.692491
 1610.0    -74.177518     24.283757      1.392124      8.724612
 1615.0    -74.733677     24.407259      1.394030      8.756710
 1620.0    -75.291395     24.531753      1.395980      8.788786
 1625.0    -75.850679     24.657261      1.397973      8.820840
 1630.0    -76.411535     24.783809      1.400012      8.852875
 1635.0    -76.973970     24.911420      1.402097      8.884890
 1640.0    -77.537990     25.040118      1.404229      8.916887
 1645.0    -78.103600     25.169929      1.406409      8.948867
 1650.0    -78.670807     25.300876      1.408638      8.980830
 1655.0    -79.239617     25.432983      1.410918      9.012777
 1660.0    -79.810032     25.566258      1.413247      9.044710
 1665.0    -80.382047     25.700687      1.415626      9.076627
 1670.0    -80.955659     25.836255      1.418053      9.108529
 1675.0    -81.530864     25.972946      1.420528      9.140416
 1680.0    -82.107656     26.110747      1.423049      9.172287
 1685.0    -82.686032     26.249641      1.425615      9.204143
 1690.0    -83.265988     26.389614      1.428225      9.235982
 1695.0    -83.847518     26.530650      1.430879      9.267805
 1700.0    -84.430620     26.672735      1.433576      9.299612
 1705.0    -85.015287     26.815854      1.436314      9.331402
 1710.0    -85.601517     26.959990      1.439092      9.363176
 1715.0    -86.189305     27.105131      1.441910      9.394933
 1720.0    -86.778647     27.251259      1.444766      9.426673
 1725.0    -87.369537     27.398360      1.447660      9.458396
 1730.0    -87.961973     27.546420      1.450590      9.490102
 1735.0    -88.555949     27.695423      1.453556      9.521790
 1740.0    -89.151462     27.845354      1.456557      9.553460
 1745.0    -89.748507     27.996197      1.459591      9.585113
 1750.0    -90.347080     28.147939      1.462658      9.616748
 1755.0    -90.947176     28.300563      1.465756      9.648364
 1760.0    -91.548791     28.454055      1.468885      9.679963
 1765.0    -92.151922     28.608399      1.472044      9.711543
 1770.0    -92.756563     28.763582      1.475232      9.743104
 1775.0    -93.362710     28.919586      1.478447      9.774646
 1780.0    -93.970359     29.076398      1.481689      9.806170
 1785.0    -94.579506     29.234003      1.484956      9.837674
 1790.0    -95.190147     29.392384      1.488249      9.869159
 1795.0    -95.802276     29.551528      1.491565      9.900625
 1800.0    -96.415891     29.711420      1.494904      9.932071
 1805.0    -97.030986     29.872043      1.498265      9.963497
 1810.0    -97.647557     30.033383      1.501647      9.994903
 1815.0    -98.265601     30.195425      1.505049     10.026290
 1820.0    -98.885112     30.358154      1.508470     10.057655
 1825.0    -99.506086     30.521555      1.511908     10.089001
 1830.0   -100.128519     30.685613      1.515364     10.120325
 1835.0   -100.752408     30.850312      1.518835     10.151629
 1840.0   -101.377746     31.015638      1.522321     10.182912
 1845.0   -102.004531     31.181576      1.525822     10.214174
 1850.0   -102.632758     31.348110      1.529335     10.245415
 1855.0   -103.262422     31.515225      1.532861     10.276634
 1860.0   -103.893520     31.682907      1.536397     10.307831
 1865.0   -104.526047     31.851140      1.539944     10.339007
 1870.0   -105.159998     32.019909      1.543500     10.370161
 1875.0   -105.795370     32.189200      1.547064     10.401293
 1880.0   -106.432158     32.358996      1.550635     10.432402
 1885.0   -107.070358     32.529284      1.554212     10.463489
 1890.0   -107.709965     32.700047      1.557794     10.494553
 1895.0   -108.350975     32.871272      1.561381     10.525594
 1900.0   -108.993385     33.042942      1.564971     10.556613
 1905.0   -109.637189     33.215042      1.568563     10.587608
 1910.0   -110.282383     33.387560      1.572156     10.618580
 1915.0   -110.928966     33.560489      1.575750     10.649529
 1920.0   -111.576935     33.733835      1.579346     10.680455
 1925.0   -112.226290     33.907603      1.582943     10.711358
 1930.0   -112.877029     34.081795      1.586541     10.742237
 1935.0   -113.529152     34.256417      1.590140     10.773094
 1940.0   -114.182656     34.431473      1.593742     10.803928
 1945.0   -114.837542     34.606967      1.597345     10.834740
 1950.0   -115.493807     34.782904      1.600950     10.865529
 1955.0   -116.151451     34.959287      1.604558     10.896296
 1960.0   -116.810473     35.136122      1.608168     10.927040
 1965.0   -117.470870     35.313413      1.611780     10.957763
 1970.0   -118.132643     35.491164      1.615395     10.988464
 1975.0   -118.795790     35.669378      1.619013     11.019142
 1980.0   -119.460309     35.848062      1.622634     11.049799
 1985.0   -120.126200     36.027218      1.626258     11.080434
 1990.0   -120.793462     36.206852      1.629885     11.111048
 1995.0   -121.462092     36.386968      1.633515     11.141641
 2000.0   -122.132091     36.567569      1.637150     11.172212
 2005.0   -122.803457     36.748661      1.640787     11.202762
 2010.0   -123.476189     36.930247      1.644429     11.233291
 2015.0   -124.150285     37.112332      1.648075     11.263799
 2020.0   -124.825745     37.294921      1.651725     11.294286
 2025.0   -125.502567     37.478018      1.655379     11.324753
 2030.0   -126.180750     37.661626      1.659038     11.355199
 2035.0   -126.860293     37.845751      1.662701     11.385625
 2040.0   -127.541195     38.030396      1.666369     11.416030
 2045.0   -128.223454     38.215567      1.670042     11.446415
 2050.0   -128.907070     38.401267      1.673720     11.476780
 2055.0   -129.592041     38.587500      1.677404     11.507125
 2060.0   -130.278367     38.774272      1.681093     11.537450
 2065.0   -130.966045     38.961586      1.684787     11.567756
 2070.0   -131.655075     39.149447      1.688487     11.598042
 2075.0   -132.345456     39.337858      1.692193     11.628308
 2080.0   -133.037186     39.526826      1.695905     11.658555
 2085.0   -133.730264     39.716353      1.699623     11.688783
 2090.0   -134.424690     39.906444      1.703348     11.718992
 2095.0   -135.120462     40.097103      1.707079     11.749182
 2100.0   -135.817578     40.288335      1.710816     11.779353
 2105.0   -136.516038     40.480144      1.714561     11.809505
 2110.0   -137.215841     40.672535      1.718312     11.839638
 2115.0   -137.916984     40.865511      1.722070     11.869753
 2120.0   -138.619468     41.059078      1.725836     11.899849
 2125.0   -139.323291     41.253239      1.729609     11.929928
 2130.0   -140.028452     41.447999      1.733390     11.959988
 2135.0   -140.734949     41.643362      1.737178     11.990029
 2140.0   -141.442782     41.839332      1.740974     12.020053
 2145.0   -142.151949     42.035914      1.744778     12.050060
 2150.0   -142.862450     42.233112      1.748590     12.080048
 2155.0   -143.574282     42.430931      1.752411     12.110019
 2160.0   -144.287445     42.629375      1.756240     12.139972
 2165.0   -145.001938     42.828447      1.760078     12.169908
 2170.0   -145.717759     43.028153      1.763924     12.199827
 2175.0   -146.434908     43.228497      1.767780     12.229729
 2180.0   -147.153383     43.429483      1.771644     12.259614
 2185.0   -147.873182     43.631116      1.775518     12.289482
 2190.0   -148.594306     43.833400      1.779401     12.319333
 2195.0   -149.316752     44.036338      1.783294     12.349167
 2200.0   -150.040520     44.239936      1.787196     12.378985
 2205.0   -150.765608     44.444198      1.791108     12.408787
 2210.0   -151.492015     44.649129      1.795030     12.438572
 2215.0   -152.219740     44.854731      1.798962     12.468342
 2220.0   -152.948782     45.061011      1.802905     12.498095
 2225.0   -153.679140     45.267972      1.806858     12.527832
 2230.0   -154.410812     45.475618      1.810822     12.557553
 2235.0   -155.143798     45.683954      1.814796     12.587259
 2240.0   -155.878096     45.892985      1.818782     12.616949
 2245.0   -156.613704     46.102714      1.822778     12.646624
 2250.0   -157.350623     46.313146      1.826786     12.676283
 2255.0   -158.088850     46.524285      1.830805     12.705928
 2260.0   -158.828385     46.736134      1.834835     12.735557
 2265.0   -159.569224     46.948693      1.838877     12.765171
 2270.0   -160.311367     47.161962      1.842930     12.794770
 2275.0   -161.054811     47.375940      1.846995     12.824354
 2280.0   -161.799553     47.590626      1.851071     12.853923
 2285.0   -162.545593     47.806020      1.855158     12.883477
 2290.0   -163.292927     48.022122      1.859256     12.913016
 2295.0   -164.041553     48.238930      1.863365     12.942541
 2300.0   -164.791470     48.456444      1.867485     12.972050
 2305.0   -165.542676     48.674664      1.871616     13.001545
 2310.0   -166.295167     48.893590      1.875758     13.031025
 2315.0   -167.048943     49.113220      1.879910     13.060490
 2320.0   -167.804000     49.333554      1.884074     13.089941
 2325.0   -168.560338     49.554591      1.888248     13.119377
 2330.0   -169.317953     49.776331      1.892432     13.148798
 2335.0   -170.076844     49.998774      1.896627     13.178205
 2340.0   -170.837008     50.221919      1.900833     13.207597
 2345.0   -171.598444     50.445765      1.905049     13.236975
 2350.0   -172.361149     50.670312      1.909275     13.266338
 2355.0   -173.125122     50.895559      1.913511     13.295687
 2360.0   -173.890359     51.121506      1.917758     13.325022
 2365.0   -174.656859     51.348152      1.922015     13.354342
 2370.0   -175.424621     51.575497      1.926282     13.383648
 2375.0   -176.193641     51.803540      1.930559     13.412939
 2380.0   -176.963917     52.032280      1.934846     13.442217
 2385.0   -177.735448     52.261718      1.939142     13.471480
 2390.0   -178.508232     52.491851      1.943449     13.500729
 2395.0   -179.282266     52.722681      1.947765     13.529963
 2400.0   -180.057548     52.954206      1.952091     13.559184
 2405.0   -180.834076     53.186426      1.956427     13.588391
 2410.0   -181.611848     53.419340      1.960772     13.617583
 2415.0   -182.390862     53.652948      1.965127     13.646762
 2420.0   -183.171116     53.887249      1.969491     13.675926
 2425.0   -183.952607     54.122243      1.973864     13.705077
 2430.0   -184.735334     54.357929      1.978247     13.734214
 2435.0   -185.519294     54.594306      1.982639     13.763336
 2440.0   -186.304485     54.831374      1.987040     13.792446
 2445.0   -187.090906     55.069133      1.991450     13.821541
 2450.0   -187.878554     55.307582      1.995870     13.850622
 2455.0   -188.667427     55.546720      2.000298     13.879690
 2460.0   -189.457522     55.786547      2.004735     13.908744
 2465.0   -190.248839     56.027062      2.009181     13.937785
 2470.0   -191.041374     56.268265      2.013636     13.966812
 2475.0   -191.835125     56.510156      2.018100     13.995825
 2480.0   -192.630091     56.752732      2.022572     14.024825
 2485.0   -193.426269     56.995995      2.027053     14.053811
 2490.0   -194.223657     57.239944      2.031542     14.082784
 2495.0   -195.022254     57.484578      2.036040     14.111743
 2500.0   -195.822056     57.729896      2.040546     14.140689
 2505.0   -196.623062     57.975898      2.045061     14.169621
 2510.0   -197.425270     58.222583      2.049584     14.198541
 2515.0   -198.228678     58.469951      2.054115     14.227447
 2520.0   -199.033283     58.718002      2.058654     14.256339
 2525.0   -199.839083     58.966734      2.063201     14.285219
 2530.0   -200.646077     59.216148      2.067757     14.314085
 2535.0   -201.454262     59.466242      2.072320     14.342938
 2540.0   -202.263636     59.717016      2.076891     14.371778
 2545.0   -203.074197     59.968470      2.081470     14.400605
 2550.0   -203.885942     60.220603      2.086057     14.429419
 2555.0   -204.698871     60.473415      2.090651     14.458220
 2560.0   -205.512980     60.726904      2.095253     14.487008
 2565.0   -206.328268     60.981071      2.099863     14.515783
 2570.0   -207.144732     61.235915      2.104480     14.544545
 2575.0   -207.962370     61.491435      2.109104     14.573295
 2580.0   -208.781180     61.747631      2.113736     14.602031
 2585.0   -209.601161     62.004502      2.118376     14.630755
 2590.0   -210.422309     62.262048      2.123022     14.659466
 2595.0   -211.244623     62.520268      2.127676     14.688164
 2600.0   -212.068101     62.779161      2.132336     14.716849
 2605.0   -212.892741     63.038728      2.137004     14.745522
 2610.0   -213.718540     63.298967      2.141679     14.774182
 2615.0   -214.545496     63.559878      2.146361     14.802830
 2620.0   -215.373608     63.821460      2.151049     14.831465
 2625.0   -216.202873     64.083714      2.155745     14.860087
 2630.0   -217.033289     64.346637      2.160447     14.888698
 2635.0   -217.864854     64.610231      2.165156     14.917295
 2640.0   -218.697565     64.874494      2.169871     14.945880
 2645.0   -219.531422     65.139425      2.174593     14.974453
 2650.0   -220.366421     65.405025      2.179322     15.003014
 2655.0   -221.202560     65.671292      2.184056     15.031562
 2660.0   -222.039838     65.938226      2.188798     15.060098
 2665.0   -222.878252     66.205827      2.193545     15.088622
 2670.0   -223.717800     66.474094      2.198299     15.117133
 2675.0   -224.558481     66.743026      2.203058     15.145633
 2680.0   -225.400291     67.012624      2.207824     15.174120
 2685.0   -226.243229     67.282885      2.212596     15.202595
 2690.0   -227.087293     67.553811      2.217374     15.231059
 2695.0   -227.932480     67.825399      2.222158     15.259510
 2700.0   -228.778789     68.097651      2.226948     15.287949
 2705.0   -229.626217     68.370564      2.231743     15.316376
 2710.0   -230.474763     68.644139      2.236544     15.344792
 2715.0   -231.324423     68.918376      2.241351     15.373195
 2720.0   -232.175197     69.193272      2.246163     15.401587
 2725.0   -233.027081     69.468829      2.250981     15.429967
 2730.0   -233.880075     69.745046      2.255804     15.458335
 2735.0   -234.734175     70.021921      2.260633     15.486691
 2740.0   -235.589380     70.299454      2.265467     15.515036
 2745.0   -236.445687     70.577646      2.270306     15.543369
 2750.0   -237.303094     70.856495      2.275150     15.571690
 2755.0   -238.161600     71.136000      2.280000     15.600000
 2760.0   -239.021203     71.416162      2.284855     15.628298
 2765.0   -239.881908     71.696982      2.289714     15.656585
 2770.0   -240.743719     71.978461      2.294579     15.684861
 2775.0   -241.606641     72.260602      2.299449     15.713125
 2780.0   -242.470681     72.543406      2.304324     15.741379
 2785.0   -243.335842     72.826874      2.309204     15.769621
 2790.0   -244.202131     73.111008      2.314089     15.797853
 2795.0   -245.069553     73.395811      2.318979     15.826074
 2800.0   -245.938112     73.681282      2.323874     15.854285
 2805.0   -246.807814     73.967426      2.328775     15.882485
 2810.0   -247.678664     74.254242      2.333680     15.910676
 2815.0   -248.550667     74.541733      2.338591     15.938856
 2820.0   -249.423829     74.829900      2.343507     15.967026
 2825.0   -250.298154     75.118745      2.348428     15.995187
 2830.0   -251.173648     75.408270      2.353354     16.023337
 2835.0   -252.050316     75.698476      2.358285     16.051479
 2840.0   -252.928163     75.989365      2.363221     16.079611
 2845.0   -253.807194     76.280939      2.368163     16.107733
 2850.0   -254.687416     76.573199      2.373109     16.135847
 2855.0   -255.568831     76.866148      2.378061     16.163951
 2860.0   -256.451447     77.159786      2.383018     16.192047
 2865.0   -257.335268     77.454115      2.387980     16.220134
 2870.0   -258.220299     77.749138      2.392948     16.248213
 2875.0   -259.106546     78.044855      2.397920     16.276283
 2880.0   -259.994013     78.341269      2.402898     16.304344
 2885.0   -260.882707     78.638381      2.407881     16.332398
 2890.0   -261.772631     78.936192      2.412869     16.360443
 2895.0   -262.663791     79.234705      2.417862     16.388481
 2900.0   -263.556194     79.533922      2.422861     16.416511
 2905.0   -264.449842     79.833843      2.427865     16.444533
 2910.0   -265.344743     80.134470      2.432874     16.472548
 2915.0   -266.240900     80.435806      2.437888     16.500555
 2920.0   -267.138320     80.737851      2.442907     16.528556
 2925.0   -268.037007     81.040609      2.447932     16.556549
 2930.0   -268.936967     81.344079      2.452962     16.584535
 2935.0   -269.838204     81.648264      2.457997     16.612514
 2940.0   -270.740725     81.953166      2.463038     16.640487
 2945.0   -271.644534     82.258786      2.468083     16.668453
 2950.0   -272.549635     82.565125      2.473134     16.696413
 2955.0   -273.456036     82.872187      2.478191     16.724366
 2960.0   -274.363740     83.179972      2.483252     16.752314
 2965.0   -275.272753     83.488481      2.488319     16.780255
 2970.0   -276.183081     83.797717      2.493391     16.808191
 2975.0   -277.094727     84.107682      2.498469     16.836120
 2980.0   -278.007698     84.418376      2.503552     16.864045
 2985.0   -278.921999     84.729803      2.508640     16.891963
 2990.0   -279.837635     85.041962      2.513733     16.919877
 2995.0   -280.754610     85.354856      2.518832     16.947785
 3000.0   -281.672931     85.668488      2.523936     16.975688
 3050.0   -290.931270     88.845684      2.575270     17.254472
 3100.0   -300.329841     92.098392      2.627143     17.532900
 3150.0   -309.873835     95.428288      2.679561     17.811107
 3200.0   -319.568441     98.837048      2.732528     18.089229
 3250.0   -329.418849    102.326349      2.786050     18.367401
 3300.0   -339.430248    105.897868      2.840134     18.645759
 3350.0   -349.607828    109.553280      2.894783     18.924439
 3400.0   -359.956778    113.294263      2.950005     19.203574
 3450.0   -370.482288    117.122492      3.005803     19.483302
 3500.0   -381.189549    121.039645      3.062185     19.763757
 3550.0   -392.083739    125.047399      3.119155     20.045074
 3600.0   -403.166567    129.147717      3.176730     20.327315
 3650.0   -414.431065    133.343278      3.234953     20.610352
 3700.0   -425.868931    137.636870      3.293870     20.894030
 3750.0   -437.471864    142.031283      3.353531     21.178194
 3800.0   -449.231565    146.529305      3.413980     21.462690
 3850.0   -461.139731    151.133725      3.475267     21.747361
 3900.0   -473.188061    155.847331      3.537438     22.032052
 3950.0   -485.368256    160.672911      3.600540     22.316610
 4000.0   -497.672013    165.613256      3.664621     22.600877
 4050.0   -510.091031    170.671152      3.729727     22.884699
 4100.0   -522.617011    175.849390      3.795907     23.167922
 4150.0   -535.241651    181.150756      3.863207     23.450389
 4200.0   -547.956649    186.578041      3.931675     23.731945
 4250.0   -560.753705    192.134033      4.001358     24.012436
 4300.0   -573.624518    197.821520      4.072303     24.291706
 4350.0   -586.560787    203.643291      4.144557     24.569601
 4400.0   -599.554211    209.602135      4.218168     24.845963
 4450.0   -612.596636    215.700737      4.293180     25.120643
 4500.0   -625.684448    221.938598      4.369574     25.393590
 4550.0   -638.819349    228.311488      4.447253     25.664872
 4600.0   -652.003340    234.814968      4.526115     25.934564
 4650.0   -665.238424    241.444598      4.606059     26.202743
 4700.0   -678.526602    248.195939      4.686984     26.469483
 4750.0   -691.869877    255.064551      4.768788     26.734860
 4800.0   -705.270250    262.045995      4.851371     26.998949
 4850.0   -718.729724    269.135829      4.934631     27.261825
 4900.0   -732.250301    276.329616      5.018466     27.523565
 4950.0   -745.833982    283.622914      5.102777     27.784244
 5000.0   -759.482770    291.011285      5.187460     28.043936
 5050.0   -773.198667    298.490289      5.272416     28.302717
 5100.0   -786.983675    306.055485      5.357543     28.560663
 5150.0   -800.839795    313.702435      5.442739     28.817849
 5200.0   -814.768987    321.427030      5.527910     29.074347
 5250.0   -828.772724    329.228839      5.613034     29.330204
 5300.0   -842.852178    337.109719      5.698132     29.585444
 5350.0   -857.008517    345.071563      5.783228     29.840096
 5400.0   -871.242910    353.116262      5.868344     30.094185
 5450.0   -885.556523    361.245708      5.953504     30.347739
 5500.0   -899.950524    369.461794      6.038731     30.600785
 5550.0   -914.426082    377.766412      6.124047     30.853348
 5600.0   -928.984364    386.161453      6.209476     31.105456
 5650.0   -943.626538    394.648810      6.295040     31.357136
 5700.0   -958.353771    403.230374      6.380763     31.608414
 5750.0   -973.167232    411.908037      6.466668     31.859317
 5800.0   -988.068088    420.683693      6.552777     32.109871
 5850.0  -1003.057507    429.559232      6.639114     32.360104
 5900.0  -1018.136657    438.536546      6.725701     32.610042
 5950.0  -1033.306705    447.617528      6.812562     32.859712
 6000.0  -1048.568820    456.804070      6.899720     33.109140
 6050.0  -1063.924168    466.098064      6.987197     33.358354
 6100.0  -1079.373919    475.501401      7.075017     33.607379
 6150.0  -1094.919239    485.015974      7.163202     33.856244
 6200.0  -1110.561297    494.643675      7.251775     34.104973
 6250.0  -1126.300740    504.386090      7.340757     34.353589
 6300.0  -1142.136261    514.243656      7.430149     34.602084
 6350.0  -1158.066090    524.216538      7.519953     34.850448
 6400.0  -1174.088457    534.304900      7.610168     35.098668
 6450.0  -1190.201595    544.508909      7.700795     35.346735
 6500.0  -1206.403733    554.828730      7.791834     35.594636
 6550.0  -1222.693102    565.264528      7.883284     35.842359
 6600.0  -1239.067933    575.816469      7.975147     36.089894
 6650.0  -1255.526458    586.484716      8.067422     36.337228
 6700.0  -1272.066906    597.269437      8.160109     36.584351
 6750.0  -1288.687509    608.170796      8.253208     36.831251
 6800.0  -1305.386497    619.188959      8.346721     37.077917
 6850.0  -1322.162101    630.324090      8.440646     37.324337
 6900.0  -1339.012552    641.576355      8.534983     37.570499
 6950.0  -1355.936081    652.945920      8.629734     37.816392
 7000.0  -1372.930919    664.432950      8.724898     38.062006
 7050.0  -1389.995296    676.037609      8.820476     38.307327
 7100.0  -1407.127444    687.760064      8.916466     38.552346
 7150.0  -1424.325592    699.600479      9.012871     38.797050
 7200.0  -1441.587973    711.559020      9.109689     39.041428
 7250.0  -1458.912816    723.635852      9.206921     39.285468
 7300.0  -1476.298352    735.831141      9.304566     39.529160
 7350.0  -1493.742813    748.145052      9.402626     39.772491
 7400.0  -1511.244429    760.577749      9.501101     40.015451
 7450.0  -1528.801430    773.129399      9.599989     40.258027
 7500.0  -1546.412049    785.800166      9.699293     40.500209
 7550.0  -1564.074515    798.590217      9.799011     40.741984
 7600.0  -1581.787059    811.499715      9.899143     40.983342
 7650.0  -1599.547913    824.528827      9.999691     41.224271
 7700.0  -1617.355306    837.677718     10.100654     41.464760
 7750.0  -1635.207471    850.946553     10.202032     41.704796
 7800.0  -1653.102636    864.335498     10.303825     41.944370
 7850.0  -1671.039035    877.844717     10.406034     42.183468
 7900.0  -1689.014896    891.474376     10.508658     42.422081
 7950.0  -1707.028451    905.224640     10.611699     42.660195
 8000.0  -1725.077932    919.095675     10.715155     42.897801
 8050.0  -1743.161568    933.087646     10.819027     43.134886
 8100.0  -1761.277590    947.200718     10.923316     43.371439
 8150.0  -1779.424229    961.435056     11.028021     43.607449
 8200.0  -1797.599717    975.790826     11.133142     43.842904
 8250.0  -1815.802284    990.268194     11.238680     44.077792
 8300.0  -1834.030160   1004.867323     11.344635     44.312103
 8350.0  -1852.281576   1019.588380     11.451006     44.545825
 8400.0  -1870.554764   1034.431531     11.557795     44.778946
 8450.0  -1888.847954   1049.396939     11.665001     45.011454
 8500.0  -1907.159377   1064.484771     11.772624     45.243340
 8550.0  -1925.487264   1079.695192     11.880664     45.474590
 8600.0  -1943.829845   1095.028366     11.989123     45.705194
 8650.0  -1962.185352   1110.484461     12.097998     45.935140
 8700.0  -1980.552015   1126.063640     12.207292     46.164417
 8750.0  -1998.928064   1141.766068     12.317004     46.393013
 8800.0  -2017.311732   1157.591913     12.427134     46.620917
 8850.0  -2035.701248   1173.541338     12.537682     46.848117
 8900.0  -2054.094843   1189.614508     12.648649     47.074602
 8950.0  -2072.490749   1205.811590     12.760034     47.300361
 9000.0  -2090.887196   1222.132748     12.871838     47.525382
 9050.0  -2109.282414   1238.578149     12.984060     47.749653
 9100.0  -2127.674636   1255.147956     13.096702     47.973164
 9150.0  -2146.062090   1271.842335     13.209763     48.195902
 9200.0  -2164.443009   1288.661452     13.323243     48.417856
 9250.0  -2182.815623   1305.605473     13.437142     48.639016
 9300.0  -2201.178163   1322.674561     13.551461     48.859368
 9350.0  -2219.528859   1339.868883     13.666200     49.078903
 9400.0  -2237.865943   1357.188604     13.781358     49.297608
 9450.0  -2256.187645   1374.633888     13.896937     49.515472
 9500.0  -2274.492197   1392.204903     14.012935     49.732484
 9550.0  -2292.777828   1409.901812     14.129354     49.948632
 9600.0  -2311.042770   1427.724781     14.246193     50.163905
 9650.0  -2329.285254   1445.673975     14.363452     50.378291
 9700.0  -2347.503510   1463.749560     14.481132     50.591779
 9750.0  -2365.695769   1481.951701     14.599233     50.804357
 9800.0  -2383.860262   1500.280563     14.717755     51.016014
 9850.0  -2401.995220   1518.736311     14.836698     51.226739
 9900.0  -2420.098873   1537.319111     14.956062     51.436520
 9950.0  -2438.169453   1556.029129     15.075848     51.645345
10000.0  -2456.205190   1574.866528     15.196054     51.853204
10050.0  -2474.204315   1593.831476     15.316683     52.060084
10100.0  -2492.165059   1612.924136     15.437733     52.265975
10150.0  -2510.085653   1632.144674     15.559205     52.470864
10200.0  -2527.964327   1651.493257     15.681099     52.674741
10250.0  -2545.799312   1670.970048     15.803416     52.877594
10300.0  -2563.588839   1690.575213     15.926154     53.079411
10350.0  -2581.331140   1710.308917     16.049315     53.280182
