#Lambda        Dielectric Constant          Refractive Index
# [nm]        [Real]        [Imag]        [Real]        [Imag]
   50.0      0.669771      0.286031      0.835883      0.171228
   55.0      0.488447      0.480387      0.766097      0.312563
   60.0      0.602724      0.565607      0.845424      0.334637
   65.0      0.722542      0.589033      0.909478      0.323621
   70.0      0.597678      0.489801      0.827734      0.295849
   75.0      0.435570      0.479646      0.736028      0.325840
   80.0      0.233466      0.548401      0.644012      0.425736
   85.0      0.055506      0.713597      0.621028      0.574503
   90.0     -0.036579      0.924703      0.666675      0.693488
   95.0     -0.064918      1.103006      0.721102      0.764815
  100.0     -0.079209      1.245583      0.764480      0.814645
  105.0     -0.091598      1.365635      0.799095      0.854511
  110.0     -0.122185      1.449908      0.816375      0.888036
  115.0     -0.194522      1.546682      0.825883      0.936345
  120.0     -0.284157      1.688491      0.845198      0.999021
  125.0     -0.330367      1.892789      0.891697      1.061118
  130.0     -0.273454      2.108050      0.962238      1.095266
  135.0     -0.173084      2.160946      0.999092      1.081964
  140.0     -0.095728      2.137534      1.010668      1.056887
  145.0     -0.155116      2.105555      0.989147      1.064870
  150.0     -0.395553      2.081545      0.928723      1.121938
  155.0     -0.569335      2.245958      0.932997      1.199577
  160.0     -0.621062      2.502938      0.988811      1.264419
  165.0     -0.615055      2.635572      1.023886      1.290044
  170.0     -0.605112      2.672433      1.033829      1.294249
  175.0     -0.638454      2.743063      1.042903      1.312718
  180.0     -0.736737      2.808809      1.040311      1.347215
  185.0     -0.899476      2.704868      0.989299      1.372934
  190.0     -1.119757      2.609288      0.931575      1.412348
  195.0     -1.384877      3.008088      0.979343      1.530510
  200.0     -1.613100      3.842000      1.130000      1.700000
  205.0     -1.665289      4.261159      1.209459      1.769084
  210.0     -1.678686      4.342691      1.220126      1.779729
  215.0     -1.804755      4.387867      1.211995      1.808932
  220.0     -1.946632      4.541534      1.223591      1.855862
  225.0     -2.001995      4.852223      1.273715      1.904481
  230.0     -2.038035      5.214826      1.334397      1.954044
  235.0     -2.112226      5.533053      1.380765      2.003916
  240.0     -2.158494      5.822605      1.423346      2.045437
  245.0     -2.114938      6.110960      1.474704      2.071753
  250.0     -2.093657      6.363046      1.517329      2.096739
  255.0     -2.232935      6.538367      1.529583      2.137848
  260.0     -2.457085      6.694920      1.528968      2.189554
  265.0     -2.649620      6.909570      1.540721      2.241774
  270.0     -2.924871      7.153565      1.549867      2.307911
  275.0     -3.376737      7.367550      1.538008      2.395664
  280.0     -3.733568      7.542329      1.529949      2.464895
  285.0     -3.862603      7.733746      1.546302      2.501242
  290.0     -3.998861      8.094814      1.585683      2.551826
  295.0     -4.267959      8.632483      1.636939      2.635364
  300.0     -4.570651      9.116577      1.677620      2.717645
  305.0     -4.824108      9.441752      1.700390      2.777718
  310.0     -5.016000      9.791800      1.730000      2.830000
  315.0     -5.155995     10.338650      1.787788      2.890570
  320.0     -5.308246     11.069424      1.866185      2.965350
  325.0     -5.539458     11.932058      1.951951      3.057037
  330.0     -5.750685     12.979402      2.055130      3.157997
  335.0     -5.754027     14.280740      2.194630      3.252451
  340.0     -5.580047     15.537532      2.337759      3.323263
  345.0     -5.261100     16.505288      2.457108      3.359273
  350.0     -4.571509     17.560785      2.604923      3.370655
  355.0     -3.443507     18.947340      2.810533      3.370858
  360.0     -2.369616     20.211935      2.998618      3.370194
  365.0     -1.727493     20.971803      3.108570      3.373279
  370.0     -1.315952     21.360286      3.168994      3.370210
  375.0     -0.854193     21.588895      3.220832      3.350763
  380.0     -0.150804     21.819915      3.291539      3.314106
  385.0      0.931307     22.185689      3.401374      3.262607
  390.0      2.213391     22.644295      3.533280      3.206007
  395.0      3.332514     23.051558      3.648397      3.158287
  400.0      4.119008     23.312331      3.726945      3.124015
  405.0      4.753342     23.421575      3.783794      3.090816
  410.0      5.452334     23.383606      3.837412      3.044554
  415.0      6.429620     23.202903      3.906016      2.971308
  420.0      7.716827     22.893197      3.993462      2.869359
  425.0      9.068438     22.482316      4.081745      2.755573
  430.0     10.222778     21.999218      4.151582      2.647947
  435.0     11.081678     21.471719      4.196524      2.554589
  440.0     11.710480     20.926489      4.222961      2.473714
  445.0     12.181632     20.390150      4.237840      2.403113
  450.0     12.567586     19.889323      4.248106      2.340572
  455.0     12.933653     19.446919      4.259965      2.283997
  460.0     13.295671     19.060117      4.274484      2.232109
  465.0     13.648516     18.715195      4.290551      2.183974
  470.0     13.986986     18.398393      4.307045      2.138657
  475.0     14.305881     18.095949      4.322849      2.095227
  480.0     14.600000     17.794102      4.336842      2.052749
  485.0     14.864144     17.479090      4.347905      2.010291
  490.0     15.093730     17.138823      4.355047      1.967038
  495.0     15.289390     16.775256      4.358357      1.923174
  500.0     15.454367     16.397384      4.358464      1.879383
  505.0     15.591921     16.014253      4.356002      1.836353
  510.0     15.705314     15.634912      4.351604      1.794772
  515.0     15.797809     15.268407      4.345904      1.755328
  520.0     15.872666     14.923785      4.339536      1.718708
  525.0     15.933148     14.610093      4.333133      1.685600
  530.0     15.982461     14.336115      4.327313      1.656670
  535.0     16.022430     14.103991      4.322309      1.632035
  540.0     16.053421     13.908856      4.317941      1.611234
  545.0     16.075732     13.745514      4.314016      1.593777
  550.0     16.089660     13.608768      4.310335      1.579174
  555.0     16.095503     13.493419      4.306703      1.566936
  560.0     16.093557     13.394272      4.302923      1.556574
  565.0     16.084130     13.306146      4.298801      1.547599
  570.0     16.068431     13.225431      4.294304      1.539636
  575.0     16.049287     13.151325      4.289689      1.532504
  580.0     16.029688     13.083319      4.285243      1.526049
  585.0     16.012627     13.020902      4.281252      1.520111
  590.0     16.001097     12.963565      4.278003      1.514535
  595.0     15.998091     12.910798      4.275784      1.509163
  600.0     16.006600     12.862091      4.274882      1.503838
  605.0     16.029616     12.816934      4.275582      1.498402
  610.0     16.070134     12.774817      4.278172      1.492698
  615.0     16.131144     12.735231      4.282940      1.486570
  620.0     16.215639     12.697665      4.290171      1.479859
  625.0     16.325587     12.661474      4.300046      1.472432
  630.0     16.459091     12.625497      4.312343      1.464238
  635.0     16.613344     12.588455      4.326748      1.455247
  640.0     16.785542     12.549068      4.342943      1.445429
  645.0     16.972879     12.506056      4.360612      1.434754
  650.0     17.172548     12.458138      4.379441      1.423192
  655.0     17.381744     12.404034      4.399112      1.410714
  660.0     17.597661     12.342464      4.419311      1.397288
  665.0     17.817494     12.272148      4.439720      1.382884
  670.0     18.038436     12.191806      4.460024      1.367474
  675.0     18.257682     12.100157      4.479908      1.351026
  680.0     18.472426     11.995921      4.499054      1.333511
  685.0     18.679862     11.877819      4.517148      1.314898
  690.0     18.877192     11.744578      4.533873      1.295158
  695.0     19.062516     11.595922      4.549030      1.274328
  700.0     19.235739     11.433569      4.562647      1.252574
  705.0     19.396976     11.259472      4.574780      1.230078
  710.0     19.546343     11.075585      4.585484      1.207025
  715.0     19.683957     10.883862      4.594815      1.183597
  720.0     19.809933     10.686256      4.602829      1.159976
  725.0     19.924388     10.484722      4.609580      1.136346
  730.0     20.027437     10.281212      4.615126      1.112890
  735.0     20.119198     10.077681      4.619521      1.089789
  740.0     20.199785      9.876082      4.622821      1.067227
  745.0     20.269316      9.678369      4.625082      1.045388
  750.0     20.327906      9.486495      4.626359      1.024452
  755.0     20.375672      9.302414      4.626708      1.004605
  760.0     20.412729      9.128081      4.626185      0.986027
  765.0     20.439194      8.965448      4.624845      0.968903
  770.0     20.455183      8.816469      4.622744      0.953415
  775.0     20.460812      8.683098      4.619937      0.939746
  780.0     20.456332      8.566676      4.616482      0.928014
  785.0     20.442507      8.466233      4.612436      0.918102
  790.0     20.420218      8.380255      4.607862      0.909833
  795.0     20.390348      8.307231      4.602818      0.903032
  800.0     20.353780      8.245647      4.597365      0.897522
  805.0     20.311395      8.193990      4.591562      0.893129
  810.0     20.264077      8.150747      4.585471      0.889677
  815.0     20.212707      8.114404      4.579152      0.886990
  820.0     20.158169      8.083449      4.572663      0.884892
  825.0     20.101345      8.056369      4.566066      0.883209
  830.0     20.043117      8.031650      4.559421      0.881763
  835.0     19.984367      8.007780      4.552788      0.880381
  840.0     19.925979      7.983245      4.546227      0.878886
  845.0     19.868835      7.956532      4.539798      0.877102
  850.0     19.813817      7.926128      4.533561      0.874854
  855.0     19.761807      7.890521      4.527577      0.871966
  860.0     19.713689      7.848197      4.521905      0.868263
  865.0     19.670344      7.797643      4.516606      0.863569
  870.0     19.632656      7.737345      4.511740      0.857709
  875.0     19.601506      7.665792      4.507367      0.850506
  880.0     19.577777      7.581469      4.503547      0.841786
  885.0     19.562351      7.482864      4.500341      0.831372
  890.0     19.555847      7.368933      4.497789      0.819144
  895.0     19.557356      7.241331      4.495823      0.805297
  900.0     19.565428      7.102676      4.494338      0.790138
  905.0     19.578612      6.955588      4.493225      0.773975
  910.0     19.595456      6.802685      4.492378      0.757116
  915.0     19.614508      6.646586      4.491690      0.739867
  920.0     19.634318      6.489911      4.491054      0.722538
  925.0     19.653432      6.335279      4.490363      0.705435
  930.0     19.670400      6.185309      4.489510      0.688867
  935.0     19.683771      6.042619      4.488389      0.673140
  940.0     19.692093      5.909831      4.486892      0.658562
  945.0     19.693913      5.789561      4.484912      0.645442
  950.0     19.687782      5.684430      4.482343      0.634086
  955.0     19.672255      5.597041      4.479079      0.624801
  960.0     19.646860      5.528165      4.475083      0.617677
  965.0     19.612954      5.475121      4.470457      0.612401
  970.0     19.572100      5.434840      4.465313      0.608612
  975.0     19.525858      5.404256      4.459767      0.605952
  980.0     19.475790      5.380301      4.453932      0.604060
  985.0     19.423458      5.359907      4.447924      0.602579
  990.0     19.370423      5.340007      4.441856      0.601148
  995.0     19.318247      5.317534      4.435843      0.599408
 1000.0     19.268491      5.289420      4.430000      0.597000
 1005.0     19.222403      5.253337      4.424419      0.593650
 1010.0     19.179972      5.209912      4.419110      0.589428
 1015.0     19.140876      5.160511      4.414061      0.584491
 1020.0     19.104791      5.106500      4.409261      0.578994
 1025.0     19.071392      5.049245      4.404696      0.573094
 1030.0     19.040357      4.990111      4.400356      0.566946
 1035.0     19.011362      4.930465      4.396228      0.560707
 1040.0     18.984082      4.871672      4.392300      0.554532
 1045.0     18.958195      4.815098      4.388562      0.548578
 1050.0     18.933376      4.762110      4.385000      0.543000
 1055.0     18.909337      4.713768      4.381602      0.537921
 1060.0     18.885931      4.669911      4.378347      0.533324
 1065.0     18.863044      4.630075      4.375216      0.529162
 1070.0     18.840566      4.593793      4.372188      0.525383
 1075.0     18.818382      4.560600      4.369241      0.521939
 1080.0     18.796382      4.530031      4.366355      0.518779
 1085.0     18.774452      4.501620      4.363508      0.515855
 1090.0     18.752480      4.474901      4.360681      0.513117
 1095.0     18.730354      4.449410      4.357852      0.510515
 1100.0     18.707961      4.424680      4.355000      0.508000
 1105.0     18.685220      4.400317      4.352110      0.505529
 1110.0     18.662175      4.376208      4.349184      0.503090
 1115.0     18.638900      4.352313      4.346232      0.500677
 1120.0     18.615469      4.328590      4.343261      0.498284
 1125.0     18.591957      4.304999      4.340280      0.495904
 1130.0     18.568439      4.281497      4.337297      0.493533
 1135.0     18.544989      4.258043      4.334320      0.491165
 1140.0     18.521682      4.234597      4.331358      0.488794
 1145.0     18.498591      4.211117      4.328420      0.486414
 1150.0     18.475792      4.187562      4.325513      0.484019
 1155.0     18.453360      4.163890      4.322645      0.481604
 1160.0     18.431368      4.140061      4.319826      0.479163
 1165.0     18.409891      4.116032      4.317063      0.476690
 1170.0     18.389003      4.091764      4.314364      0.474179
 1175.0     18.368780      4.067214      4.311739      0.471624
 1180.0     18.349296      4.042341      4.309195      0.469021
 1185.0     18.330625      4.017105      4.306741      0.466363
 1190.0     18.312842      3.991463      4.304385      0.463643
 1195.0     18.296020      3.965376      4.302135      0.460858
 1200.0     18.280236      3.938800      4.300000      0.458000
 1205.0     18.265540      3.911721      4.297985      0.455067
 1210.0     18.251892      3.884225      4.296088      0.452071
 1215.0     18.239228      3.856425      4.294301      0.449024
 1220.0     18.227486      3.828431      4.292619      0.445941
 1225.0     18.216602      3.800357      4.291035      0.442835
 1230.0     18.206512      3.772313      4.289545      0.439721
 1235.0     18.197153      3.744412      4.288140      0.436612
 1240.0     18.188463      3.716766      4.286817      0.433522
 1245.0     18.180377      3.689487      4.285567      0.430466
 1250.0     18.172832      3.662687      4.284386      0.427456
 1255.0     18.165765      3.636477      4.283268      0.424508
 1260.0     18.159113      3.610971      4.282205      0.421634
 1265.0     18.152811      3.586279      4.281193      0.418848
 1270.0     18.146798      3.562513      4.280225      0.416166
 1275.0     18.141009      3.539786      4.279294      0.413599
 1280.0     18.135382      3.518210      4.278396      0.411163
 1285.0     18.129852      3.497896      4.277523      0.408871
 1290.0     18.124356      3.478957      4.276671      0.406738
 1295.0     18.118832      3.461504      4.275831      0.404776
 1300.0     18.113216      3.445650      4.275000      0.403000
 1305.0     18.107458      3.431467      4.274171      0.401419
 1310.0     18.101565      3.418871      4.273345      0.400023
 1315.0     18.095557      3.407738      4.272522      0.398798
 1320.0     18.089454      3.397945      4.271704      0.397729
 1325.0     18.083277      3.389369      4.270891      0.396802
 1330.0     18.077046      3.381886      4.270085      0.396002
 1335.0     18.070781      3.375373      4.269285      0.395314
 1340.0     18.064503      3.369707      4.268495      0.394724
 1345.0     18.058231      3.364763      4.267713      0.394218
 1350.0     18.051987      3.360419      4.266941      0.393781
 1355.0     18.045790      3.356551      4.266181      0.393398
 1360.0     18.039661      3.353036      4.265433      0.393055
 1365.0     18.033620      3.349750      4.264698      0.392737
 1370.0     18.027687      3.346570      4.263977      0.392430
 1375.0     18.021882      3.343372      4.263271      0.392119
 1380.0     18.016227      3.340034      4.262581      0.391790
 1385.0     18.010741      3.336430      4.261908      0.391428
 1390.0     18.005444      3.332439      4.261253      0.391019
 1395.0     18.000357      3.327937      4.260616      0.390548
 1400.0     17.995500      3.322800      4.260000      0.390000
 1405.0     17.990887      3.316936      4.259404      0.389365
 1410.0     17.986505      3.310376      4.258827      0.388647
 1415.0     17.982336      3.303184      4.258268      0.387852
 1420.0     17.978360      3.295422      4.257725      0.386989
 1425.0     17.974559      3.287154      4.257197      0.386066
 1430.0     17.970913      3.278441      4.256682      0.385088
 1435.0     17.967404      3.269347      4.256178      0.384065
 1440.0     17.964013      3.259934      4.255685      0.383004
 1445.0     17.960720      3.250266      4.255200      0.381911
 1450.0     17.957508      3.240404      4.254723      0.380795
 1455.0     17.954356      3.230413      4.254250      0.379663
 1460.0     17.951246      3.220354      4.253782      0.378523
 1465.0     17.948159      3.210291      4.253317      0.377382
 1470.0     17.945076      3.200287      4.252852      0.376248
 1475.0     17.941978      3.190403      4.252387      0.375127
 1480.0     17.938846      3.180703      4.251920      0.374028
 1485.0     17.935661      3.171250      4.251449      0.372959
 1490.0     17.932404      3.162107      4.250973      0.371926
 1495.0     17.929057      3.153336      4.250491      0.370937
 1500.0     17.925600      3.145000      4.250000      0.370000
 1505.0     17.922020      3.137145      4.249500      0.369120
 1510.0     17.918327      3.129746      4.248992      0.368294
 1515.0     17.914536      3.122762      4.248477      0.367517
 1520.0     17.910663      3.116152      4.247956      0.366785
 1525.0     17.906723      3.109874      4.247431      0.366092
 1530.0     17.902732      3.103887      4.246904      0.365432
 1535.0     17.898705      3.098149      4.246375      0.364803
 1540.0     17.894658      3.092618      4.245846      0.364197
 1545.0     17.890607      3.087254      4.245318      0.363610
 1550.0     17.886565      3.082014      4.244793      0.363038
 1555.0     17.882551      3.076858      4.244272      0.362475
 1560.0     17.878577      3.071744      4.243757      0.361917
 1565.0     17.874661      3.066630      4.243249      0.361357
 1570.0     17.870818      3.061475      4.242749      0.360792
 1575.0     17.867063      3.056237      4.242259      0.360216
 1580.0     17.863411      3.050876      4.241779      0.359624
 1585.0     17.859879      3.045349      4.241312      0.359012
 1590.0     17.856481      3.039615      4.240859      0.358373
 1595.0     17.853233      3.033632      4.240421      0.357705
 1600.0     17.850151      3.027360      4.240000      0.357000
 1605.0     17.847246      3.020770      4.239596      0.356256
 1610.0     17.844517      3.013891      4.239210      0.355477
 1615.0     17.841958      3.006764      4.238842      0.354667
 1620.0     17.839562      2.999431      4.238491      0.353831
 1625.0     17.837325      2.991935      4.238156      0.352974
 1630.0     17.835241      2.984316      4.237839      0.352102
 1635.0     17.833304      2.976617      4.237537      0.351218
 1640.0     17.831509      2.968879      4.237252      0.350329
 1645.0     17.829849      2.961145      4.236983      0.349438
 1650.0     17.828320      2.953457      4.236730      0.348552
 1655.0     17.826915      2.945855      4.236491      0.347674
 1660.0     17.825629      2.938383      4.236268      0.346811
 1665.0     17.824457      2.931081      4.236060      0.345966
 1670.0     17.823391      2.923992      4.235867      0.345145
 1675.0     17.822428      2.917158      4.235688      0.344353
 1680.0     17.821561      2.910620      4.235523      0.343595
 1685.0     17.820785      2.904421      4.235372      0.342876
 1690.0     17.820094      2.898601      4.235235      0.342200
 1695.0     17.819482      2.893204      4.235111      0.341573
 1700.0     17.818944      2.888270      4.235000      0.341000
 1705.0     17.818475      2.883827      4.234902      0.340484
 1710.0     17.818075      2.879839      4.234816      0.340020
 1715.0     17.817744      2.876257      4.234743      0.339603
 1720.0     17.817485      2.873031      4.234682      0.339227
 1725.0     17.817297      2.870110      4.234631      0.338886
 1730.0     17.817181      2.867446      4.234592      0.338575
 1735.0     17.817139      2.864986      4.234564      0.338287
 1740.0     17.817171      2.862683      4.234546      0.338016
 1745.0     17.817278      2.860485      4.234537      0.337758
 1750.0     17.817461      2.858342      4.234539      0.337504
 1755.0     17.817721      2.856206      4.234549      0.337251
 1760.0     17.818059      2.854025      4.234569      0.336992
 1765.0     17.818476      2.851750      4.234597      0.336721
 1770.0     17.818972      2.849330      4.234633      0.336433
 1775.0     17.819549      2.846716      4.234677      0.336120
 1780.0     17.820206      2.843857      4.234728      0.335779
 1785.0     17.820947      2.840705      4.234786      0.335402
 1790.0     17.821770      2.837207      4.234851      0.334983
 1795.0     17.822677      2.833316      4.234923      0.334518
 1800.0     17.823669      2.828980      4.235000      0.334000
 1805.0     17.824749      2.824165      4.235083      0.333425
 1810.0     17.825925      2.818900      4.235174      0.332796
 1815.0     17.827210      2.813227      4.235273      0.332118
 1820.0     17.828614      2.807190      4.235383      0.331397
 1825.0     17.830149      2.800833      4.235506      0.330636
 1830.0     17.831826      2.794199      4.235643      0.329842
 1835.0     17.833655      2.787332      4.235795      0.329020
 1840.0     17.835649      2.780276      4.235966      0.328174
 1845.0     17.837819      2.773073      4.236155      0.327309
 1850.0     17.840175      2.765767      4.236365      0.326430
 1855.0     17.842729      2.758402      4.236599      0.325543
 1860.0     17.845493      2.751022      4.236856      0.324652
 1865.0     17.848477      2.743670      4.237140      0.323763
 1870.0     17.851692      2.736389      4.237451      0.322880
 1875.0     17.855150      2.729223      4.237792      0.322009
 1880.0     17.858862      2.722215      4.238164      0.321154
 1885.0     17.862840      2.715409      4.238570      0.320321
 1890.0     17.867094      2.708849      4.239009      0.319514
 1895.0     17.871635      2.702578      4.239486      0.318739
 1900.0     17.876476      2.696640      4.240000      0.318000
 1905.0     17.881616      2.691068      4.240553      0.317302
 1910.0     17.887012      2.685855      4.241139      0.316644
 1915.0     17.892610      2.680986      4.241752      0.316025
 1920.0     17.898356      2.676445      4.242385      0.315442
 1925.0     17.904197      2.672214      4.243032      0.314896
 1930.0     17.910077      2.668278      4.243687      0.314384
 1935.0     17.915944      2.664621      4.244342      0.313905
 1940.0     17.921744      2.661225      4.244992      0.313457
 1945.0     17.927421      2.658076      4.245630      0.313039
 1950.0     17.932923      2.655155      4.246249      0.312650
 1955.0     17.938195      2.652449      4.246844      0.312287
 1960.0     17.943183      2.649939      4.247407      0.311950
 1965.0     17.947834      2.647610      4.247932      0.311638
 1970.0     17.952093      2.645446      4.248412      0.311348
 1975.0     17.955907      2.643429      4.248842      0.311079
 1980.0     17.959220      2.641545      4.249214      0.310829
 1985.0     17.961981      2.639776      4.249523      0.310598
 1990.0     17.964133      2.638106      4.249761      0.310384
 1995.0     17.965624      2.636520      4.249922      0.310185
 2000.0     17.966400      2.635000      4.250000      0.310000
 2005.0     17.966428      2.633529      4.249991      0.309827
 2010.0     17.965768      2.632083      4.249901      0.309663
 2015.0     17.964498      2.630636      4.249740      0.309503
 2020.0     17.962700      2.629162      4.249517      0.309346
 2025.0     17.960454      2.627636      4.249240      0.309185
 2030.0     17.957840      2.626032      4.248920      0.309019
 2035.0     17.954938      2.624324      4.248566      0.308843
 2040.0     17.951829      2.622486      4.248186      0.308654
 2045.0     17.948594      2.620493      4.247790      0.308448
 2050.0     17.945312      2.618318      4.247387      0.308221
 2055.0     17.942063      2.615938      4.246986      0.307969
 2060.0     17.938929      2.613324      4.246597      0.307690
 2065.0     17.935990      2.610452      4.246228      0.307378
 2070.0     17.933325      2.607297      4.245889      0.307032
 2075.0     17.931016      2.603832      4.245590      0.306646
 2080.0     17.929142      2.600031      4.245338      0.306217
 2085.0     17.927784      2.595869      4.245145      0.305742
 2090.0     17.927022      2.591321      4.245017      0.305216
 2095.0     17.926937      2.586359      4.244966      0.304637
 2100.0     17.927609      2.580960      4.245000      0.304000
 2105.0     17.929093      2.575107      4.245125      0.303303
 2110.0     17.931345      2.568827      4.245337      0.302550
 2115.0     17.934294      2.562158      4.245627      0.301746
 2120.0     17.937872      2.555137      4.245989      0.300895
 2125.0     17.942009      2.547801      4.246413      0.300003
 2130.0     17.946635      2.540187      4.246892      0.299074
 2135.0     17.951681      2.532334      4.247419      0.298114
 2140.0     17.957077      2.524277      4.247985      0.297127
 2145.0     17.962754      2.516055      4.248582      0.296118
 2150.0     17.968641      2.507704      4.249203      0.295092
 2155.0     17.974669      2.499263      4.249841      0.294055
 2160.0     17.980770      2.490768      4.250486      0.293010
 2165.0     17.986872      2.482256      4.251132      0.291964
 2170.0     17.992907      2.473766      4.251770      0.290921
 2175.0     17.998804      2.465333      4.252392      0.289885
 2180.0     18.004495      2.456996      4.252992      0.288863
 2185.0     18.009910      2.448792      4.253560      0.287858
 2190.0     18.014979      2.440758      4.254089      0.286876
 2195.0     18.019632      2.432932      4.254572      0.285922
 2200.0     18.023800      2.425350      4.255000      0.285000
 2205.0     18.027435      2.418041      4.255368      0.284115
 2210.0     18.030579      2.410996      4.255681      0.283264
 2215.0     18.033292      2.404198      4.255945      0.282446
 2220.0     18.035638      2.397627      4.256169      0.281658
 2225.0     18.037679      2.391267      4.256359      0.280897
 2230.0     18.039478      2.385100      4.256522      0.280161
 2235.0     18.041096      2.379107      4.256665      0.279447
 2240.0     18.042597      2.373270      4.256796      0.278752
 2245.0     18.044043      2.367572      4.256922      0.278074
 2250.0     18.045496      2.361995      4.257049      0.277411
 2255.0     18.047018      2.356521      4.257186      0.276759
 2260.0     18.048673      2.351131      4.257339      0.276117
 2265.0     18.050522      2.345809      4.257515      0.275481
 2270.0     18.052629      2.340535      4.257721      0.274849
 2275.0     18.055054      2.335293      4.257965      0.274219
 2280.0     18.057862      2.330064      4.258254      0.273588
 2285.0     18.061113      2.324830      4.258595      0.272953
 2290.0     18.064872      2.319573      4.258995      0.272312
 2295.0     18.069200      2.314276      4.259461      0.271661
 2300.0     18.074159      2.308920      4.260000      0.271000
 2305.0     18.079794      2.303490      4.260618      0.270325
 2310.0     18.086073      2.297982      4.261310      0.269636
 2315.0     18.092949      2.292393      4.262071      0.268933
 2320.0     18.100371      2.286721      4.262896      0.268217
 2325.0     18.108290      2.280963      4.263778      0.267487
 2330.0     18.116658      2.275117      4.264712      0.266744
 2335.0     18.125426      2.269181      4.265691      0.265988
 2340.0     18.134543      2.263153      4.266711      0.265218
 2345.0     18.143961      2.257031      4.267766      0.264435
 2350.0     18.153631      2.250812      4.268849      0.263640
 2355.0     18.163504      2.244494      4.269955      0.262831
 2360.0     18.173531      2.238074      4.271079      0.262010
 2365.0     18.183661      2.231551      4.272214      0.261177
 2370.0     18.193848      2.224922      4.273355      0.260331
 2375.0     18.204040      2.218185      4.274496      0.259472
 2380.0     18.214189      2.211338      4.275631      0.258602
 2385.0     18.224247      2.204378      4.276755      0.257719
 2390.0     18.234163      2.197303      4.277861      0.256825
 2395.0     18.243889      2.190111      4.278945      0.255918
 2400.0     18.253375      2.182800      4.280000      0.255000
 2405.0     18.262587      2.175369      4.281022      0.254070
 2410.0     18.271550      2.167823      4.282015      0.253130
 2415.0     18.280303      2.160171      4.282982      0.252178
 2420.0     18.288884      2.152420      4.283928      0.251218
 2425.0     18.297333      2.144577      4.284858      0.250247
 2430.0     18.305688      2.136649      4.285777      0.249269
 2435.0     18.313990      2.128645      4.286689      0.248282
 2440.0     18.322277      2.120572      4.287599      0.247288
 2445.0     18.330587      2.112436      4.288511      0.246287
 2450.0     18.338961      2.104246      4.289429      0.245280
 2455.0     18.347437      2.096010      4.290359      0.244267
 2460.0     18.356055      2.087734      4.291305      0.243249
 2465.0     18.364853      2.079425      4.292272      0.242227
 2470.0     18.373870      2.071093      4.293264      0.241201
 2475.0     18.383147      2.062743      4.294285      0.240172
 2480.0     18.392720      2.054384      4.295341      0.239141
 2485.0     18.402631      2.046022      4.296436      0.238107
 2490.0     18.412918      2.037666      4.297574      0.237072
 2495.0     18.423619      2.029323      4.298761      0.236036
 2500.0     18.434775      2.021000      4.300000      0.235000
 2505.0     18.446416      2.012701      4.301295      0.233964
 2510.0     18.458539      2.004413      4.302647      0.232927
 2515.0     18.471134      1.996119      4.304053      0.231886
 2520.0     18.484191      1.987803      4.305512      0.230841
 2525.0     18.497699      1.979447      4.307023      0.229789
 2530.0     18.511647      1.971036      4.308584      0.228728
 2535.0     18.526026      1.962552      4.310195      0.227657
 2540.0     18.540824      1.953979      4.311854      0.226574
 2545.0     18.556030      1.945300      4.313559      0.225478
 2550.0     18.571635      1.936497      4.315309      0.224366
 2555.0     18.587628      1.927556      4.317103      0.223236
 2560.0     18.603999      1.918458      4.318940      0.222088
 2565.0     18.620736      1.909187      4.320818      0.220918
 2570.0     18.637829      1.899726      4.322735      0.219726
 2575.0     18.655268      1.890059      4.324691      0.218510
 2580.0     18.673043      1.880168      4.326684      0.217268
 2585.0     18.691142      1.870038      4.328713      0.215997
 2590.0     18.709555      1.859651      4.330776      0.214697
 2595.0     18.728271      1.848991      4.332872      0.213365
 2600.0     18.747281      1.838040      4.335000      0.212000
 2605.0     18.766571      1.826790      4.337158      0.210601
 2610.0     18.786116      1.815263      4.339343      0.209170
 2615.0     18.805891      1.803489      4.341553      0.207711
 2620.0     18.825868      1.791497      4.343785      0.206228
 2625.0     18.846021      1.779318      4.346035      0.204724
 2630.0     18.866323      1.766980      4.348300      0.203201
 2635.0     18.886747      1.754514      4.350578      0.201665
 2640.0     18.907268      1.741950      4.352866      0.200119
 2645.0     18.927857      1.729316      4.355161      0.198565
 2650.0     18.948489      1.716644      4.357459      0.197007
 2655.0     18.969137      1.703962      4.359758      0.195450
 2660.0     18.989774      1.691301      4.362055      0.193895
 2665.0     19.010373      1.678690      4.364347      0.192348
 2670.0     19.030908      1.666159      4.366631      0.190811
 2675.0     19.051353      1.653738      4.368904      0.189287
 2680.0     19.071679      1.641456      4.371163      0.187781
 2685.0     19.091861      1.629344      4.373405      0.186296
 2690.0     19.111873      1.617431      4.375627      0.184835
 2695.0     19.131687      1.605746      4.377826      0.183402
 2700.0     19.151276      1.594320      4.380000      0.182000
 2705.0     19.170622      1.583158      4.382146      0.180630
 2710.0     19.189736      1.572170      4.384264      0.179282
 2715.0     19.208637      1.561240      4.386358      0.177943
 2720.0     19.227344      1.550253      4.388429      0.176600
 2725.0     19.245875      1.539095      4.390479      0.175239
 2730.0     19.264250      1.527650      4.392510      0.173849
 2735.0     19.282487      1.515804      4.394523      0.172416
 2740.0     19.300606      1.503442      4.396521      0.170927
 2745.0     19.318625      1.490448      4.398506      0.169370
 2750.0     19.336563      1.476707      4.400479      0.167730
 2755.0     19.354440      1.462105      4.402443      0.165997
 2760.0     19.372273      1.446527      4.404398      0.164155
 2765.0     19.390083      1.429858      4.406349      0.162193
 2770.0     19.407887      1.411983      4.408295      0.160098
 2775.0     19.425705      1.392786      4.410239      0.157856
 2780.0     19.443556      1.372153      4.412184      0.155455
 2785.0     19.461458      1.349969      4.414130      0.152882
 2790.0     19.479431      1.326119      4.416080      0.150124
 2795.0     19.497493      1.300487      4.418036      0.147167
 2800.0     19.515664      1.272960      4.420000      0.144000
 2805.0     19.533914      1.243486      4.421968      0.140616
 2810.0     19.552024      1.212273      4.423916      0.137039
 2815.0     19.569726      1.179592      4.425815      0.133299
 2820.0     19.586754      1.145716      4.427634      0.129429
 2825.0     19.602839      1.110915      4.429346      0.125458
 2830.0     19.617714      1.075462      4.430919      0.121417
 2835.0     19.631112      1.039629      4.432325      0.117338
 2840.0     19.642765      1.003686      4.433534      0.113251
 2845.0     19.652406      0.967906      4.434516      0.109188
 2850.0     19.659768      0.932561      4.435243      0.105178
 2855.0     19.664582      0.897922      4.435684      0.101254
 2860.0     19.666583      0.864262      4.435810      0.097446
 2865.0     19.665501      0.831851      4.435592      0.093784
 2870.0     19.661071      0.800961      4.435000      0.090300
 2875.0     19.653103      0.771806      4.434013      0.087018
 2880.0     19.641722      0.744367      4.432646      0.083935
 2885.0     19.627135      0.718567      4.430920      0.081043
 2890.0     19.609544      0.694326      4.428860      0.078332
 2895.0     19.589156      0.671569      4.426488      0.075793
 2900.0     19.566173      0.650217      4.423826      0.073416
 2905.0     19.540802      0.630193      4.420898      0.071193
 2910.0     19.513246      0.611419      4.417727      0.069114
 2915.0     19.483710      0.593818      4.414334      0.067170
 2920.0     19.452399      0.577312      4.410744      0.065352
 2925.0     19.419518      0.561824      4.406978      0.063651
 2930.0     19.385270      0.547276      4.403060      0.062058
 2935.0     19.349860      0.533590      4.399013      0.060563
 2940.0     19.313494      0.520689      4.394859      0.059157
 2945.0     19.276375      0.508495      4.390621      0.057831
 2950.0     19.238708      0.496932      4.386322      0.056576
 2955.0     19.200698      0.485920      4.381985      0.055383
 2960.0     19.162549      0.475384      4.377632      0.054242
 2965.0     19.124467      0.465244      4.373287      0.053144
 2970.0     19.086654      0.455424      4.368973      0.052080
 2975.0     19.049317      0.445846      4.364711      0.051042
 2980.0     19.012660      0.436432      4.360526      0.050019
 2985.0     18.976887      0.427106      4.356439      0.049002
 2990.0     18.942202      0.417788      4.352474      0.047983
 2995.0     18.908811      0.408402      4.348653      0.046952
 3000.0     18.876918      0.398871      4.345000      0.045900
 3050.0     18.637984      0.295604      4.317412      0.034252
 3100.0     18.489485      0.195220      4.300000      0.022700
 3150.0     18.364904      0.117972      4.285392      0.013756
 3200.0     18.250938      0.064250      4.272075      0.007514
 3250.0     18.147588      0.029479      4.260000      0.003460
 3300.0     18.054663      0.009290      4.249106      0.001103
 3350.0     17.971210      0.000135      4.239282      0.000032
 3400.0     17.896083      0.000000      4.230405      0.000000
 3450.0     17.828136      0.001563      4.222352      0.000194
 3500.0     17.766225      0.005463      4.215000      0.000648
 3550.0     17.709261      0.007688      4.208230      0.000907
 3600.0     17.656383      0.008179      4.201942      0.000965
 3650.0     17.606787      0.007531      4.196038      0.000890
 3700.0     17.559669      0.006341      4.190423      0.000753
 3750.0     17.514225      0.005206      4.185000      0.000622
 3800.0     17.469823      0.004595      4.179693      0.000552
 3850.0     17.426526      0.004467      4.174510      0.000538
 3900.0     17.384567      0.004655      4.169481      0.000561
 3950.0     17.344180      0.004991      4.164635      0.000600
 4000.0     17.305600      0.005308      4.160000      0.000638
 4050.0     17.268994      0.005475      4.155598      0.000658
 4100.0     17.234260      0.005510      4.151417      0.000663
 4150.0     17.201229      0.005470      4.147437      0.000659
 4200.0     17.169732      0.005412      4.143638      0.000653
 4250.0     17.139600      0.005390      4.140000      0.000651
 4300.0     17.110760      0.005448      4.136515      0.000659
 4350.0     17.083529      0.005577      4.133222      0.000675
 4400.0     17.058321      0.005755      4.130171      0.000697
 4450.0     17.035548      0.005957      4.127413      0.000722
 4500.0     17.015624      0.006163      4.125000      0.000747
 4550.0     16.998832      0.006353      4.122965      0.000770
 4600.0     16.984931      0.006527      4.121281      0.000792
 4650.0     16.973549      0.006686      4.119901      0.000811
 4700.0     16.964316      0.006834      4.118781      0.000829
 4750.0     16.956859      0.006972      4.117876      0.000846
 4800.0     16.950808      0.007103      4.117141      0.000862
 4850.0     16.945790      0.007230      4.116530      0.000878
 4900.0     16.941434      0.007356      4.116000      0.000893
 4950.0     16.937370      0.007483      4.115505      0.000909
 5000.0     16.933224      0.007613      4.115000      0.000925
 5050.0     16.928695      0.007749      4.114448      0.000942
 5100.0     16.923754      0.007891      4.113847      0.000959
 5150.0     16.918440      0.008038      4.113200      0.000977
 5200.0     16.912795      0.008192      4.112512      0.000996
 5250.0     16.906858      0.008351      4.111790      0.001016
 5300.0     16.900669      0.008515      4.111036      0.001036
 5350.0     16.894268      0.008685      4.110257      0.001057
 5400.0     16.887695      0.008859      4.109457      0.001078
 5450.0     16.880990      0.009039      4.108641      0.001100
 5500.0     16.874194      0.009224      4.107814      0.001123
 5550.0     16.867346      0.009414      4.106981      0.001146
 5600.0     16.860486      0.009608      4.106146      0.001170
 5650.0     16.853655      0.009807      4.105315      0.001195
 5700.0     16.846893      0.010010      4.104492      0.001220
 5750.0     16.840238      0.010218      4.103682      0.001245
 5800.0     16.833733      0.010430      4.102890      0.001271
 5850.0     16.827416      0.010646      4.102121      0.001298
 5900.0     16.821328      0.010865      4.101380      0.001325
 5950.0     16.815509      0.011089      4.100671      0.001352
 6000.0     16.809998      0.011316      4.100000      0.001380
 6050.0     16.804824      0.011547      4.099370      0.001408
 6100.0     16.799965      0.011781      4.098778      0.001437
 6150.0     16.795388      0.012020      4.098220      0.001466
 6200.0     16.791059      0.012262      4.097692      0.001496
 6250.0     16.786944      0.012509      4.097191      0.001526
 6300.0     16.783010      0.012760      4.096711      0.001557
 6350.0     16.779224      0.013016      4.096249      0.001588
 6400.0     16.775550      0.013276      4.095800      0.001620
 6450.0     16.771957      0.013542      4.095362      0.001653
 6500.0     16.768410      0.013813      4.094928      0.001686
 6550.0     16.764876      0.014089      4.094497      0.001720
 6600.0     16.761321      0.014371      4.094062      0.001755
 6650.0     16.757712      0.014659      4.093621      0.001790
 6700.0     16.754014      0.014953      4.093169      0.001826
 6750.0     16.750195      0.015253      4.092702      0.001863
 6800.0     16.746220      0.015559      4.092216      0.001901
 6850.0     16.742057      0.015872      4.091707      0.001939
 6900.0     16.737670      0.016191      4.091171      0.001979
 6950.0     16.733028      0.016518      4.090603      0.002019
 7000.0     16.728096      0.016851      4.090000      0.002060
 7050.0     16.722847      0.017192      4.089358      0.002102
 7100.0     16.717276      0.017540      4.088677      0.002145
 7150.0     16.711387      0.017895      4.087957      0.002189
 7200.0     16.705182      0.018257      4.087198      0.002233
 7250.0     16.698663      0.018625      4.086401      0.002279
 7300.0     16.691833      0.019001      4.085566      0.002325
 7350.0     16.684695      0.019383      4.084692      0.002373
 7400.0     16.677249      0.019772      4.083781      0.002421
 7450.0     16.669500      0.020167      4.082833      0.002470
 7500.0     16.661449      0.020568      4.081847      0.002520
 7550.0     16.653100      0.020976      4.080824      0.002570
 7600.0     16.644453      0.021390      4.079765      0.002622
 7650.0     16.635512      0.021810      4.078669      0.002674
 7700.0     16.626280      0.022236      4.077537      0.002727
 7750.0     16.616757      0.022667      4.076369      0.002780
 7800.0     16.606948      0.023104      4.075166      0.002835
 7850.0     16.596855      0.023547      4.073927      0.002890
 7900.0     16.586479      0.023995      4.072653      0.002946
 7950.0     16.575824      0.024449      4.071344      0.003003
 8000.0     16.564891      0.024908      4.070000      0.003060
 8050.0     16.553687      0.025372      4.068622      0.003118
 8100.0     16.542233      0.025842      4.067213      0.003177
 8150.0     16.530554      0.026318      4.065776      0.003237
 8200.0     16.518675      0.026800      4.064314      0.003297
 8250.0     16.506619      0.027288      4.062830      0.003358
 8300.0     16.494413      0.027784      4.061326      0.003421
 8350.0     16.482081      0.028288      4.059807      0.003484
 8400.0     16.469648      0.028800      4.058274      0.003548
 8450.0     16.457138      0.029320      4.056732      0.003614
 8500.0     16.444577      0.029849      4.055183      0.003680
 8550.0     16.431989      0.030387      4.053631      0.003748
 8600.0     16.419399      0.030935      4.052078      0.003817
 8650.0     16.406831      0.031493      4.050527      0.003887
 8700.0     16.394311      0.032061      4.048982      0.003959
 8750.0     16.381864      0.032640      4.047445      0.004032
 8800.0     16.369513      0.033231      4.045921      0.004107
 8850.0     16.357285      0.033833      4.044411      0.004183
 8900.0     16.345204      0.034447      4.042918      0.004260
 8950.0     16.333294      0.035074      4.041447      0.004339
 9000.0     16.321580      0.035714      4.040000      0.004420
 9050.0     16.310077      0.036367      4.038578      0.004502
 9100.0     16.298755      0.037033      4.037179      0.004586
 9150.0     16.287573      0.037711      4.035796      0.004672
 9200.0     16.276492      0.038401      4.034426      0.004759
 9250.0     16.265472      0.039103      4.033062      0.004848
 9300.0     16.254471      0.039816      4.031700      0.004938
 9350.0     16.243451      0.040539      4.030335      0.005029
 9400.0     16.232370      0.041272      4.028962      0.005122
 9450.0     16.221189      0.042015      4.027575      0.005216
 9500.0     16.209867      0.042767      4.026170      0.005312
 9550.0     16.198364      0.043527      4.024741      0.005408
 9600.0     16.186639      0.044296      4.023284      0.005506
 9650.0     16.174654      0.045073      4.021794      0.005604
 9700.0     16.162367      0.045857      4.020265      0.005704
 9750.0     16.149738      0.046647      4.018693      0.005804
 9800.0     16.136727      0.047444      4.017072      0.005906
 9850.0     16.123294      0.048247      4.015397      0.006008
 9900.0     16.109399      0.049055      4.013663      0.006111
 9950.0     16.095001      0.049868      4.011866      0.006215
10000.0     16.080060      0.050686      4.010000      0.006320
10050.0     16.064546      0.051508      4.008061      0.006425
10100.0     16.048468      0.052334      4.006051      0.006531
10150.0     16.031846      0.053164      4.003972      0.006638
10200.0     16.014698      0.053999      4.001826      0.006745
10250.0     15.997044      0.054839      3.999615      0.006853
10300.0     15.978904      0.055683      3.997343      0.006963
10350.0     15.960295      0.056533      3.995010      0.007072
10400.0     15.941239      0.057389      3.992621      0.007183
10450.0     15.921753      0.058250      3.990176      0.007295
10500.0     15.901858      0.059117      3.987679      0.007407
10550.0     15.881572      0.059991      3.985132      0.007521
10600.0     15.860914      0.060870      3.982536      0.007636
10650.0     15.839905      0.061756      3.979895      0.007751
10700.0     15.818562      0.062649      3.977211      0.007868
10750.0     15.796906      0.063549      3.974486      0.007986
10800.0     15.774956      0.064456      3.971723      0.008105
10850.0     15.752730      0.065370      3.968924      0.008225
10900.0     15.730249      0.066292      3.966090      0.008347
10950.0     15.707531      0.067222      3.963226      0.008470
11000.0     15.684595      0.068159      3.960332      0.008594
11050.0     15.661462      0.069105      3.957412      0.008719
11100.0     15.638149      0.070059      3.954467      0.008846
11150.0     15.614677      0.071022      3.951501      0.008974
11200.0     15.591064      0.071994      3.948515      0.009104
11250.0     15.567331      0.072975      3.945512      0.009235
11300.0     15.543495      0.073965      3.942493      0.009367
11350.0     15.519577      0.074965      3.939463      0.009501
11400.0     15.495595      0.075974      3.936422      0.009637
11450.0     15.471569      0.076994      3.933373      0.009774
11500.0     15.447518      0.078023      3.930319      0.009913
11550.0     15.423461      0.079063      3.927262      0.010054
11600.0     15.399418      0.080113      3.924205      0.010196
11650.0     15.375408      0.081174      3.921148      0.010340
11700.0     15.351449      0.082246      3.918096      0.010486
11750.0     15.327562      0.083329      3.915051      0.010634
11800.0     15.303766      0.084424      3.912014      0.010783
11850.0     15.280079      0.085530      3.908988      0.010934
11900.0     15.256521      0.086648      3.905975      0.011088
11950.0     15.233112      0.087778      3.902978      0.011243
12000.0     15.209870      0.088920      3.900000      0.011400
12050.0     15.186811      0.090075      3.897042      0.011559
12100.0     15.163936      0.091241      3.894104      0.011720
12150.0     15.141242      0.092419      3.891185      0.011883
12200.0     15.118725      0.093607      3.888287      0.012048
12250.0     15.096384      0.094806      3.885408      0.012214
12300.0     15.074214      0.096015      3.882549      0.012382
12350.0     15.052214      0.097232      3.879708      0.012551
12400.0     15.030380      0.098458      3.876887      0.012722
12450.0     15.008708      0.099692      3.874084      0.012894
12500.0     14.987197      0.100934      3.871299      0.013066
12550.0     14.965843      0.102183      3.868532      0.013240
12600.0     14.944644      0.103437      3.865783      0.013415
12650.0     14.923595      0.104698      3.863051      0.013591
12700.0     14.902695      0.105964      3.860337      0.013768
12750.0     14.881941      0.107235      3.857639      0.013945
12800.0     14.861329      0.108509      3.854959      0.014122
12850.0     14.840856      0.109787      3.852295      0.014301
12900.0     14.820520      0.111069      3.849647      0.014479
12950.0     14.800317      0.112352      3.847015      0.014658
13000.0     14.780245      0.113638      3.844399      0.014837
13050.0     14.760301      0.114925      3.841798      0.015016
13100.0     14.740482      0.116213      3.839213      0.015195
13150.0     14.720784      0.117501      3.836643      0.015374
13200.0     14.701205      0.118789      3.834087      0.015552
13250.0     14.681742      0.120075      3.831546      0.015731
13300.0     14.662392      0.121361      3.829020      0.015909
13350.0     14.643151      0.122644      3.826507      0.016086
13400.0     14.624018      0.123925      3.824008      0.016263
13450.0     14.604989      0.125203      3.821522      0.016439
13500.0     14.586061      0.126477      3.819050      0.016614
13550.0     14.567231      0.127747      3.816591      0.016788
13600.0     14.548496      0.129013      3.814144      0.016962
13650.0     14.529854      0.130273      3.811710      0.017134
13700.0     14.511300      0.131527      3.809288      0.017305
13750.0     14.492833      0.132774      3.806878      0.017474
13800.0     14.474450      0.134015      3.804480      0.017643
13850.0     14.456147      0.135248      3.802094      0.017810
13900.0     14.437921      0.136473      3.799718      0.017975
13950.0     14.419770      0.137690      3.797354      0.018138
14000.0     14.401690      0.138897      3.795000      0.018300
14050.0     14.383679      0.140095      3.792657      0.018460
14100.0     14.365737      0.141283      3.790324      0.018618
14150.0     14.347862      0.142461      3.788002      0.018774
14200.0     14.330055      0.143630      3.785689      0.018928
14250.0     14.312315      0.144789      3.783387      0.019081
14300.0     14.294641      0.145939      3.781096      0.019231
14350.0     14.277034      0.147079      3.778814      0.019380
14400.0     14.259492      0.148210      3.776542      0.019527
14450.0     14.242016      0.149332      3.774280      0.019672
14500.0     14.224605      0.150444      3.772028      0.019816
14550.0     14.207259      0.151548      3.769785      0.019958
14600.0     14.189977      0.152642      3.767553      0.020098
14650.0     14.172759      0.153727      3.765329      0.020236
14700.0     14.155604      0.154803      3.763116      0.020373
14750.0     14.138512      0.155870      3.760912      0.020507
14800.0     14.121483      0.156929      3.758717      0.020641
14850.0     14.104516      0.157978      3.756531      0.020772
14900.0     14.087611      0.159019      3.754355      0.020902
14950.0     14.070768      0.160051      3.752188      0.021030
