#Lambda        Dielectric Constant          Refractive Index
# [nm]        [Real]        [Imag]        [Real]        [Imag]
   85.0      0.488302      0.280160      0.725337      0.192886
   90.0      0.409912      0.382105      0.696778      0.273873
   95.0      0.369469      0.484280      0.699550      0.346057
  100.0      0.353142      0.524006      0.701584      0.373629
  105.0      0.340342      0.538199      0.698986      0.385010
  110.0      0.321438      0.590043      0.704802      0.418478
  115.0      0.299976      0.637746      0.708680      0.449979
  120.0      0.258466      0.651849      0.692874      0.470454
  125.0      0.202890      0.688369      0.678272      0.507452
  130.0      0.155353      0.751786      0.679231      0.553464
  135.0      0.078656      0.870518      0.690589      0.629782
  140.0      0.061445      0.940127      0.708381      0.664104
  145.0      0.119648      0.919908      0.723737      0.635730
  150.0      0.144091      0.891896      0.723450      0.616053
  155.0      0.126825      0.886600      0.715000      0.620000
  160.0      0.099886      0.905708      0.711151      0.636860
  165.0      0.070339      0.935461      0.710094      0.658690
  170.0      0.038525      0.961406      0.707266      0.679651
  175.0      0.002707      0.984161      0.702403      0.700559
  180.0     -0.039324      1.008550      0.696477      0.724056
  185.0     -0.087239      1.034498      0.689627      0.750089
  190.0     -0.138660      1.057952      0.681313      0.776421
  195.0     -0.191671      1.075457      0.671054      0.801211
  200.0     -0.247564      1.087889      0.658838      0.825436
  205.0     -0.308844      1.097767      0.644833      0.851133
  210.0     -0.377994      1.107583      0.629247      0.880260
  215.0     -0.457256      1.119536      0.612774      0.913851
  220.0     -0.548716      1.135636      0.596407      0.952363
  225.0     -0.654461      1.157893      0.581143      0.996244
  230.0     -0.774589      1.187470      0.567869      1.045270
  235.0     -0.899090      1.221214      0.556891      1.095781
  240.0     -1.014746      1.254603      0.548336      1.143032
  245.0     -1.108337      1.283115      0.542329      1.182274
  250.0     -1.167006      1.302369      0.538992      1.208886
  255.0     -1.192076      1.313504      0.538325      1.223174
  260.0     -1.203280      1.324823      0.540168      1.231838
  265.0     -1.221584      1.345114      0.544352      1.242011
  270.0     -1.267955      1.383159      0.550706      1.260821
  275.0     -1.363356      1.447744      0.559061      1.295400
  280.0     -1.524394      1.545547      0.569204      1.351374
  285.0     -1.744093      1.671860      0.580690      1.426230
  290.0     -2.007538      1.818138      0.592997      1.514721
  295.0     -2.299810      1.975837      0.605604      1.611595
  300.0     -2.605991      2.136411      0.617988      1.711600
  305.0     -2.911161      2.291314      0.629628      1.809486
  310.0     -3.200400      2.432000      0.640000      1.900000
  315.0     -3.462398      2.552584      0.648794      1.979116
  320.0     -3.700276      2.657821      0.656540      2.047704
  325.0     -3.920765      2.755125      0.663979      2.107858
  330.0     -4.130595      2.851913      0.671854      2.161671
  335.0     -4.336496      2.955600      0.680905      2.211238
  340.0     -4.545199      3.073599      0.691873      2.258653
  345.0     -4.763434      3.213328      0.705500      2.306011
  350.0     -4.997931      3.382200      0.722527      2.355404
  355.0     -5.255412      3.587624      0.743695      2.408926
  360.0     -5.539288      3.834038      0.769468      2.467880
  365.0     -5.844701      4.118467      0.799621      2.531606
  370.0     -6.165523      4.436796      0.833821      2.599139
  375.0     -6.495625      4.784912      0.871737      2.669516
  380.0     -6.828879      5.158700      0.913038      2.741773
  385.0     -7.159157      5.554045      0.957391      2.814947
  390.0     -7.480329      5.966833      1.004465      2.888073
  395.0     -7.786268      6.392949      1.053928      2.960188
  400.0     -8.070846      6.828279      1.105449      3.030328
  405.0     -8.327934      7.268709      1.158695      3.097529
  410.0     -8.551403      7.710125      1.213335      3.160828
  415.0     -8.735175      8.148438      1.269039      3.219269
  420.0     -8.875992      8.581106      1.325582      3.272320
  425.0     -8.974896      9.007938      1.382897      3.320099
  430.0     -9.033288      9.428941      1.440930      3.362777
  435.0     -9.052569      9.844122      1.499627      3.400526
  440.0     -9.034141     10.253488      1.558937      3.433517
  445.0     -8.979405     10.657044      1.618805      3.461922
  450.0     -8.889762     11.054799      1.679177      3.485912
  455.0     -8.766615     11.446757      1.740001      3.505659
  460.0     -8.611364     11.832927      1.801223      3.521334
  465.0     -8.425410     12.213315      1.862789      3.533110
  470.0     -8.210156     12.587928      1.924647      3.541156
  475.0     -7.967003     12.956772      1.986742      3.545646
  480.0     -7.697351     13.319854      2.049022      3.546750
  485.0     -7.402604     13.677180      2.111432      3.544641
  490.0     -7.084161     14.028759      2.173921      3.539488
  495.0     -6.743425     14.374595      2.236433      3.531465
  500.0     -6.381796     14.714696      2.298916      3.520742
  505.0     -6.000677     15.049069      2.361317      3.507492
  510.0     -5.601468     15.377720      2.423581      3.491885
  515.0     -5.185572     15.700657      2.485656      3.474093
  520.0     -4.754389     16.017884      2.547489      3.454288
  525.0     -4.309321     16.329411      2.609025      3.432641
  530.0     -3.851770     16.635242      2.670211      3.409324
  535.0     -3.383136     16.935386      2.730994      3.384508
  540.0     -2.904822     17.229847      2.791321      3.358365
  545.0     -2.418228     17.518635      2.851138      3.331066
  550.0     -1.924757     17.801754      2.910392      3.302783
  555.0     -1.425809     18.079211      2.969029      3.273687
  560.0     -0.922786     18.351015      3.026997      3.243950
  565.0     -0.417090     18.617170      3.084240      3.213744
  570.0      0.089879     18.877684      3.140707      3.183239
  575.0      0.596718     19.132563      3.196344      3.152608
  580.0      1.102027     19.381815      3.251097      3.122022
  585.0      1.604403     19.625446      3.304913      3.091652
  590.0      2.102446     19.863462      3.357738      3.061670
  595.0      2.594754     20.095871      3.409520      3.032248
  600.0      3.079925     20.322679      3.460205      3.003557
  605.0      3.556559     20.543893      3.509738      2.975769
  610.0      4.023253     20.759519      3.558068      2.949054
  615.0      4.478607     20.969564      3.605141      2.923586
  620.0      4.921218     21.174035      3.650902      2.899534
  625.0      5.349989     21.372934      3.695313      2.877031
  630.0      5.764964     21.566243      3.738386      2.856057
  635.0      6.166454     21.753940      3.780146      2.836556
  640.0      6.554774     21.936005      3.820616      2.818474
  645.0      6.930235     22.112414      3.859823      2.801755
  650.0      7.293151     22.283147      3.897789      2.786344
  655.0      7.643834     22.448182      3.934541      2.772186
  660.0      7.982597     22.607497      3.970102      2.759224
  665.0      8.309753     22.761070      4.004498      2.747405
  670.0      8.625614     22.908880      4.037752      2.736673
  675.0      8.930494     23.050905      4.069890      2.726972
  680.0      9.224704     23.187123      4.100935      2.718248
  685.0      9.508558     23.317513      4.130914      2.710445
  690.0      9.782369     23.442052      4.159849      2.703507
  695.0     10.046449     23.560719      4.187766      2.697380
  700.0     10.301111     23.673493      4.214690      2.692009
  705.0     10.546668     23.780351      4.240645      2.687337
  710.0     10.783432     23.881272      4.265655      2.683310
  715.0     11.011716     23.976234      4.289746      2.679873
  720.0     11.231834     24.065216      4.312941      2.676970
  725.0     11.444097     24.148196      4.335266      2.674546
  730.0     11.648819     24.225151      4.356746      2.672546
  735.0     11.846312     24.296061      4.377403      2.670914
  740.0     12.036889     24.360904      4.397264      2.669596
  745.0     12.220863     24.419658      4.416353      2.668535
  750.0     12.398546     24.472300      4.434695      2.667677
  755.0     12.570252     24.518811      4.452313      2.666967
  760.0     12.736292     24.559167      4.469233      2.666349
  765.0     12.896981     24.593347      4.485480      2.665768
  770.0     13.052630     24.621329      4.501078      2.665169
  775.0     13.203552     24.643093      4.516051      2.664496
  780.0     13.350061     24.658615      4.530424      2.663694
  785.0     13.492468     24.667874      4.544222      2.662708
  790.0     13.631086     24.670849      4.557469      2.661483
  795.0     13.766229     24.667517      4.570190      2.659963
  800.0     13.898210     24.657858      4.582410      2.658094
  805.0     14.027340     24.641849      4.594153      2.655819
  810.0     14.153932     24.619469      4.605444      2.653084
  815.0     14.278300     24.590696      4.616308      2.649834
  820.0     14.400756     24.555507      4.626768      2.646012
  825.0     14.521613     24.513883      4.636850      2.641564
  830.0     14.641166     24.465808      4.646577      2.636439
  835.0     14.759532     24.411353      4.655961      2.630624
  840.0     14.876712     24.350641      4.665005      2.624133
  845.0     14.992706     24.283798      4.673715      2.616978
  850.0     15.107513     24.210947      4.682094      2.609174
  855.0     15.221134     24.132212      4.690146      2.600733
  860.0     15.333569     24.047718      4.697875      2.591670
  865.0     15.444819     23.957590      4.705285      2.581997
  870.0     15.554882     23.861950      4.712381      2.571728
  875.0     15.663760     23.760925      4.719166      2.560876
  880.0     15.771451     23.654637      4.725644      2.549454
  885.0     15.877957     23.543212      4.731820      2.537477
  890.0     15.983277     23.426773      4.737698      2.524958
  895.0     16.087412     23.305444      4.743281      2.511909
  900.0     16.190361     23.179351      4.748574      2.498345
  905.0     16.292125     23.048618      4.753581      2.484279
  910.0     16.392703     22.913368      4.758305      2.469723
  915.0     16.492095     22.773726      4.762752      2.454692
  920.0     16.590302     22.629816      4.766924      2.439199
  925.0     16.687324     22.481763      4.770827      2.423258
  930.0     16.783161     22.329690      4.774463      2.406881
  935.0     16.877812     22.173723      4.777838      2.390082
  940.0     16.971279     22.013985      4.780955      2.372875
  945.0     17.063560     21.850600      4.783818      2.355273
  950.0     17.154656     21.683694      4.786432      2.337289
  955.0     17.244567     21.513390      4.788800      2.318937
  960.0     17.333294     21.339813      4.790926      2.300231
  965.0     17.420835     21.163086      4.792816      2.281182
  970.0     17.507191     20.983334      4.794471      2.261806
  975.0     17.592363     20.800682      4.795898      2.242116
  980.0     17.676350     20.615253      4.797099      2.222124
  985.0     17.759153     20.427173      4.798079      2.201844
  990.0     17.840770     20.236564      4.798842      2.181290
  995.0     17.921204     20.043553      4.799392      2.160475
 1000.0     18.000453     19.848262      4.799732      2.139412
 1005.0     18.078517     19.650816      4.799868      2.118115
 1010.0     18.155397     19.451339      4.799803      2.096597
 1015.0     18.231092     19.249957      4.799542      2.074872
 1020.0     18.305604     19.046792      4.799087      2.052954
 1025.0     18.378931     18.841969      4.798444      2.030854
 1030.0     18.451074     18.635613      4.797616      2.008587
 1035.0     18.522033     18.427848      4.796608      1.986167
 1040.0     18.591807     18.218798      4.795423      1.963606
 1045.0     18.660398     18.008587      4.794066      1.940919
 1050.0     18.727805     17.797340      4.792541      1.918118
 1055.0     18.794028     17.585181      4.790851      1.895217
 1060.0     18.859067     17.372235      4.789001      1.872229
 1065.0     18.922922     17.158624      4.786995      1.849167
 1070.0     18.985594     16.944475      4.784837      1.826046
 1075.0     19.047082     16.729911      4.782531      1.802879
 1080.0     19.107386     16.515056      4.780080      1.779678
 1085.0     19.166507     16.300035      4.777491      1.756457
 1090.0     19.224444     16.084972      4.774765      1.733231
 1095.0     19.281198     15.869991      4.771907      1.710011
 1100.0     19.336768     15.655217      4.768922      1.686812
 1105.0     19.391155     15.440773      4.765813      1.663647
 1110.0     19.444359     15.226785      4.762585      1.640529
 1115.0     19.496379     15.013376      4.759241      1.617472
 1120.0     19.547217     14.800671      4.755785      1.594490
 1125.0     19.596871     14.588793      4.752223      1.571594
 1130.0     19.645342     14.377868      4.748557      1.548800
 1135.0     19.692630     14.168020      4.744792      1.526120
 1140.0     19.738735     13.959372      4.740931      1.503568
 1145.0     19.783658     13.752050      4.736980      1.481157
 1150.0     19.827397     13.546177      4.732941      1.458900
 1155.0     19.869953     13.341878      4.728820      1.436812
 1160.0     19.911327     13.139276      4.724619      1.414905
 1165.0     19.951518     12.938497      4.720344      1.393193
 1170.0     19.990527     12.739665      4.715998      1.371688
 1175.0     20.028353     12.542903      4.711586      1.350406
 1180.0     20.064996     12.348337      4.707110      1.329359
 1185.0     20.100457     12.156090      4.702576      1.308560
 1190.0     20.134736     11.966286      4.697988      1.288022
 1195.0     20.167832     11.779051      4.693349      1.267760
 1200.0     20.199746     11.594508      4.688664      1.247787
 1205.0     20.230477     11.412781      4.683936      1.228116
 1210.0     20.260027     11.233996      4.679170      1.208760
 1215.0     20.288394     11.058275      4.674370      1.189733
 1220.0     20.315579     10.885744      4.669540      1.171048
 1225.0     20.341582     10.716527      4.664684      1.152719
 1230.0     20.366403     10.550748      4.659806      1.134759
 1235.0     20.390043     10.388530      4.654910      1.117182
 1240.0     20.412500     10.230000      4.650000      1.100000
 1245.0     20.433778     10.075254      4.645080      1.083225
 1250.0     20.453886      9.924286      4.640150      1.066855
 1255.0     20.472839      9.777062      4.635212      1.050888
 1260.0     20.490647      9.633550      4.630266      1.035319
 1265.0     20.507325      9.493716      4.625313      1.020146
 1270.0     20.522885      9.357526      4.620353      1.005364
 1275.0     20.537339      9.224949      4.615387      0.990970
 1280.0     20.550701      9.095950      4.610415      0.976960
 1285.0     20.562983      8.970497      4.605439      0.963331
 1290.0     20.574198      8.848556      4.600458      0.950080
 1295.0     20.584358      8.730094      4.595474      0.937202
 1300.0     20.593477      8.615078      4.590486      0.924695
 1305.0     20.601567      8.503474      4.585497      0.912554
 1310.0     20.608640      8.395250      4.580505      0.900776
 1315.0     20.614711      8.290373      4.575513      0.889358
 1320.0     20.619790      8.188809      4.570520      0.878296
 1325.0     20.623892      8.090524      4.565527      0.867587
 1330.0     20.627028      7.995487      4.560534      0.857226
 1335.0     20.629212      7.903663      4.555543      0.847211
 1340.0     20.630457      7.815020      4.550554      0.837537
 1345.0     20.630774      7.729524      4.545568      0.828202
 1350.0     20.630177      7.647142      4.540584      0.819202
 1355.0     20.628679      7.567841      4.535605      0.810532
 1360.0     20.626292      7.491588      4.530630      0.802191
 1365.0     20.623029      7.418349      4.525660      0.794173
 1370.0     20.618903      7.348092      4.520695      0.786476
 1375.0     20.613927      7.280783      4.515737      0.779096
 1380.0     20.608112      7.216390      4.510786      0.772029
 1385.0     20.601473      7.154878      4.505842      0.765273
 1390.0     20.594021      7.096214      4.500906      0.758822
 1395.0     20.585770      7.040367      4.495979      0.752675
 1400.0     20.576732      6.987301      4.491062      0.746826
 1405.0     20.566920      6.936985      4.486154      0.741273
 1410.0     20.556347      6.889385      4.481257      0.736013
 1415.0     20.545025      6.844468      4.476371      0.731041
 1420.0     20.532967      6.802200      4.471497      0.726354
 1425.0     20.520186      6.762549      4.466636      0.721948
 1430.0     20.506695      6.725481      4.461787      0.717820
 1435.0     20.492507      6.690963      4.456952      0.713967
 1440.0     20.477633      6.658962      4.452132      0.710384
 1445.0     20.462088      6.629445      4.447326      0.707069
 1450.0     20.445883      6.602378      4.442536      0.704018
 1455.0     20.429031      6.577729      4.437762      0.701226
 1460.0     20.411546      6.555464      4.433005      0.698692
 1465.0     20.393440      6.535550      4.428265      0.696410
 1470.0     20.374725      6.517953      4.423543      0.694378
 1475.0     20.355414      6.502642      4.418840      0.692592
 1480.0     20.335521      6.489582      4.414156      0.691048
 1485.0     20.315058      6.478740      4.409492      0.689743
 1490.0     20.294037      6.470084      4.404849      0.688674
 1495.0     20.272471      6.463580      4.400226      0.687836
 1500.0     20.250374      6.459194      4.395625      0.687226
 1505.0     20.227757      6.456894      4.391047      0.686842
 1510.0     20.204634      6.456646      4.386491      0.686678
 1515.0     20.181018      6.458418      4.381959      0.686732
 1520.0     20.156920      6.462175      4.377451      0.686999
 1525.0     20.132354      6.467886      4.372968      0.687478
 1530.0     20.107333      6.475516      4.368511      0.688163
 1535.0     20.081869      6.485033      4.364079      0.689051
 1540.0     20.055975      6.496403      4.359674      0.690140
 1545.0     20.029664      6.509594      4.355297      0.691424
 1550.0     20.002948      6.524571      4.350947      0.692902
 1555.0     19.975841      6.541303      4.346626      0.694568
 1560.0     19.948354      6.559755      4.342334      0.696420
 1565.0     19.920502      6.579894      4.338071      0.698455
 1570.0     19.892295      6.601688      4.333839      0.700667
 1575.0     19.863748      6.625103      4.329638      0.703055
 1580.0     19.834874      6.650105      4.325469      0.705614
 1585.0     19.805683      6.676663      4.321331      0.708341
 1590.0     19.776191      6.704742      4.317227      0.711232
 1595.0     19.746408      6.734310      4.313156      0.714284
 1600.0     19.716348      6.765333      4.309119      0.717494
 1605.0     19.686025      6.797777      4.305117      0.720857
 1610.0     19.655449      6.831611      4.301150      0.724370
 1615.0     19.624635      6.866801      4.297219      0.728029
 1620.0     19.593594      6.903313      4.293324      0.731832
 1625.0     19.562341      6.941114      4.289467      0.735774
 1630.0     19.530886      6.980172      4.285647      0.739852
 1635.0     19.499244      7.020452      4.281866      0.744062
 1640.0     19.467427      7.061922      4.278124      0.748401
 1645.0     19.435447      7.104549      4.274421      0.752866
 1650.0     19.403318      7.148300      4.270759      0.757452
 1655.0     19.371052      7.193141      4.267137      0.762156
 1660.0     19.338662      7.239038      4.263557      0.766975
 1665.0     19.306160      7.285960      4.260019      0.771905
 1670.0     19.273560      7.333873      4.256524      0.776942
 1675.0     19.240874      7.382743      4.253072      0.782084
 1680.0     19.208115      7.432537      4.249664      0.787325
 1685.0     19.175295      7.483223      4.246300      0.792664
 1690.0     19.142428      7.534766      4.242982      0.798096
 1695.0     19.109525      7.587135      4.239710      0.803618
 1700.0     19.076601      7.640295      4.236484      0.809226
 1705.0     19.043667      7.694214      4.233305      0.814916
 1710.0     19.010736      7.748858      4.230173      0.820686
 1715.0     18.977822      7.804194      4.227090      0.826531
 1720.0     18.944936      7.860189      4.224056      0.832448
 1725.0     18.912092      7.916810      4.221072      0.838434
 1730.0     18.879302      7.974024      4.218137      0.844485
 1735.0     18.846579      8.031797      4.215253      0.850597
 1740.0     18.813935      8.090096      4.212421      0.856767
 1745.0     18.781385      8.148889      4.209640      0.862991
 1750.0     18.748939      8.208141      4.206912      0.869265
 1755.0     18.716612      8.267820      4.204238      0.875587
 1760.0     18.684415      8.327893      4.201617      0.881953
 1765.0     18.652362      8.388325      4.199050      0.888358
 1770.0     18.620465      8.449086      4.196539      0.894800
 1775.0     18.588737      8.510140      4.194083      0.901275
 1780.0     18.557190      8.571455      4.191684      0.907780
 1785.0     18.525838      8.632997      4.189341      0.914310
 1790.0     18.494694      8.694734      4.187056      0.920863
 1795.0     18.463769      8.756633      4.184830      0.927434
 1800.0     18.433077      8.818659      4.182662      0.934020
 1805.0     18.402630      8.880781      4.180553      0.940619
 1810.0     18.372441      8.942964      4.178504      0.947225
 1815.0     18.342524      9.005176      4.176516      0.953836
 1820.0     18.312890      9.067383      4.174590      0.960448
 1825.0     18.283552      9.129553      4.172725      0.967057
 1830.0     18.254524      9.191651      4.170922      0.973660
 1835.0     18.225817      9.253646      4.169183      0.980254
 1840.0     18.197445      9.315503      4.167507      0.986834
 1845.0     18.169421      9.377189      4.165896      0.993397
 1850.0     18.141756      9.438672      4.164350      0.999941
 1855.0     18.114465      9.499919      4.162869      1.006460
 1860.0     18.087559      9.560895      4.161454      1.012952
 1865.0     18.061051      9.621568      4.160106      1.019413
 1870.0     18.034954      9.681904      4.158826      1.025840
 1875.0     18.009282      9.741871      4.157614      1.032228
 1880.0     17.984045      9.801436      4.156470      1.038575
 1885.0     17.959259      9.860564      4.155396      1.044877
 1890.0     17.934934      9.919224      4.154391      1.051130
 1895.0     17.911084      9.977381      4.153457      1.057331
 1900.0     17.887721     10.035002      4.152594      1.063476
 1905.0     17.864859     10.092056      4.151803      1.069562
 1910.0     17.842510     10.148507      4.151084      1.075584
 1915.0     17.820687     10.204323      4.150438      1.081541
 1920.0     17.799402     10.259471      4.149866      1.087427
 1925.0     17.778668     10.313918      4.149368      1.093240
 1930.0     17.758498     10.367631      4.148945      1.098975
 1935.0     17.738906     10.420575      4.148597      1.104630
 1940.0     17.719902     10.472719      4.148325      1.110201
 1945.0     17.701501     10.524029      4.148130      1.115684
 1950.0     17.683715     10.574472      4.148012      1.121076
 1955.0     17.666556     10.624014      4.147972      1.126373
 1960.0     17.650038     10.672622      4.148011      1.131571
 1965.0     17.634174     10.720264      4.148129      1.136668
 1970.0     17.618975     10.766906      4.148327      1.141659
 1975.0     17.604455     10.812515      4.148605      1.146541
 1980.0     17.590626     10.857058      4.148964      1.151310
 1985.0     17.577501     10.900501      4.149404      1.155963
 1990.0     17.565094     10.942812      4.149927      1.160497
 1995.0     17.553416     10.983956      4.150533      1.164907
 2000.0     17.542480     11.023902      4.151222      1.169190
 2005.0     17.532300     11.062616      4.151996      1.173343
 2010.0     17.522887     11.100064      4.152854      1.177362
 2015.0     17.514256     11.136214      4.153797      1.181244
 2020.0     17.506417     11.171032      4.154826      1.184985
 2025.0     17.499385     11.204485      4.155942      1.188581
 2030.0     17.493171     11.236540      4.157145      1.192029
 2035.0     17.487789     11.267164      4.158436      1.195325
 2040.0     17.483252     11.296323      4.159815      1.198466
 2045.0     17.479571     11.323985      4.161284      1.201449
 2050.0     17.476761     11.350116      4.162842      1.204269
 2055.0     17.474833     11.374683      4.164490      1.206923
 2060.0     17.473800     11.397653      4.166229      1.209408
 2065.0     17.473675     11.418993      4.168060      1.211720
 2070.0     17.474472     11.438669      4.169982      1.213855
 2075.0     17.476201     11.456649      4.171998      1.215810
 2080.0     17.478877     11.472899      4.174107      1.217582
 2085.0     17.482512     11.487386      4.176309      1.219166
 2090.0     17.487119     11.500076      4.178607      1.220560
 2095.0     17.492711     11.510937      4.181000      1.221760
 2100.0     17.499299     11.519936      4.183488      1.222761
 2105.0     17.506898     11.527039      4.186073      1.223562
 2110.0     17.515519     11.532213      4.188755      1.224157
 2115.0     17.525176     11.535425      4.191534      1.224544
 2120.0     17.535881     11.536642      4.194412      1.224719
 2125.0     17.547648     11.535830      4.197389      1.224678
 2130.0     17.560487     11.532957      4.200466      1.224419
 2135.0     17.574414     11.527989      4.203642      1.223936
 2140.0     17.589439     11.520892      4.206920      1.223228
 2145.0     17.605577     11.511635      4.210298      1.222289
 2150.0     17.622839     11.500184      4.213779      1.221117
 2155.0     17.641239     11.486505      4.217362      1.219709
 2160.0     17.660789     11.470565      4.221049      1.218060
 2165.0     17.681501     11.452331      4.224839      1.216167
 2170.0     17.703390     11.431771      4.228734      1.214027
 2175.0     17.726467     11.408850      4.232734      1.211635
 2180.0     17.750745     11.383536      4.236840      1.208989
 2185.0     17.776237     11.355795      4.241052      1.206085
 2190.0     17.802955     11.325595      4.245371      1.202918
 2195.0     17.830913     11.292901      4.249798      1.199487
 2200.0     17.860124     11.257682      4.254333      1.195787
 2205.0     17.890599     11.219903      4.258976      1.191815
 2210.0     17.922351     11.179532      4.263729      1.187566
 2215.0     17.955394     11.136535      4.268592      1.183038
 2220.0     17.989740     11.090879      4.273566      1.178227
 2225.0     18.025402     11.042531      4.278651      1.173130
 2230.0     18.062393     10.991458      4.283848      1.167742
 2235.0     18.100725     10.937627      4.289157      1.162061
 2240.0     18.140411     10.881004      4.294580      1.156083
 2245.0     18.181463     10.821557      4.300116      1.149803
 2250.0     18.223896     10.759252      4.305766      1.143220
 2255.0     18.267720     10.694055      4.311532      1.136328
 2260.0     18.312950     10.625935      4.317413      1.129125
 2265.0     18.359597     10.554857      4.323410      1.121608
 2270.0     18.407676     10.480788      4.329525      1.113771
 2275.0     18.457197     10.403696      4.335756      1.105613
 2280.0     18.508174     10.323547      4.342106      1.097129
 2285.0     18.560620     10.240307      4.348574      1.088316
 2290.0     18.614548     10.153945      4.355162      1.079170
 2295.0     18.669970     10.064425      4.361870      1.069687
 2300.0     18.726899      9.971716      4.368698      1.059865
 2305.0     18.785347      9.875785      4.375647      1.049700
 2310.0     18.845328      9.776597      4.382718      1.039188
 2315.0     18.906855      9.674120      4.389912      1.028325
 2320.0     18.969939      9.568321      4.397228      1.017108
 2325.0     19.034594      9.459166      4.404668      1.005534
 2330.0     19.100832      9.346623      4.412233      0.993598
 2335.0     19.168667      9.230657      4.419922      0.981298
 2340.0     19.238111      9.111237      4.427736      0.968629
 2345.0     19.309176      8.988328      4.435677      0.955589
 2350.0     19.381876      8.861898      4.443745      0.942174
 2355.0     19.456223      8.731913      4.451940      0.928379
 2360.0     19.532229      8.598341      4.460262      0.914203
 2365.0     19.609909      8.461147      4.468714      0.899640
 2370.0     19.689274      8.320299      4.477294      0.884687
 2375.0     19.770337      8.175764      4.486005      0.869342
 2380.0     19.853111      8.027509      4.494845      0.853600
 2385.0     19.937608      7.875500      4.503817      0.837458
 2390.0     20.023842      7.719704      4.512921      0.820912
 2395.0     20.111825      7.560088      4.522156      0.803959
 2400.0     20.201570      7.396618      4.531525      0.786594
 2405.0     20.293090      7.229263      4.541027      0.768816
 2410.0     20.386396      7.057987      4.550663      0.750620
 2415.0     20.481503      6.882759      4.560434      0.732002
 2420.0     20.578423      6.703545      4.570341      0.712959
 2425.0     20.677169      6.520312      4.580383      0.693488
 2430.0     20.777752      6.333027      4.590562      0.673584
 2435.0     20.880187      6.141656      4.600878      0.653245
 2440.0     20.984485      5.946167      4.611332      0.632466
 2445.0     21.090661      5.746526      4.621924      0.611245
 2450.0     21.198725      5.542700      4.632656      0.589577
 2455.0     21.308691      5.334655      4.643527      0.567460
 2460.0     21.420573      5.122360      4.654539      0.544889
 2465.0     21.534381      4.905780      4.665691      0.521861
 2470.0     21.650130      4.684882      4.676985      0.498373
 2475.0     21.767832      4.459633      4.688421      0.474420
 2480.0     21.887500      4.230000      4.700000      0.450000
 2485.0     22.009055      3.996125      4.711714      0.425127
 2490.0     22.132050      3.758851      4.723523      0.399892
 2495.0     22.255950      3.519195      4.735379      0.374402
 2500.0     22.380217      3.278176      4.747233      0.348766
 2505.0     22.504312      3.036811      4.759038      0.323092
 2510.0     22.627700      2.796119      4.770744      0.297489
 2515.0     22.749843      2.557117      4.782303      0.272064
 2520.0     22.870204      2.320823      4.793668      0.246927
 2525.0     22.988244      2.088255      4.804789      0.222186
 2530.0     23.103428      1.860431      4.815618      0.197949
 2535.0     23.215218      1.638369      4.826108      0.174324
 2540.0     23.323076      1.423087      4.836209      0.151420
 2545.0     23.426465      1.215603      4.845874      0.129345
 2550.0     23.524849      1.016934      4.855053      0.108207
 2555.0     23.617689      0.828099      4.863699      0.088115
 2560.0     23.704448      0.650115      4.871764      0.069177
 2565.0     23.784590      0.484000      4.879199      0.051502
 2570.0     23.857576      0.330773      4.885955      0.035198
 2575.0     23.922871      0.191451      4.891985      0.020373
 2580.0     23.979935      0.067053      4.897239      0.007135
 2585.0     24.028244      0.000000      4.901672      0.000000
 2590.0     24.067721      0.000000      4.905276      0.000000
 2595.0     24.098874      0.000000      4.908100      0.000000
 2600.0     24.122247      0.000000      4.910195      0.000000
 2605.0     24.138387      0.000000      4.911613      0.000000
 2610.0     24.147839      0.000000      4.912405      0.000000
 2615.0     24.151151      0.000000      4.912623      0.000000
 2620.0     24.148867      0.000000      4.912317      0.000000
 2625.0     24.141534      0.000000      4.911541      0.000000
 2630.0     24.129697      0.000000      4.910344      0.000000
 2635.0     24.113903      0.000000      4.908779      0.000000
 2640.0     24.094697      0.000000      4.906898      0.000000
 2645.0     24.072625      0.000000      4.904750      0.000000
 2650.0     24.048234      0.000000      4.902389      0.000000
 2655.0     24.022069      0.000000      4.899865      0.000000
 2660.0     23.994676      0.000000      4.897230      0.000000
 2665.0     23.966600      0.000000      4.894535      0.000000
 2670.0     23.938389      0.000000      4.891833      0.000000
 2675.0     23.910588      0.000000      4.889173      0.000000
 2680.0     23.883742      0.000000      4.886609      0.000000
 2685.0     23.858399      0.000000      4.884191      0.000000
 2690.0     23.835103      0.000000      4.881971      0.000000
 2695.0     23.814400      0.000000      4.880000      0.000000
 2700.0     23.796717      0.000000      4.878319      0.000000
 2705.0     23.782001      0.000000      4.876921      0.000000
 2710.0     23.770080      0.000000      4.875792      0.000000
 2715.0     23.760780      0.000000      4.874914      0.000000
 2720.0     23.753929      0.000000      4.874270      0.000000
 2725.0     23.749355      0.000000      4.873844      0.000000
 2730.0     23.746885      0.000000      4.873621      0.000000
 2735.0     23.746347      0.000000      4.873582      0.000000
 2740.0     23.747567      0.000000      4.873711      0.000000
 2745.0     23.750373      0.000000      4.873993      0.000000
 2750.0     23.754593      0.000000      4.874410      0.000000
 2755.0     23.760054      0.000000      4.874946      0.000000
 2760.0     23.766583      0.000000      4.875585      0.000000
 2765.0     23.774008      0.000000      4.876309      0.000000
 2770.0     23.782157      0.000000      4.877103      0.000000
 2775.0     23.790856      0.000000      4.877950      0.000000
 2780.0     23.799933      0.000000      4.878833      0.000000
 2785.0     23.809215      0.000000      4.879735      0.000000
 2790.0     23.818531      0.000000      4.880641      0.000000
 2795.0     23.827707      0.000000      4.881534      0.000000
 2800.0     23.836570      0.000000      4.882397      0.000000
 2805.0     23.844949      0.000000      4.883213      0.000000
 2810.0     23.852670      0.000000      4.883966      0.000000
 2815.0     23.859561      0.000000      4.884641      0.000000
 2820.0     23.865452      0.000000      4.885219      0.000000
 2825.0     23.870289      0.000000      4.885697      0.000000
 2830.0     23.874169      0.000000      4.886083      0.000000
 2835.0     23.877197      0.000000      4.886387      0.000000
 2840.0     23.879479      0.000000      4.886621      0.000000
 2845.0     23.881121      0.000000      4.886793      0.000000
 2850.0     23.882229      0.000000      4.886915      0.000000
 2855.0     23.882909      0.000000      4.886997      0.000000
 2860.0     23.883267      0.000000      4.887048      0.000000
 2865.0     23.883409      0.000000      4.887079      0.000000
 2870.0     23.883442      0.000000      4.887101      0.000000
 2875.0     23.883470      0.000000      4.887123      0.000000
 2880.0     23.883600      0.000000      4.887155      0.000000
 2885.0     23.883938      0.000000      4.887209      0.000000
 2890.0     23.884590      0.000000      4.887293      0.000000
 2895.0     23.885662      0.000000      4.887419      0.000000
 2900.0     23.887261      0.000000      4.887596      0.000000
 2905.0     23.889490      0.000000      4.887836      0.000000
 2910.0     23.892458      0.000000      4.888147      0.000000
 2915.0     23.896270      0.000000      4.888540      0.000000
 2920.0     23.901031      0.000000      4.889026      0.000000
 2925.0     23.906849      0.000000      4.889614      0.000000
 2930.0     23.913828      0.000000      4.890315      0.000000
 2935.0     23.922075      0.000000      4.891139      0.000000
 2940.0     23.931696      0.000000      4.892097      0.000000
 2945.0     23.942796      0.000000      4.893198      0.000000
 2950.0     23.955483      0.000000      4.894453      0.000000
 2955.0     23.969848      0.000000      4.895870      0.000000
 2960.0     23.985801      0.000000      4.897442      0.000000
 2965.0     24.003106      0.000000      4.899144      0.000000
 2970.0     24.021523      0.000000      4.900954      0.000000
 2975.0     24.040814      0.000000      4.902849      0.000000
 2980.0     24.060740      0.000000      4.904806      0.000000
 2985.0     24.081062      0.000000      4.906800      0.000000
 2990.0     24.101541      0.000000      4.908810      0.000000
 2995.0     24.121937      0.000000      4.910812      0.000000
 3000.0     24.142013      0.000000      4.912783      0.000000
 3050.0     24.272541      0.000000      4.925685      0.000000
 3100.0     24.108100      0.000000      4.910000      0.000000
 3150.0     23.614748      1.399142      4.862693      0.144624
 3200.0     23.555793      2.403236      4.858953      0.246962
 3250.0     24.107258      2.344161      4.915248      0.238410
 3300.0     24.535899      1.739990      4.957695      0.175323
 3350.0     24.653973      0.969522      4.967941      0.097017
 3400.0     24.594286      0.298365      4.960192      0.029624
 3450.0     24.492520      0.000000      4.948941      0.000000
 3500.0     24.448131      0.196925      4.944715      0.020164
 3550.0     24.459039      0.744129      4.946914      0.075344
 3600.0     24.505504      1.404456      4.953000      0.141772
 3650.0     24.567788      1.949809      4.960438      0.196541
 3700.0     24.629365      2.213071      4.967160      0.222875
 3750.0     24.684447      2.231005      4.972668      0.224500
 3800.0     24.729490      2.082933      4.976790      0.209423
 3850.0     24.760946      1.848177      4.979355      0.185647
 3900.0     24.775402      1.604346      4.980201      0.161007
 3950.0     24.772478      1.389694      4.979379      0.139359
 4000.0     24.754827      1.203112      4.977152      0.120582
 4050.0     24.725235      1.041785      4.973795      0.104386
 4100.0     24.686487      0.902894      4.969580      0.090478
 4150.0     24.641369      0.783621      4.964781      0.078565
 4200.0     24.592667      0.681150      4.959671      0.068356
 4250.0     24.543165      0.592662      4.954523      0.059558
 4300.0     24.495649      0.515341      4.949610      0.051880
 4350.0     24.452906      0.446368      4.945207      0.045029
 4400.0     24.417719      0.382926      4.941585      0.038712
 4450.0     24.392806      0.322255      4.939011      0.032645
 4500.0     24.378737      0.263387      4.937541      0.026727
 4550.0     24.373569      0.207447      4.936978      0.021080
 4600.0     24.375218      0.155683      4.937116      0.015835
 4650.0     24.381601      0.109339      4.937746      0.011126
 4700.0     24.390633      0.069662      4.938659      0.007084
 4750.0     24.400230      0.037896      4.939648      0.003844
 4800.0     24.408207      0.015176      4.940493      0.001525
 4850.0     24.410966      0.001102      4.940823      0.000090
 4900.0     24.403883      0.000000      4.940157      0.000000
 4950.0     24.382306      0.000000      4.938010      0.000000
 5000.0     24.341587      0.000000      4.933899      0.000000
 5050.0     24.277077      0.000591      4.927338      0.000049
 5100.0     24.184124      0.006676      4.917844      0.000674
 5150.0     24.058080      0.012153      4.904933      0.001238
 5200.0     23.895989      0.015583      4.888294      0.001594
 5250.0     23.713657      0.016741      4.869557      0.001718
 5300.0     23.538570      0.016154      4.851555      0.001663
 5350.0     23.398391      0.014360      4.837141      0.001483
 5400.0     23.320735      0.011896      4.829163      0.001232
 5450.0     23.319225      0.009198      4.829024      0.000955
 5500.0     23.374469      0.006455      4.834729      0.000672
 5550.0     23.462312      0.003822      4.843788      0.000398
 5600.0     23.558602      0.001454      4.853714      0.000152
 5650.0     23.639285      0.000000      4.862028      0.000000
 5700.0     23.689620      0.000000      4.867212      0.000000
 5750.0     23.711524      0.000000      4.869464      0.000000
 5800.0     23.708645      0.000000      4.869160      0.000000
 5850.0     23.684629      0.000000      4.866676      0.000000
 5900.0     23.643124      0.000000      4.862389      0.000000
 5950.0     23.587778      0.000000      4.856675      0.000000
 6000.0     23.522237      0.000000      4.849910      0.000000
 6050.0     23.450148      0.000000      4.842469      0.000000
 6100.0     23.375159      0.000000      4.834731      0.000000
 6150.0     23.300917      0.000000      4.827070      0.000000
 6200.0     23.231070      0.000000      4.819863      0.000000
 6250.0     23.168549      0.000000      4.813412      0.000000
 6300.0     23.113594      0.000000      4.807742      0.000000
 6350.0     23.065812      0.000000      4.802813      0.000000
 6400.0     23.024809      0.000000      4.798583      0.000000
 6450.0     22.990189      0.000000      4.795013      0.000000
 6500.0     22.961559      0.000000      4.792060      0.000000
 6550.0     22.938526      0.000000      4.789684      0.000000
 6600.0     22.920694      0.000000      4.787846      0.000000
 6650.0     22.907670      0.000000      4.786503      0.000000
 6700.0     22.899060      0.000000      4.785615      0.000000
 6750.0     22.894469      0.000000      4.785142      0.000000
 6800.0     22.893503      0.000000      4.785043      0.000000
 6850.0     22.895769      0.000000      4.785276      0.000000
 6900.0     22.900872      0.000000      4.785802      0.000000
 6950.0     22.908418      0.000000      4.786579      0.000000
 7000.0     22.918013      0.000000      4.787567      0.000000
 7050.0     22.929263      0.000000      4.788725      0.000000
 7100.0     22.941774      0.000000      4.790012      0.000000
 7150.0     22.955151      0.000000      4.791388      0.000000
 7200.0     22.969001      0.000000      4.792812      0.000000
 7250.0     22.982929      0.000000      4.794243      0.000000
 7300.0     22.996542      0.000000      4.795640      0.000000
 7350.0     23.009445      0.000000      4.796963      0.000000
 7400.0     23.021243      0.000000      4.798171      0.000000
 7450.0     23.031544      0.000000      4.799223      0.000000
 7500.0     23.039953      0.000000      4.800078      0.000000
 7550.0     23.046075      0.000000      4.800696      0.000000
 7600.0     23.049517      0.000000      4.801036      0.000000
 7650.0     23.049885      0.000000      4.801058      0.000000
 7700.0     23.046784      0.000000      4.800720      0.000000
 7750.0     23.039820      0.000000      4.799981      0.000000
 7800.0     23.028792      0.000000      4.798822      0.000000
 7850.0     23.014224      0.000000      4.797295      0.000000
 7900.0     22.996810      0.000000      4.795475      0.000000
 7950.0     22.977245      0.000000      4.793432      0.000000
 8000.0     22.956224      0.000000      4.791238      0.000000
 8050.0     22.934441      0.000000      4.788967      0.000000
 8100.0     22.912590      0.000000      4.786689      0.000000
 8150.0     22.891368      0.000000      4.784477      0.000000
 8200.0     22.871467      0.000000      4.782404      0.000000
 8250.0     22.853583      0.000000      4.780540      0.000000
 8300.0     22.838353      0.000000      4.778953      0.000000
 8350.0     22.825767      0.000000      4.777641      0.000000
 8400.0     22.815416      0.000000      4.776561      0.000000
 8450.0     22.806882      0.000000      4.775670      0.000000
 8500.0     22.799750      0.000000      4.774924      0.000000
 8550.0     22.793604      0.000000      4.774281      0.000000
 8600.0     22.788026      0.000000      4.773696      0.000000
 8650.0     22.782601      0.000000      4.773125      0.000000
 8700.0     22.776912      0.000000      4.772527      0.000000
 8750.0     22.770543      0.000000      4.771856      0.000000
 8800.0     22.763077      0.000000      4.771071      0.000000
 8850.0     22.754099      0.000000      4.770126      0.000000  
 8900.0     22.743274      0.000000      4.768988      0.000000
 8950.0     22.730743      0.000000      4.767671      0.000000
 9000.0     22.716818      0.000000      4.766208      0.000000
 9050.0     22.701808      0.000000      4.764631      0.000000
 9100.0     22.686025      0.000000      4.762973      0.000000
 9150.0     22.669779      0.000000      4.761267      0.000000
 9200.0     22.653380      0.000000      4.759544      0.000000
 9250.0     22.637141      0.000000      4.757839      0.000000
 9300.0     22.621370      0.000000      4.756183      0.000000
 9350.0     22.606380      0.000000      4.754609      0.000000
 9400.0     22.592480      0.000000      4.753149      0.000000
 9450.0     22.579982      0.000000      4.751836      0.000000
 9500.0     22.569196      0.000000      4.750703      0.000000
 9550.0     22.560432      0.000232      4.749783      0.000024
 9600.0     22.553850      0.001243      4.749091      0.000131
 9650.0     22.549327      0.002405      4.748615      0.000253
 9700.0     22.546712      0.003662      4.748340      0.000386
 9750.0     22.545851      0.004957      4.748249      0.000522
 9800.0     22.546590      0.006236      4.748327      0.000657
 9850.0     22.548778      0.007443      4.748556      0.000784
 9900.0     22.552261      0.008521      4.748923      0.000897
 9950.0     22.556885      0.009415      4.749409      0.000991
10000.0     22.562499      0.010070      4.750000      0.001060
10050.0     22.568491      0.010454      4.750631      0.001100
10100.0     22.572421      0.010632      4.751045      0.001119
10150.0     22.571389      0.010696      4.750937      0.001126
10200.0     22.562499      0.010735      4.750000      0.001130
10250.0     22.544155      0.010822      4.748067      0.001140
10300.0     22.519976      0.010956      4.745519      0.001154
10350.0     22.494885      0.011123      4.742875      0.001173
10400.0     22.473805      0.011304      4.740654      0.001192
10450.0     22.461365      0.011482      4.739343      0.001211
10500.0     22.457784      0.011654      4.738966      0.001230
10550.0     22.459889      0.011824      4.739188      0.001247
10600.0     22.464419      0.011994      4.739665      0.001265
10650.0     22.468120      0.012170      4.740055      0.001284
10700.0     22.469057      0.012353      4.740153      0.001303
10750.0     22.468244      0.012541      4.740068      0.001323
10800.0     22.467092      0.012729      4.739946      0.001343
10850.0     22.467013      0.012915      4.739938      0.001362
10900.0     22.469280      0.013095      4.740178      0.001381
10950.0     22.473094      0.013270      4.740581      0.001400
11000.0     22.476060      0.013444      4.740894      0.001418
11050.0     22.475743      0.013620      4.740860      0.001436
11100.0     22.469706      0.013803      4.740223      0.001456
11150.0     22.456010      0.013996      4.738776      0.001477
11200.0     22.436378      0.014197      4.736703      0.001499
11250.0     22.414175      0.014402      4.734359      0.001521
11300.0     22.392773      0.014608      4.732099      0.001544
11350.0     22.375546      0.014812      4.730280      0.001566
11400.0     22.365406      0.015010      4.729209      0.001587
11450.0     22.361874      0.015203      4.728836      0.001607
11500.0     22.362949      0.015393      4.728950      0.001627
11550.0     22.366623      0.015583      4.729338      0.001647
11600.0     22.370889      0.015775      4.729788      0.001668
11650.0     22.373769      0.015973      4.730092      0.001688
11700.0     22.374495      0.016176      4.730168      0.001710
11750.0     22.373866      0.016384      4.730102      0.001732
11800.0     22.372787      0.016596      4.729988      0.001754
11850.0     22.372162      0.016811      4.729922      0.001777
11900.0     22.372897      0.017028      4.730000      0.001800
11950.0     22.375509      0.017247      4.730277      0.001823
12000.0     22.378966      0.017466      4.730643      0.001846
12050.0     22.381851      0.017687      4.730948      0.001869
12100.0     22.382747      0.017908      4.731043      0.001893
12150.0     22.380234      0.018130      4.730777      0.001916
12200.0     22.372896      0.018352      4.730000      0.001940
12250.0     22.359917      0.018575      4.728626      0.001964
12300.0     22.342895      0.018799      4.726825      0.001989
12350.0     22.324031      0.019025      4.724828      0.002013
12400.0     22.305526      0.019255      4.722870      0.002039
12450.0     22.289580      0.019490      4.721183      0.002064
12500.0     22.278396      0.019730      4.720000      0.002090
12550.0     22.273460      0.019976      4.719478      0.002116
12600.0     22.273404      0.020227      4.719473      0.002143
12650.0     22.276148      0.020481      4.719764      0.002170
12700.0     22.279610      0.020734      4.720131      0.002196
12750.0     22.281709      0.020987      4.720353      0.002223
12800.0     22.280364      0.021236      4.720209      0.002249
12850.0     22.273633      0.021479      4.719495      0.002276
12900.0     22.261667      0.021718      4.718225      0.002302
12950.0     22.246226      0.021955      4.716587      0.002328
13000.0     22.229112      0.022192      4.714773      0.002354
13050.0     22.212127      0.022432      4.712972      0.002380
13100.0     22.197073      0.022678      4.711376      0.002407
13150.0     22.185752      0.022933      4.710176      0.002434
13200.0     22.179676      0.023198      4.709532      0.002463
13250.0     22.178226      0.023473      4.709379      0.002492
13300.0     22.179822      0.023755      4.709549      0.002522
13350.0     22.182884      0.024042      4.709874      0.002552
13400.0     22.185827      0.024331      4.710186      0.002583
13450.0     22.187071      0.024620      4.710318      0.002613
13500.0     22.185034      0.024906      4.710100      0.002644
13550.0     22.178378      0.025188      4.709392      0.002674
13600.0     22.167585      0.025465      4.708245      0.002704
13650.0     22.153952      0.025739      4.706796      0.002734
13700.0     22.138778      0.026013      4.705183      0.002764
13750.0     22.123364      0.026287      4.703545      0.002795
13800.0     22.109009      0.026563      4.702020      0.002825
13850.0     22.097015      0.026844      4.700746      0.002855
13900.0     22.088677      0.027130      4.699860      0.002886
13950.0     22.084614      0.027422      4.699429      0.002918
14000.0     22.083927      0.027721      4.699357      0.002949
14050.0     22.085514      0.028024      4.699526      0.002981
14100.0     22.088272      0.028331      4.699820      0.003014
14150.0     22.091098      0.028641      4.700120      0.003047
14200.0     22.092891      0.028953      4.700310      0.003080
14250.0     22.092546      0.029266      4.700273      0.003113
14300.0     22.088964      0.029578      4.699891      0.003147
14350.0     22.081617      0.029890      4.699108      0.003181
14400.0     22.071257      0.030202      4.698004      0.003215
14450.0     22.058806      0.030514      4.696678      0.003249
14500.0     22.045188      0.030828      4.695228      0.003283
14550.0     22.031326      0.031143      4.693752      0.003318
14600.0     22.018144      0.031461      4.692348      0.003353
14650.0     22.006566      0.031782      4.691115      0.003388
14700.0     21.997514      0.032107      4.690152      0.003423
14750.0     21.991772      0.032437      4.689541      0.003458
14800.0     21.989092      0.032771      4.689256      0.003494
14850.0     21.988761      0.033108      4.689221      0.003530
14900.0     21.990064      0.033448      4.689360      0.003566
14950.0     21.992286      0.033791      4.689597      0.003603
