#Lambda        Dielectric Constant          Refractive Index
# [nm]        [Real]        [Imag]        [Real]        [Imag]
   10.0      0.921586      0.007104      0.960000      0.003700
   15.0      0.719017      0.122544      0.851000      0.072000
   20.0      0.674100      0.374000      0.850000      0.220000
   25.0      0.692888      0.404272      0.864575      0.233659
   30.0      0.621462      0.388487      0.822491      0.236018
   35.0      0.498803      0.453389      0.764496      0.296075
   40.0      0.417159      0.713014      0.788010      0.452705
   45.0      0.351310      0.780549      0.777075      0.502386
   50.0      0.257159      1.069746      0.824688      0.649523
   55.0      0.107309      1.375934      0.861789      0.797028
   60.0      0.226024      1.565316      0.951515      0.823958
   65.0      0.469389      1.607482      1.035022      0.775129
   70.0      0.487890      1.476604      1.009852      0.732732
   75.0      0.233330      1.144573      0.847775      0.688815
   80.0      0.414380      1.414548      0.950435      0.727061
   85.0      0.793247      2.169499      1.251996      0.870800
   90.0      1.101358      2.170908      1.326544      0.818070
   95.0      1.031075      1.776606      1.243916      0.716976
  100.0      1.169178      1.876343      1.300146      0.721716
  105.0      1.383761      1.738175      1.342375      0.647212
  110.0      1.316814      1.717199      1.319314      0.650824
  115.0      1.277150      1.706128      1.305433      0.653468
  120.0      1.238697      1.713159      1.294744      0.661587
  125.0      1.193689      1.682744      1.276095      0.659318
  130.0      1.135145      1.652487      1.252984      0.659401
  135.0      1.028714      1.631034      1.216011      0.670811
  140.0      0.891440      1.606215      1.167872      0.687391
  145.0      0.726792      1.584795      1.111299      0.712862
  150.0      0.507147      1.597818      1.045091      0.765124
  155.0      0.254800      1.646400      0.980000      0.840000
  160.0      0.006168      1.719358      0.928833      0.925142
  165.0     -0.234080      1.809750      0.891833      1.014591
  170.0     -0.468573      1.913357      0.866524      1.104476
  175.0     -0.696781      2.033878      0.852487      1.193251
  180.0     -0.917016      2.176284      0.849687      1.279914
  185.0     -1.124116      2.327778      0.854336      1.361061
  190.0     -1.310105      2.461147      0.859606      1.431337
  195.0     -1.469105      2.555527      0.860049      1.486815
  200.0     -1.608587      2.631437      0.859199      1.532645
  205.0     -1.741064      2.725038      0.863991      1.577405
  210.0     -1.878019      2.869847      0.880816      1.629014
  215.0     -2.016840      3.047643      0.904883      1.683975
  220.0     -2.199380      3.198534      0.917190      1.743700
  225.0     -2.358824      3.354284      0.933224      1.797162
  230.0     -2.486248      3.556006      0.962451      1.847313
  235.0     -2.606473      3.742013      0.988436      1.892989
  240.0     -2.691076      3.942874      1.020403      1.931940
  245.0     -2.746845      4.151825      1.056295      1.965338
  250.0     -2.806991      4.334311      1.085546      1.996351
  255.0     -2.886945      4.503557      1.109614      2.029333
  260.0     -2.982453      4.638674      1.125240      2.061206
  265.0     -3.044133      4.764054      1.142252      2.085399
  270.0     -3.068161      4.905157      1.165642      2.104028
  275.0     -3.103393      5.046448      1.187606      2.124586
  280.0     -3.219318      5.116966      1.188790      2.152304
  285.0     -3.378416      5.149534      1.179065      2.183720
  290.0     -3.517668      5.213624      1.177211      2.214401
  295.0     -3.649360      5.330216      1.185402      2.248207
  300.0     -3.781094      5.472562      1.198040      2.283932
  305.0     -3.906334      5.585387      1.206164      2.315459
  310.0     -4.038179      5.674561      1.209667      2.345531
  315.0     -4.195214      5.766463      1.211540      2.379687
  320.0     -4.376928      5.850718      1.210325      2.416983
  325.0     -4.572994      5.911330      1.204394      2.454289
  330.0     -4.759872      5.974577      1.199829      2.489862
  335.0     -4.913434      6.075843      1.204178      2.522631
  340.0     -5.046648      6.205968      1.214900      2.553978
  345.0     -5.193279      6.330481      1.223739      2.586629
  350.0     -5.362239      6.436784      1.227955      2.621048
  355.0     -5.537323      6.534487      1.230398      2.655418
  360.0     -5.706851      6.632193      1.233383      2.688550
  365.0     -5.873195      6.733571      1.237286      2.721066
  370.0     -6.040754      6.841536      1.242191      2.753851
  375.0     -6.209462      6.959123      1.248485      2.787109
  380.0     -6.373756      7.089511      1.256930      2.820205
  385.0     -6.528453      7.235137      1.268158      2.852515
  390.0     -6.675852      7.390681      1.281232      2.884034
  395.0     -6.822657      7.546245      1.294289      2.915123
  400.0     -6.975409      7.692329      1.305534      2.946142
  405.0     -7.135898      7.828989      1.314843      2.977349
  410.0     -7.301412      7.965353      1.323682      3.008905
  415.0     -7.469072      8.110794      1.333561      3.040963
  420.0     -7.636639      8.268084      1.345025      3.073381
  425.0     -7.802848      8.429951      1.357150      3.105579
  430.0     -7.966518      8.588275      1.368888      3.136935
  435.0     -8.126924      8.736684      1.379401      3.166989
  440.0     -8.285822      8.878240      1.388991      3.196149
  445.0     -8.445801      9.019179      1.398341      3.225115
  450.0     -8.609453      9.165740      1.408137      3.254587
  455.0     -8.778950      9.323320      1.418971      3.285161
  460.0     -8.953573      9.491473      1.430813      3.316711
  465.0     -9.131378      9.667278      1.443367      3.348807
  470.0     -9.310414      9.847805      1.456335      3.381019
  475.0     -9.488856     10.030173      1.469425      3.412936
  480.0     -9.666045     10.211968      1.482380      3.444356
  485.0     -9.841981     10.391040      1.494967      3.475195
  490.0    -10.016668     10.565240      1.506952      3.505368
  495.0    -10.190112     10.732419      1.518100      3.534790
  500.0    -10.362355     10.891097      1.528251      3.563414
  505.0    -10.533707     11.044427      1.537749      3.591436
  510.0    -10.704587     11.197523      1.547149      3.619156
  515.0    -10.875415     11.355508      1.557010      3.646878
  520.0    -11.046613     11.523503      1.567890      3.674901
  525.0    -11.218607     11.705544      1.580226      3.703475
  530.0    -11.391877     11.898135      1.593616      3.732494
  535.0    -11.566922     12.094592      1.607303      3.761697
  540.0    -11.744241     12.288217      1.620529      3.790826
  545.0    -11.924335     12.472312      1.632536      3.819621
  550.0    -12.107697     12.640226      1.642570      3.847823
  555.0    -12.294436     12.789472      1.650352      3.875326
  560.0    -12.483959     12.925018      1.656448      3.902295
  565.0    -12.675603     13.052605      1.661515      3.928919
  570.0    -12.868705     13.177975      1.666206      3.955393
  575.0    -13.062601     13.306869      1.671177      3.981906
  580.0    -13.256629     13.445029      1.677083      4.008652
  585.0    -13.450146     13.597867      1.684543      4.035809
  590.0    -13.642856     13.765467      1.693586      4.063358
  595.0    -13.834745     13.943588      1.703766      4.091117
  600.0    -14.025804     14.127865      1.714621      4.118901
  605.0    -14.216028     14.313933      1.725690      4.146524
  610.0    -14.405408     14.497426      1.736510      4.173798
  615.0    -14.593939     14.673980      1.746622      4.200540
  620.0    -14.781638     14.839511      1.755592      4.226576
  625.0    -14.968867     14.993561      1.763358      4.251923
  630.0    -15.156222     15.138178      1.770113      4.276728
  635.0    -15.344305     15.275463      1.776054      4.301138
  640.0    -15.533715     15.407516      1.781380      4.325303
  645.0    -15.725054     15.536438      1.786290      4.349372
  650.0    -15.918924     15.664328      1.790981      4.373493
  655.0    -16.115925     15.793287      1.795651      4.397815
  660.0    -16.316658     15.925415      1.800498      4.422487
  665.0    -16.521358     16.062303      1.805680      4.447600
  670.0    -16.729174     16.204033      1.811225      4.473077
  675.0    -16.939053     16.350409      1.817141      4.498810
  680.0    -17.149941     16.501232      1.823437      4.524689
  685.0    -17.360788     16.656306      1.830118      4.550606
  690.0    -17.570539     16.815432      1.837192      4.576452
  695.0    -17.778142     16.978415      1.844667      4.602118
  700.0    -17.982544     17.145057      1.852550      4.627496
  705.0    -18.182694     17.315160      1.860849      4.652477
  710.0    -18.377991     17.488368      1.869544      4.676990
  715.0    -18.569182     17.663851      1.878543      4.701073
  720.0    -18.757261     17.840693      1.887738      4.724786
  725.0    -18.943222     18.017974      1.897022      4.748190
  730.0    -19.128061     18.194779      1.906287      4.771342
  735.0    -19.312771     18.370191      1.915425      4.794304
  740.0    -19.498348     18.543291      1.924330      4.817134
  745.0    -19.685785     18.713164      1.932893      4.839892
  750.0    -19.876079     18.878891      1.941007      4.862638
  755.0    -20.070222     19.039555      1.948565      4.885430
  760.0    -20.269029     19.194503      1.955485      4.908323
  765.0    -20.471975     19.345020      1.961885      4.931318
  770.0    -20.677935     19.493265      1.967969      4.954394
  775.0    -20.885784     19.641398      1.973943      4.977530
  780.0    -21.094394     19.791582      1.980012      5.000706
  785.0    -21.302637     19.945977      1.986381      5.023900
  790.0    -21.509387     20.106745      1.993255      5.047091
  795.0    -21.713516     20.276047      2.000841      5.070259
  800.0    -21.913899     20.456045      2.009342      5.093383
  805.0    -22.109406     20.648901      2.018965      5.116441
  810.0    -22.298913     20.856774      2.029916      5.139414
  815.0    -22.481291     21.081828      2.042398      5.162279
  820.0    -22.655413     21.326223      2.056618      5.185017
  825.0    -22.820362     21.591676      2.072740      5.207608
  830.0    -22.976869     21.876401      2.090601      5.230054
  835.0    -23.126447     22.176949      2.109884      5.252362
  840.0    -23.270614     22.489863      2.130273      5.274544
  845.0    -23.410888     22.811685      2.151450      5.296608
  850.0    -23.548787     23.138957      2.173096      5.318563
  855.0    -23.685828     23.468223      2.194894      5.340420
  860.0    -23.823530     23.796023      2.216527      5.362187
  865.0    -23.963410     24.118901      2.237677      5.383874
  870.0    -24.106987     24.433399      2.258026      5.405490
  875.0    -24.255777     24.736059      2.277257      5.427045
  880.0    -24.411299     25.023423      2.295052      5.448548
  885.0    -24.575070     25.292034      2.311093      5.470009
  890.0    -24.748609     25.538434      2.325063      5.491436
  895.0    -24.933345     25.759373      2.336663      5.512840
  900.0    -25.129371     25.954708      2.345879      5.534223
  905.0    -25.335756     26.126691      2.352915      5.555586
  910.0    -25.551540     26.277634      2.357980      5.576927
  915.0    -25.775766     26.409847      2.361286      5.598247
  920.0    -26.007475     26.525643      2.363040      5.619545
  925.0    -26.245707     26.627334      2.363454      5.640821
  930.0    -26.489505     26.717232      2.362737      5.662073
  935.0    -26.737909     26.797649      2.361100      5.683302
  940.0    -26.989961     26.870896      2.358751      5.704507
  945.0    -27.244703     26.939285      2.355901      5.725687
  950.0    -27.501174     27.005129      2.352760      5.746843
  955.0    -27.758418     27.070739      2.349537      5.767973
  960.0    -28.015475     27.138426      2.346443      5.789077
  965.0    -28.271386     27.210504      2.343687      5.810154
  970.0    -28.525194     27.289284      2.341479      5.831205
  975.0    -28.775938     27.377078      2.340029      5.852228
  980.0    -29.022661     27.476197      2.339548      5.873224
  985.0    -29.264406     27.588949      2.340243      5.894191
  990.0    -29.500628     27.716715      2.342241      5.915132
  995.0    -29.731705     27.858808      2.345477      5.936052
 1000.0    -29.958136     28.014261      2.349864      5.956958
 1005.0    -30.180422     28.182108      2.355311      5.977857
 1010.0    -30.399064     28.361381      2.361729      5.998757
 1015.0    -30.614564     28.551115      2.369030      6.019664
 1020.0    -30.827421     28.750341      2.377125      6.040584
 1025.0    -31.038137     28.958094      2.385923      6.061525
 1030.0    -31.247212     29.173406      2.395337      6.082493
 1035.0    -31.455148     29.395311      2.405278      6.103495
 1040.0    -31.662444     29.622842      2.415655      6.124539
 1045.0    -31.869603     29.855033      2.426381      6.145631
 1050.0    -32.077123     30.090916      2.437366      6.166777
 1055.0    -32.285507     30.329525      2.448520      6.187986
 1060.0    -32.495256     30.569893      2.459756      6.209262
 1065.0    -32.706869     30.811053      2.470983      6.230615
 1070.0    -32.920848     31.052039      2.482113      6.252049
 1075.0    -33.137693     31.291883      2.493057      6.273573
 1080.0    -33.357906     31.529619      2.503726      6.295192
 1085.0    -33.581987     31.764281      2.514030      6.316914
 1090.0    -33.810429     31.994913      2.523881      6.338746
 1095.0    -34.043442     32.221030      2.533238      6.360688
 1100.0    -34.280866     32.442756      2.542116      6.382733
 1105.0    -34.522516     32.660253      2.550534      6.404872
 1110.0    -34.768208     32.873688      2.558514      6.427098
 1115.0    -35.017757     33.083223      2.566074      6.449404
 1120.0    -35.270979     33.289024      2.573236      6.471781
 1125.0    -35.527688     33.491254      2.580018      6.494221
 1130.0    -35.787700     33.690077      2.586440      6.516716
 1135.0    -36.050831     33.885658      2.592524      6.539260
 1140.0    -36.316896     34.078161      2.598288      6.561843
 1145.0    -36.585710     34.267750      2.603753      6.584457
 1150.0    -36.857089     34.454590      2.608938      6.607096
 1155.0    -37.130848     34.638844      2.613864      6.629751
 1160.0    -37.406802     34.820677      2.618550      6.652414
 1165.0    -37.684768     35.000253      2.623017      6.675078
 1170.0    -37.964559     35.177736      2.627284      6.697734
 1175.0    -38.245992     35.353290      2.631372      6.720374
 1180.0    -38.528882     35.527080      2.635300      6.742992
 1185.0    -38.813045     35.699270      2.639088      6.765578
 1190.0    -39.098295     35.870024      2.642756      6.788125
 1195.0    -39.384448     36.039506      2.646325      6.810625
 1200.0    -39.671320     36.207880      2.649814      6.833071
 1205.0    -39.958726     36.375311      2.653242      6.855454
 1210.0    -40.246480     36.541963      2.656631      6.877766
 1215.0    -40.534400     36.708000      2.660000      6.900000
 1220.0    -40.822328     36.873570      2.663366      6.922149
 1225.0    -41.110225     37.038758      2.666735      6.944214
 1230.0    -41.398077     37.203632      2.670108      6.966197
 1235.0    -41.685874     37.368262      2.673490      6.988099
 1240.0    -41.973603     37.532715      2.676883      7.009923
 1245.0    -42.261252     37.697060      2.680289      7.031670
 1250.0    -42.548809     37.861365      2.683711      7.053343
 1255.0    -42.836263     38.025700      2.687152      7.074943
 1260.0    -43.123601     38.190133      2.690615      7.096472
 1265.0    -43.410812     38.354733      2.694101      7.117933
 1270.0    -43.697883     38.519568      2.697615      7.139327
 1275.0    -43.984802     38.684706      2.701158      7.160655
 1280.0    -44.271558     38.850216      2.704733      7.181921
 1285.0    -44.558139     39.016167      2.708343      7.203126
 1290.0    -44.844532     39.182628      2.711991      7.224272
 1295.0    -45.130726     39.349667      2.715679      7.245361
 1300.0    -45.416708     39.517352      2.719410      7.266395
 1305.0    -45.702468     39.685752      2.723186      7.287375
 1310.0    -45.987992     39.854937      2.727011      7.308304
 1315.0    -46.273268     40.024973      2.730887      7.329184
 1320.0    -46.558286     40.195930      2.734817      7.350016
 1325.0    -46.843033     40.367877      2.738803      7.370803
 1330.0    -47.127496     40.540882      2.742848      7.391547
 1335.0    -47.411665     40.715014      2.746955      7.412249
 1340.0    -47.695527     40.890341      2.751126      7.432911
 1345.0    -47.979069     41.066932      2.755365      7.453536
 1350.0    -48.262281     41.244855      2.759673      7.474125
 1355.0    -48.545150     41.424179      2.764054      7.494680
 1360.0    -48.827664     41.604973      2.768510      7.515204
 1365.0    -49.109812     41.787305      2.773044      7.535697
 1370.0    -49.391581     41.971243      2.777659      7.556163
 1375.0    -49.672959     42.156858      2.782357      7.576603
 1380.0    -49.953934     42.344216      2.787140      7.597018
 1385.0    -50.234495     42.533386      2.792013      7.617412
 1390.0    -50.514629     42.724438      2.796977      7.637785
 1395.0    -50.794327     42.917437      2.802034      7.658140
 1400.0    -51.073654     43.112380      2.807185      7.678480
 1405.0    -51.352774     43.309172      2.812420      7.698811
 1410.0    -51.631860     43.507710      2.817733      7.719138
 1415.0    -51.911080     43.707892      2.823118      7.739465
 1420.0    -52.190607     43.909618      2.828565      7.759799
 1425.0    -52.470611     44.112783      2.834069      7.780145
 1430.0    -52.751262     44.317288      2.839621      7.800508
 1435.0    -53.032733     44.523030      2.845214      7.820894
 1440.0    -53.315194     44.729907      2.850842      7.841307
 1445.0    -53.598815     44.937817      2.856496      7.861753
 1450.0    -53.883768     45.146658      2.862169      7.882238
 1455.0    -54.170224     45.356329      2.867855      7.902766
 1460.0    -54.458353     45.566728      2.873545      7.923344
 1465.0    -54.748326     45.777753      2.879232      7.943976
 1470.0    -55.040315     45.989301      2.884909      7.964668
 1475.0    -55.334489     46.201272      2.890569      7.985425
 1480.0    -55.631021     46.413563      2.896204      8.006253
 1485.0    -55.930080     46.626072      2.901808      8.027157
 1490.0    -56.231839     46.838698      2.907371      8.048141
 1495.0    -56.536467     47.051338      2.912888      8.069212
 1500.0    -56.844135     47.263891      2.918351      8.090375
 1505.0    -57.155015     47.476255      2.923753      8.111635
 1510.0    -57.469278     47.688328      2.929086      8.132998
 1515.0    -57.787093     47.900008      2.934342      8.154469
 1520.0    -58.108633     48.111193      2.939515      8.176052
 1525.0    -58.434068     48.321781      2.944598      8.197755
 1530.0    -58.763569     48.531672      2.949582      8.219581
 1535.0    -59.097306     48.740762      2.954461      8.241536
 1540.0    -59.435452     48.948949      2.959227      8.263626
 1545.0    -59.778176     49.156133      2.963873      8.285856
 1550.0    -60.125649     49.362211      2.968392      8.308231
 1555.0    -60.478043     49.567080      2.972775      8.330756
 1560.0    -60.835528     49.770641      2.977017      8.353438
 1565.0    -61.198276     49.972789      2.981109      8.376280
 1570.0    -61.566456     50.173425      2.985044      8.399289
 1575.0    -61.940241     50.372444      2.988815      8.422471
 1580.0    -62.319800     50.569747      2.992415      8.445829
 1585.0    -62.705306     50.765231      2.995836      8.469370
 1590.0    -63.096928     50.958794      2.999070      8.493099
 1595.0    -63.494837     51.150334      3.002111      8.517021
 1600.0    -63.899205     51.339750      3.004952      8.541141
 1605.0    -64.310202     51.526939      3.007584      8.565466
 1610.0    -64.728000     51.711800      3.010000      8.590000
 1615.0    -65.152667     51.894275      3.012197      8.614745
 1620.0    -65.583865     52.074481      3.014186      8.639688
 1625.0    -66.021153     52.252580      3.015979      8.664812
 1630.0    -66.464091     52.428734      3.017592      8.690102
 1635.0    -66.912239     52.603105      3.019038      8.715540
 1640.0    -67.365156     52.775854      3.020332      8.741110
 1645.0    -67.822402     52.947143      3.021488      8.766795
 1650.0    -68.283537     53.117134      3.022519      8.792580
 1655.0    -68.748121     53.285988      3.023439      8.818447
 1660.0    -69.215712     53.453868      3.024263      8.844379
 1665.0    -69.685871     53.620934      3.025006      8.870361
 1670.0    -70.158157     53.787349      3.025680      8.896376
 1675.0    -70.632129     53.953275      3.026299      8.922407
 1680.0    -71.107349     54.118872      3.026879      8.948438
 1685.0    -71.583374     54.284303      3.027433      8.974453
 1690.0    -72.059766     54.449730      3.027975      9.000434
 1695.0    -72.536082     54.615313      3.028520      9.026365
 1700.0    -73.011884     54.781216      3.029080      9.052229
 1705.0    -73.486731     54.947599      3.029671      9.078011
 1710.0    -73.960182     55.114624      3.030306      9.103694
 1715.0    -74.431797     55.282454      3.031000      9.129261
 1720.0    -74.901135     55.451249      3.031766      9.154695
 1725.0    -75.367757     55.621171      3.032619      9.179980
 1730.0    -75.831222     55.792382      3.033573      9.205100
 1735.0    -76.291089     55.965045      3.034641      9.230038
 1740.0    -76.746919     56.139320      3.035838      9.254777
 1745.0    -77.198270     56.315369      3.037178      9.279301
 1750.0    -77.644703     56.493354      3.038675      9.303594
 1755.0    -78.085777     56.673436      3.040342      9.327639
 1760.0    -78.521052     56.855778      3.042195      9.351419
 1765.0    -78.950087     57.040541      3.044247      9.374917
 1770.0    -79.372442     57.227887      3.046512      9.398118
 1775.0    -79.787677     57.417978      3.049005      9.421005
 1780.0    -80.195352     57.610974      3.051739      9.443561
 1785.0    -80.595025     57.807039      3.054728      9.465770
 1790.0    -80.986257     58.006333      3.057986      9.487616
 1795.0    -81.368608     58.209018      3.061529      9.509080
 1800.0    -81.741636     58.415257      3.065368      9.530148
 1805.0    -82.104902     58.625210      3.069520      9.550803
 1810.0    -82.457965     58.839039      3.073997      9.571028
 1815.0    -82.800385     59.056907      3.078814      9.590806
 1820.0    -83.131721     59.278975      3.083985      9.610121
 1825.0    -83.451533     59.505404      3.089523      9.628957
 1830.0    -83.759382     59.736357      3.095444      9.647297
 1835.0    -84.054825     59.971994      3.101761      9.665125
 1840.0    -84.337424     60.212479      3.108488      9.682423
 1845.0    -84.606738     60.457971      3.115639      9.699176
 1850.0    -84.862326     60.708634      3.123228      9.715367
 1855.0    -85.103747     60.964629      3.131270      9.730979
 1860.0    -85.330563     61.226117      3.139778      9.745996
 1865.0    -85.542331     61.493260      3.148766      9.760401
 1870.0    -85.738613     61.766221      3.158249      9.774178
 1875.0    -85.918967     62.045160      3.168241      9.787311
 1880.0    -86.082954     62.330239      3.178755      9.799782
 1885.0    -86.230132     62.621621      3.189806      9.811575
 1890.0    -86.360062     62.919466      3.201408      9.822674
 1895.0    -86.472303     63.223937      3.213574      9.833063
 1900.0    -86.566414     63.535195      3.226320      9.842724
 1905.0    -86.641956     63.853402      3.239659      9.851641
 1910.0    -86.698488     64.178720      3.253604      9.859798
 1915.0    -86.735570     64.511310      3.268171      9.867177
 1920.0    -86.752761     64.851334      3.283373      9.873764
 1925.0    -86.749621     65.198954      3.299224      9.879540
 1930.0    -86.725710     65.554331      3.315739      9.884490
 1935.0    -86.680587     65.917628      3.332930      9.888597
 1940.0    -86.613916     66.288966      3.350810      9.891848
 1945.0    -86.526923     66.667885      3.369338      9.894292
 1950.0    -86.422035     67.053473      3.388433      9.896021
 1955.0    -86.301710     67.444809      3.408015      9.897132
 1960.0    -86.168406     67.840969      3.428002      9.897719
 1965.0    -86.024581     68.241030      3.448315      9.897877
 1970.0    -85.872694     68.644071      3.468871      9.897702
 1975.0    -85.715203     69.049169      3.489591      9.897288
 1980.0    -85.554565     69.455401      3.510393      9.896731
 1985.0    -85.393240     69.861845      3.531196      9.896126
 1990.0    -85.233685     70.267579      3.551919      9.895568
 1995.0    -85.078358     70.671678      3.572482      9.895152
 2000.0    -84.929718     71.073222      3.592804      9.894973
 2005.0    -84.790223     71.471288      3.612803      9.895126
 2010.0    -84.662330     71.864952      3.632399      9.895706
 2015.0    -84.548499     72.253293      3.651511      9.896809
 2020.0    -84.451187     72.635388      3.670057      9.898530
 2025.0    -84.372853     73.010315      3.687958      9.900964
 2030.0    -84.315955     73.377150      3.705132      9.904205
 2035.0    -84.282950     73.734972      3.721497      9.908349
 2040.0    -84.276297     74.082858      3.736975      9.913492
 2045.0    -84.298455     74.419884      3.751482      9.919727
 2050.0    -84.351881     74.745130      3.764939      9.927151
 2055.0    -84.439033     75.057672      3.777265      9.935858
 2060.0    -84.562370     75.356587      3.788378      9.945944
 2065.0    -84.724350     75.640954      3.798198      9.957503
 2070.0    -84.926882     75.910057      3.806662      9.970610
 2075.0    -85.167806     76.164726      3.813843      9.985181
 2080.0    -85.443142     76.406478      3.819874     10.001062
 2085.0    -85.748903     76.636834      3.824888     10.018100
 2090.0    -86.081098     76.857318      3.829019     10.036140
 2095.0    -86.435739     77.069450      3.832401     10.055028
 2100.0    -86.808837     77.274753      3.835166     10.074610
 2105.0    -87.196402     77.474747      3.837448     10.094732
 2110.0    -87.594447     77.670956      3.839381     10.115239
 2115.0    -87.998981     77.864900      3.841098     10.135979
 2120.0    -88.406017     78.058102      3.842733     10.156796
 2125.0    -88.811564     78.252083      3.844419     10.177537
 2130.0    -89.211635     78.448365      3.846290     10.198048
 2135.0    -89.602240     78.648469      3.848479     10.218173
 2140.0    -89.979450     78.853895      3.851117     10.237763
 2145.0    -90.341673     79.065238      3.854258     10.256753
 2150.0    -90.690350     79.281922      3.857853     10.275199
 2155.0    -91.027127     79.503290      3.861848     10.293161
 2160.0    -91.353647     79.728688      3.866187     10.310702
 2165.0    -91.671556     79.957460      3.870815     10.327882
 2170.0    -91.982499     80.188951      3.875677     10.344763
 2175.0    -92.288119     80.422506      3.880718     10.361408
 2180.0    -92.590062     80.657470      3.885883     10.377877
 2185.0    -92.889973     80.893187      3.891116     10.394232
 2190.0    -93.189495     81.129001      3.896364     10.410534
 2195.0    -93.490275     81.364259      3.901569     10.426846
 2200.0    -93.793956     81.598304      3.906678     10.443229
 2205.0    -94.102184     81.830480      3.911635     10.459743
 2210.0    -94.416602     82.060134      3.916386     10.476452
 2215.0    -94.738853     82.286611      3.920874     10.493416
 2220.0    -95.069895     82.509530      3.925069     10.510672
 2225.0    -95.409159     82.729126      3.928988     10.528198
 2230.0    -95.755873     82.945714      3.932658     10.545968
 2235.0    -96.109262     83.159608      3.936105     10.563952
 2240.0    -96.468553     83.371126      3.939354     10.582124
 2245.0    -96.832971     83.580582      3.942431     10.600455
 2250.0    -97.201744     83.788292      3.945363     10.618916
 2255.0    -97.574097     83.994573      3.948174     10.637481
 2260.0    -97.949256     84.199738      3.950890     10.656120
 2265.0    -98.326448     84.404105      3.953538     10.674807
 2270.0    -98.704899     84.607988      3.956144     10.693512
 2275.0    -99.083835     84.811703      3.958732     10.712208
 2280.0    -99.462482     85.015567      3.961329     10.730867
 2285.0    -99.840067     85.219894      3.963961     10.749461
 2290.0   -100.215815     85.425000      3.966653     10.767962
 2295.0   -100.588954     85.631201      3.969432     10.786341
 2300.0   -100.958805     85.838777      3.972319     10.804575
 2305.0   -101.325406     86.047756      3.975317     10.822665
 2310.0   -101.689116     86.258049      3.978415     10.840624
 2315.0   -102.050293     86.469567      3.981604     10.858466
 2320.0   -102.409296     86.682223      3.984876     10.876205
 2325.0   -102.766485     86.895926      3.988221     10.893853
 2330.0   -103.122219     87.110589      3.991629     10.911425
 2335.0   -103.476858     87.326122      3.995092     10.928935
 2340.0   -103.830759     87.542439      3.998601     10.946394
 2345.0   -104.184284     87.759448      4.002146     10.963818
 2350.0   -104.537790     87.977063      4.005717     10.981219
 2355.0   -104.891638     88.195195      4.009306     10.998611
 2360.0   -105.246186     88.413754      4.012904     11.016007
 2365.0   -105.601793     88.632653      4.016501     11.033422
 2370.0   -105.958820     88.851802      4.020088     11.050868
 2375.0   -106.317624     89.071114      4.023656     11.068359
 2380.0   -106.678566     89.290499      4.027195     11.085909
 2385.0   -107.042004     89.509869      4.030697     11.103531
 2390.0   -107.408095     89.729196      4.034157     11.121231
 2395.0   -107.776551     89.948585      4.037584     11.138999
 2400.0   -108.147023     90.168162      4.040987     11.156824
 2405.0   -108.519160     90.388049      4.044376     11.174694
 2410.0   -108.892614     90.608371      4.047760     11.192597
 2415.0   -109.267036     90.829253      4.051149     11.210520
 2420.0   -109.642076     91.050817      4.054552     11.228452
 2425.0   -110.017384     91.273188      4.057979     11.246382
 2430.0   -110.392612     91.496490      4.061440     11.264296
 2435.0   -110.767410     91.720847      4.064943     11.282184
 2440.0   -111.141429     91.946383      4.068500     11.300033
 2445.0   -111.514319     92.173222      4.072119     11.317831
 2450.0   -111.885730     92.401488      4.075810     11.335567
 2455.0   -112.255315     92.631305      4.079582     11.353228
 2460.0   -112.622723     92.862798      4.083445     11.370803
 2465.0   -112.987604     93.096090      4.087409     11.388279
 2470.0   -113.349611     93.331304      4.091483     11.405646
 2475.0   -113.708392     93.568567      4.095677     11.422890
 2480.0   -114.063600     93.808000      4.100000     11.440000
 2485.0   -114.414986     94.049664      4.104458     11.456967
 2490.0   -114.762712     94.293361      4.109042     11.473795
 2495.0   -115.107042     94.538828      4.113737     11.490491
 2500.0   -115.448238     94.785803      4.118530     11.507061
 2505.0   -115.786564     95.034023      4.123407     11.523513
 2510.0   -116.122284     95.283225      4.128354     11.539853
 2515.0   -116.455660     95.533147      4.133359     11.556088
 2520.0   -116.786956     95.783527      4.138406     11.572225
 2525.0   -117.116436     96.034101      4.143484     11.588271
 2530.0   -117.444363     96.284607      4.148576     11.604232
 2535.0   -117.770999     96.534783      4.153671     11.620116
 2540.0   -118.096610     96.784365      4.158755     11.635929
 2545.0   -118.421457     97.033093      4.163813     11.651678
 2550.0   -118.745805     97.280702      4.168832     11.667370
 2555.0   -119.069916     97.526930      4.173799     11.683012
 2560.0   -119.394054     97.771515      4.178700     11.698610
 2565.0   -119.718483     98.014194      4.183520     11.714173
 2570.0   -120.043465     98.254705      4.188247     11.729705
 2575.0   -120.369264     98.492784      4.192866     11.745215
 2580.0   -120.696144     98.728171      4.197365     11.760709
 2585.0   -121.024364     98.960604      4.201729     11.776193
 2590.0   -121.354028     99.189964      4.205952     11.791671
 2595.0   -121.685040     99.416310      4.210039     11.807140
 2600.0   -122.017290     99.639712      4.213994     11.822596
 2605.0   -122.350668     99.860242      4.217821     11.838038
 2610.0   -122.685066    100.077969      4.221525     11.853461
 2615.0   -123.020371    100.292967      4.225110     11.868864
 2620.0   -123.356476    100.505304      4.228581     11.884242
 2625.0   -123.693269    100.715052      4.231943     11.899593
 2630.0   -124.030642    100.922282      4.235199     11.914914
 2635.0   -124.368483    101.127065      4.238355     11.930202
 2640.0   -124.706684    101.329472      4.241414     11.945454
 2645.0   -125.045135    101.529574      4.244382     11.960667
 2650.0   -125.383726    101.727441      4.247262     11.975839
 2655.0   -125.722346    101.923145      4.250060     11.990965
 2660.0   -126.060886    102.116756      4.252779     12.006043
 2665.0   -126.399236    102.308346      4.255425     12.021071
 2670.0   -126.737287    102.497985      4.258001     12.036044
 2675.0   -127.074928    102.685744      4.260512     12.050961
 2680.0   -127.412050    102.871694      4.262963     12.065818
 2685.0   -127.748542    103.055906      4.265359     12.080612
 2690.0   -128.084296    103.238451      4.267703     12.095340
 2695.0   -128.419200    103.419400      4.270000     12.110000
 2700.0   -128.753185    103.598813      4.272254     12.124589
 2705.0   -129.086341    103.776707      4.274464     12.139111
 2710.0   -129.418794    103.953087      4.276629     12.153571
 2715.0   -129.750675    104.127960      4.278749     12.167974
 2720.0   -130.082111    104.301333      4.280820     12.182324
 2725.0   -130.413232    104.473210      4.282843     12.196627
 2730.0   -130.744165    104.643599      4.284816     12.210887
 2735.0   -131.075040    104.812504      4.286738     12.225109
 2740.0   -131.405985    104.979933      4.288607     12.239297
 2745.0   -131.737129    105.145891      4.290423     12.253458
 2750.0   -132.068600    105.310384      4.292183     12.267594
 2755.0   -132.400527    105.473419      4.293887     12.281712
 2760.0   -132.733039    105.635001      4.295533     12.295816
 2765.0   -133.066263    105.795136      4.297121     12.309911
 2770.0   -133.400330    105.953831      4.298648     12.324001
 2775.0   -133.735367    106.111092      4.300114     12.338093
 2780.0   -134.071503    106.266924      4.301517     12.352189
 2785.0   -134.408866    106.421334      4.302857     12.366296
 2790.0   -134.747586    106.574327      4.304131     12.380417
 2795.0   -135.087790    106.725910      4.305338     12.394558
 2800.0   -135.429608    106.876089      4.306478     12.408724
 2805.0   -135.773168    107.024870      4.307549     12.422920
 2810.0   -136.118599    107.172259      4.308549     12.437149
 2815.0   -136.466029    107.318261      4.309478     12.451418
 2820.0   -136.815584    107.462884      4.310334     12.465731
 2825.0   -137.167300    107.606128      4.311116     12.480088
 2830.0   -137.521092    107.747988      4.311827     12.494488
 2835.0   -137.876869    107.888460      4.312467     12.508927
 2840.0   -138.234538    108.027539      4.313037     12.523401
 2845.0   -138.594008    108.165219      4.313539     12.537908
 2850.0   -138.955187    108.301495      4.313973     12.552444
 2855.0   -139.317982    108.436363      4.314341     12.567006
 2860.0   -139.682302    108.569818      4.314644     12.581590
 2865.0   -140.048055    108.701854      4.314883     12.596194
 2870.0   -140.415150    108.832466      4.315060     12.610813
 2875.0   -140.783493    108.961650      4.315174     12.625446
 2880.0   -141.152993    109.089401      4.315228     12.640087
 2885.0   -141.523559    109.215712      4.315223     12.654736
 2890.0   -141.895099    109.340580      4.315160     12.669387
 2895.0   -142.267519    109.463999      4.315039     12.684037
 2900.0   -142.640730    109.585965      4.314863     12.698684
 2905.0   -143.014638    109.706472      4.314632     12.713325
 2910.0   -143.389151    109.825515      4.314347     12.727955
 2915.0   -143.764179    109.943089      4.314010     12.742571
 2920.0   -144.139628    110.059190      4.313622     12.757172
 2925.0   -144.515407    110.173811      4.313184     12.771752
 2930.0   -144.891425    110.286949      4.312696     12.786308
 2935.0   -145.267588    110.398598      4.312161     12.800839
 2940.0   -145.643806    110.508753      4.311580     12.815339
 2945.0   -146.019986    110.617409      4.310952     12.829807
 2950.0   -146.396037    110.724561      4.310281     12.844238
 2955.0   -146.771871    110.830205      4.309566     12.858630
 2960.0   -147.147492    110.934351      4.308808     12.872983
 2965.0   -147.522965    111.037019      4.308008     12.887299
 2970.0   -147.898361    111.138230      4.307165     12.901582
 2975.0   -148.273750    111.238004      4.306278     12.915833
 2980.0   -148.649202    111.336361      4.305349     12.930056
 2985.0   -149.024785    111.433324      4.304377     12.944254
 2990.0   -149.400570    111.528912      4.303362     12.958428
 2995.0   -149.776627    111.623145      4.302303     12.972583
 3000.0   -150.153025    111.716045      4.301201     12.986720
 3050.0   -153.951110    112.576245      4.287794     13.127731
 3100.0   -157.860000    113.325800      4.270000     13.270000
 3150.0   -161.949490    113.973499      4.247449     13.416088
 3200.0   -166.289707    114.480737      4.218521     13.567895
 3250.0   -170.950865    114.797056      4.181282     13.727157
 3300.0   -175.989766    114.884155      4.134292     13.895285
 3350.0   -181.342532    114.813133      4.080552     14.070780
 3400.0   -186.881421    114.712980      4.025413     14.250602
 3450.0   -192.478195    114.713141      3.974245     14.431700
 3500.0   -198.075090    114.884180      3.930018     14.612719
 3550.0   -203.811883    115.131601      3.888977     14.797060
 3600.0   -209.862703    115.332205      3.846198     14.988954
 3650.0   -216.401665    115.362806      3.796756     15.192630
 3700.0   -223.521971    115.167019      3.738242     15.410327
 3750.0   -231.046300    114.911791      3.676646     15.637642
 3800.0   -238.740866    114.810689      3.619713     15.868783
 3850.0   -246.371882    115.077280      3.575189     16.097959
 3900.0   -253.713261    115.915276      3.550481     16.319551
 3950.0   -260.716050    117.301720      3.545261     16.531932
 4000.0   -267.508424    118.986988      3.551461     16.737462
 4050.0   -274.226262    120.711598      3.560677     16.938678
 4100.0   -281.005441    122.216072      3.564506     17.138115
 4150.0   -287.980976    123.243601      3.554628     17.338296
 4200.0   -295.238483    123.690287      3.527525     17.541069
 4250.0   -302.788357    123.685063      3.486991     17.747255
 4300.0   -310.634681    123.376408      3.437436     17.957586
 4350.0   -318.781536    122.912802      3.383268     18.172795
 4400.0   -327.233003    122.442726      3.328895     18.393616
 4450.0   -335.992339    122.112565      3.278662     18.620750
 4500.0   -345.037215    122.003695      3.234933     18.853918
 4550.0   -354.315377    122.121453      3.197755     19.091692
 4600.0   -363.772868    122.466861      3.167045     19.332579
 4650.0   -373.355734    123.040939      3.142717     19.575085
 4700.0   -383.010022    123.844709      3.124690     19.817719
 4750.0   -392.681777    124.879191      3.112877     20.058987
 4800.0   -402.319960    126.143429      3.107150     20.297470
 4850.0   -411.913903    127.609077      3.106759     20.532776
 4900.0   -421.482413    129.227796      3.110499     20.765261
 4950.0   -431.044970    130.950785      3.117154     20.995299
 5000.0   -440.621056    132.729248      3.125511     21.223265
 5050.0   -450.230150    134.514387      3.134353     21.449531
 5100.0   -459.891732    136.257404      3.142466     21.674473
 5150.0   -469.625282    137.909501      3.148635     21.898463
 5200.0   -479.449269    139.425618      3.151736     22.121860
 5250.0   -489.370932    140.802108      3.151650     22.344844
 5300.0   -499.390527    142.061103      3.148888     22.567487
 5350.0   -509.508200    143.225127      3.143968     22.789857
 5400.0   -519.724100    144.316702      3.137408     23.012024
 5450.0   -530.038375    145.358352      3.129728     23.234057
 5500.0   -540.451172    146.372600      3.121446     23.456025
 5550.0   -550.962639    147.381969      3.113080     23.677997
 5600.0   -561.572924    148.408981      3.105149     23.900043
 5650.0   -572.282193    149.476053      3.098170     24.122231
 5700.0   -583.092276    150.595773      3.092431     24.344629
 5750.0   -594.007982    151.763144      3.087811     24.567304
 5800.0   -605.034427    152.971345      3.084151     24.790319
 5850.0   -616.176728    154.213553      3.081287     25.013742
 5900.0   -627.440003    155.482948      3.079058     25.237636
 5950.0   -638.829368    156.772707      3.077302     25.462067
 6000.0   -650.349941    158.076009      3.075857     25.687101
 6050.0   -662.006839    159.386031      3.074563     25.912803
 6100.0   -673.805178    160.695953      3.073256     26.139239
 6150.0   -685.750077    161.998952      3.071775     26.366473
 6200.0   -697.846651    163.288206      3.069959     26.594571
 6250.0   -710.095588    164.562928      3.067765     26.823532
 6300.0   -722.480887    165.845056      3.065598     27.053105
 6350.0   -734.982617    167.161881      3.063969     27.282979
 6400.0   -747.580847    168.540695      3.063390     27.512845
 6450.0   -760.255646    170.008787      3.064371     27.742393
 6500.0   -772.987085    171.593448      3.067424     27.971313
 6550.0   -785.755598    173.320892      3.073040     28.199300
 6600.0   -798.550896    175.190060      3.081209     28.426180
 6650.0   -811.372462    177.171158      3.091390     28.651922
 6700.0   -824.220244    179.233024      3.103019     28.876497
 6750.0   -837.094188    181.344497      3.115532     29.099879
 6800.0   -849.994243    183.474413      3.128363     29.322040
 6850.0   -862.920357    185.591610      3.140948     29.542955
 6900.0   -875.872502    187.664991      3.152723     29.762597
 6950.0   -888.853839    189.672086      3.163290     29.981003
 7000.0   -901.873901    191.607652      3.172584     30.198339
 7050.0   -914.942975    193.468492      3.180576     30.414788
 7100.0   -928.071350    195.251410      3.187240     30.630531
 7150.0   -941.269313    196.953208      3.192548     30.845749
 7200.0   -954.547153    198.570690      3.196473     31.060624
 7250.0   -967.915158    200.100658      3.198987     31.275337
 7300.0   -981.383617    201.539924      3.200063     31.490071
 7350.0   -994.963467    202.889559      3.199731     31.705007
 7400.0  -1008.667364    204.161906      3.198170     31.920336
 7450.0  -1022.508242    205.371151      3.195584     32.136245
 7500.0  -1036.499037    206.531479      3.192174     32.352924
 7550.0  -1050.652683    207.657077      3.188146     32.570562
 7600.0  -1064.982114    208.762130      3.183703     32.789348
 7650.0  -1079.500267    209.860824      3.179047     33.009471
 7700.0  -1094.220075    210.967345      3.174383     33.231120
 7750.0  -1109.154475    212.095878      3.169914     33.454485
 7800.0  -1124.310986    213.256580      3.165791     33.679673
 7850.0  -1139.676740    214.444428      3.161971     33.906483
 7900.0  -1155.234065    215.650825      3.158365     34.134642
 7950.0  -1170.965290    216.867173      3.154883     34.363876
 8000.0  -1186.852742    218.084877      3.151435     34.593914
 8050.0  -1202.878751    219.295339      3.147932     34.824480
 8100.0  -1219.025645    220.489962      3.144285     35.055303
 8150.0  -1235.275753    221.660149      3.140403     35.286109
 8200.0  -1251.611403    222.797303      3.136198     35.516626
 8250.0  -1268.014925    223.892828      3.131580     35.746579
 8300.0  -1284.469685    224.939792      3.126478     35.975713
 8350.0  -1300.970564    225.949715      3.121036     36.203972
 8400.0  -1317.519609    226.945604      3.115531     36.431421
 8450.0  -1334.118975    227.950640      3.110241     36.658128
 8500.0  -1350.770818    228.988003      3.105443     36.884161
 8550.0  -1367.477293    230.080875      3.101417     37.109589
 8600.0  -1384.240555    231.252435      3.098441     37.334478
 8650.0  -1401.062759    232.525865      3.096793     37.558896
 8700.0  -1417.946062    233.924346      3.096751     37.782912
 8750.0  -1434.892619    235.471057      3.098594     38.006594
 8800.0  -1451.904584    237.189181      3.102601     38.230008
 8850.0  -1468.984114    239.101897      3.109049     38.453224
 8900.0  -1486.133627    241.227426      3.118154     38.676305
 8950.0  -1503.357057    243.555467      3.129771     38.899288
 9000.0  -1520.658879    246.065542      3.143625     39.122205
 9050.0  -1538.043569    248.737164      3.159443     39.345084
 9100.0  -1555.515602    251.549841      3.176949     39.567954
 9150.0  -1573.079454    254.483086      3.195868     39.790846
 9200.0  -1590.739601    257.516408      3.215928     40.013789
 9250.0  -1608.500516    260.629318      3.236853     40.236813
 9300.0  -1626.366677    263.801327      3.258368     40.459946
 9350.0  -1644.342559    267.011946      3.280200     40.683219
 9400.0  -1662.432637    270.240685      3.302073     40.906662
 9450.0  -1680.641386    273.467054      3.323715     41.130303
 9500.0  -1698.973283    276.670566      3.344849     41.354172
 9550.0  -1717.432775    279.830802      3.365202     41.578299
 9600.0  -1736.021371    282.935391      3.384612     41.802689
 9650.0  -1754.735020    285.987154      3.403121     42.027300
 9700.0  -1773.569056    288.990605      3.420797     42.252086
 9750.0  -1792.518810    291.950255      3.437706     42.477000
 9800.0  -1811.579616    294.870615      3.453916     42.701996
 9850.0  -1830.746806    297.756199      3.469493     42.927027
 9900.0  -1850.015712    300.611517      3.484504     43.152048
 9950.0  -1869.381668    303.441082      3.499016     43.377011
10000.0  -1888.840005    306.249405      3.513097     43.601870
10050.0  -1908.386057    309.041000      3.526812     43.826580
10100.0  -1928.015155    311.820377      3.540229     44.051092
10150.0  -1947.722634    314.592048      3.553414     44.275361
10200.0  -1967.503824    317.360526      3.566435     44.499341
10250.0  -1987.354060    320.130322      3.579359     44.722985
10300.0  -2007.268673    322.905949      3.592251     44.946246
10350.0  -2027.243063    325.691866      3.605179     45.169079
10400.0  -2047.275268    328.490527      3.618179     45.391466
10450.0  -2067.366746    331.301781      3.631246     45.613424
10500.0  -2087.519185    334.125300      3.644375     45.834974
10550.0  -2107.734275    336.960757      3.657561     46.056136
10600.0  -2128.013703    339.807826      3.670796     46.276929
10650.0  -2148.359158    342.666180      3.684075     46.497374
10700.0  -2168.772328    345.535491      3.697392     46.717492
10750.0  -2189.254901    348.415435      3.710741     46.937301
10800.0  -2209.808567    351.305682      3.724116     47.156823
10850.0  -2230.435013    354.205908      3.737511     47.376077
10900.0  -2251.135927    357.115784      3.750920     47.595083
10950.0  -2271.912999    360.034985      3.764337     47.813863
11000.0  -2292.767915    362.963183      3.777757     48.032435
11050.0  -2313.702366    365.900051      3.791172     48.250820
11100.0  -2334.718039    368.845264      3.804577     48.469037
11150.0  -2355.816622    371.798494      3.817966     48.687108
11200.0  -2376.999804    374.759414      3.831334     48.905053
11250.0  -2398.269274    377.727698      3.844673     49.122890
11300.0  -2419.626719    380.703018      3.857979     49.340641
11350.0  -2441.073828    383.685049      3.871245     49.558326
11400.0  -2462.612289    386.673463      3.884464     49.775965
11450.0  -2484.243791    389.667933      3.897632     49.993577
11500.0  -2505.970022    392.668134      3.910742     50.211183
11550.0  -2527.792671    395.673737      3.923789     50.428803
11600.0  -2549.713425    398.684416      3.936765     50.646458
11650.0  -2571.733974    401.699845      3.949666     50.864167
11700.0  -2593.856005    404.719696      3.962484     51.081950
11750.0  -2616.081207    407.743643      3.975215     51.299828
11800.0  -2638.411269    410.771360      3.987852     51.517820
11850.0  -2660.847878    413.802518      4.000390     51.735948
11900.0  -2683.392723    416.836792      4.012821     51.954230
11950.0  -2706.047493    419.873855      4.025141     52.172687
12000.0  -2728.813875    422.913380      4.037343     52.391340
12050.0  -2751.693559    425.955041      4.049421     52.610207
12100.0  -2774.688232    428.998509      4.061369     52.829311
12150.0  -2797.799583    432.043460      4.073182     53.048669
12200.0  -2821.029301    435.089565      4.084853     53.268304
12250.0  -2844.379073    438.136498      4.096376     53.488234
12300.0  -2867.850588    441.183933      4.107746     53.708480
12350.0  -2891.445534    444.231543      4.118956     53.929062
12400.0  -2915.165600    447.279000      4.130000     54.150000
