#Lambda        Dielectric Constant          Refractive Index
# [nm]        [Real]        [Imag]        [Real]        [Imag]
   10.0      0.912174      0.039358      0.955300      0.020600
   15.0      0.777600      0.132750      0.885000      0.075000
   20.0      0.756899      0.255780      0.882000      0.145000
   25.0      0.735735      0.273808      0.872000      0.157000
   30.0      0.604571      0.367740      0.810000      0.227000
   35.0      0.398784      0.505400      0.722000      0.350000
   40.0      0.168368      0.757074      0.687000      0.551000
   45.0      0.155259      0.873620      0.722000      0.605000
   50.0     -0.012843      1.018124      0.709000      0.718000
   55.0     -0.220248      1.264086      0.729000      0.867000
   60.0     -0.182619      1.566460      0.835000      0.938000
   65.0      0.105849      1.722600      0.957000      0.900000
   70.0      0.378624      1.701560      1.030000      0.826000
   75.0      0.430826      1.743069      1.055079      0.826036
   80.0      0.416444      1.870560      1.080000      0.866000
   85.0      0.427791      1.987485      1.109218      0.895884
   90.0      0.513856      2.115840      1.160000      0.912000
   95.0      0.561388      2.244155      1.198914      0.935916
  100.0      0.453739      2.334780      1.190000      0.981000
  105.0      0.435975      2.519647      1.223327      1.029793
  110.0      0.392700      2.653600      1.240000      1.070000
  115.0      0.371174      2.856237      1.275065      1.120068
  120.0      0.373500      3.088800      1.320000      1.170000
  125.0      0.537311      3.252654      1.384569      1.174652
  130.0      0.699300      3.317600      1.430000      1.160000
  135.0      0.734252      3.277191      1.430508      1.145461
  140.0      0.780000      3.335000      1.450000      1.150000
  145.0      0.823237      3.369465      1.464887      1.150078
  150.0      0.838400      3.381000      1.470000      1.150000
  155.0      0.786000      3.387200      1.460000      1.160000
  160.0      0.643200      3.562400      1.460000      1.220000
  165.0      0.726300      3.581600      1.480000      1.210000
  170.0      0.731700      3.635600      1.490000      1.220000
  175.0      0.618700      3.591600      1.460000      1.230000
  180.0      0.503500      3.493200      1.420000      1.230000
  185.0      0.366800      3.422400      1.380000      1.240000
  190.0      0.208000      3.376800      1.340000      1.260000
  195.0      0.025900      3.354000      1.300000      1.290000
  200.0      0.109600      3.753000      1.390000      1.350000
  205.0     -0.543900      3.332000      1.190000      1.400000
  210.0     -0.154071      3.926069      1.374020      1.428758
  215.0     -0.320897      4.056749      1.369653      1.481577
  220.0     -0.470352      4.168663      1.365077      1.527398
  225.0     -0.633735      4.265016      1.355779      1.572367
  230.0     -0.750893      4.388040      1.360340      1.612892
  235.0     -0.855088      4.480995      1.361407      1.645842
  240.0     -0.986641      4.575798      1.359144      1.683345
  245.0     -1.152333      4.700534      1.357938      1.730844
  250.0     -1.304042      4.848507      1.363123      1.778349
  255.0     -1.429665      5.005981      1.373964      1.821537
  260.0     -1.569857      5.154418      1.381834      1.865203
  265.0     -1.734859      5.290874      1.384644      1.910859
  270.0     -1.883189      5.436657      1.391077      1.954072
  275.0     -1.988077      5.604603      1.406626      1.991880
  280.0     -2.079386      5.776316      1.424632      2.027158
  285.0     -2.194552      5.929450      1.436834      2.063593
  290.0     -2.333882      6.065047      1.443256      2.101436
  295.0     -2.471969      6.200346      1.449661      2.138561
  300.0     -2.590492      6.350349      1.460645      2.173682
  305.0     -2.705423      6.518503      1.475027      2.209538
  310.0     -2.842400      6.705000      1.490000      2.250000
  315.0     -3.010881      6.902141      1.503254      2.295711
  320.0     -3.156899      7.071972      1.514542      2.334725
  325.0     -3.254896      7.213486      1.526265      2.363145
  330.0     -3.333731      7.374413      1.542570      2.390237
  335.0     -3.420804      7.547092      1.559704      2.419397
  340.0     -3.535138      7.702877      1.571685      2.450577
  345.0     -3.671043      7.855840      1.581169      2.484176
  350.0     -3.817387      8.021208      1.591499      2.519961
  355.0     -3.966162      8.185461      1.601499      2.555577
  360.0     -4.110949      8.339664      1.610446      2.589308
  365.0     -4.247938      8.498830      1.620704      2.621949
  370.0     -4.375342      8.674295      1.633971      2.654279
  375.0     -4.496799      8.852811      1.648116      2.685718
  380.0     -4.616688      9.020134      1.660801      2.715691
  385.0     -4.736991      9.187332      1.673296      2.745348
  390.0     -4.858774      9.373972      1.688100      2.776405
  395.0     -4.982845      9.577287      1.704812      2.808767
  400.0     -5.109770      9.773288      1.720276      2.840620
  405.0     -5.240018      9.945346      1.732294      2.870706
  410.0     -5.373727     10.107706      1.742687      2.900132
  415.0     -5.510933     10.281650      1.754194      2.930541
  420.0     -5.650316     10.475266      1.767962      2.962403
  425.0     -5.788485     10.676555      1.782716      2.994404
  430.0     -5.922068     10.872251      1.797015      3.025136
  435.0     -6.052130     11.058768      1.810323      3.054450
  440.0     -6.184171     11.242198      1.823012      3.083456
  445.0     -6.323715     11.428895      1.835483      3.113289
  450.0     -6.471080     11.620129      1.847883      3.144103
  455.0     -6.620491     11.811233      1.860062      3.174906
  460.0     -6.765837     11.997212      1.871854      3.204644
  465.0     -6.904356     12.176014      1.883210      3.232846
  470.0     -7.041659     12.352955      1.894374      3.260498
  475.0     -7.184643     12.534479      1.905635      3.288814
  480.0     -7.339582     12.726682      1.917281      3.318912
  485.0     -7.504169     12.930842      1.929588      3.350626
  490.0     -7.669829     13.144712      1.942824      3.382851
  495.0     -7.827842     13.365969      1.957255      3.414462
  500.0     -7.971039     13.592458      1.973072      3.444514
  505.0     -8.102978     13.823211      1.989939      3.473316
  510.0     -8.231765     14.057762      2.007294      3.501711
  515.0     -8.365522     14.295648      2.024577      3.530544
  520.0     -8.511411     14.536211      2.041264      3.560546
  525.0     -8.665977     14.776653      2.057268      3.591225
  530.0     -8.819151     15.012840      2.072770      3.621326
  535.0     -8.960765     15.240620      2.087955      3.649579
  540.0     -9.080682     15.455852      2.103009      3.674722
  545.0     -9.175289     15.657035      2.118004      3.696301
  550.0     -9.255537     15.848551      2.132761      3.715677
  555.0     -9.334345     16.035581      2.147067      3.734453
  560.0     -9.424632     16.223303      2.160709      3.754235
  565.0     -9.539236     16.416870      2.173475      3.776615
  570.0     -9.683477     16.618867      2.185324      3.802287
  575.0     -9.849226     16.827290      2.196518      3.830329
  580.0    -10.026954     17.039656      2.207350      3.859652
  585.0    -10.207135     17.253484      2.218114      3.889166
  590.0    -10.380242     17.466294      2.229102      3.917782
  595.0    -10.538782     17.676141      2.240550      3.944640
  600.0    -10.685600     17.883826      2.252384      3.970042
  605.0    -10.826829     18.091021      2.264438      3.994661
  610.0    -10.968600     18.299395      2.276542      4.019169
  615.0    -11.117043     18.510621      2.288529      4.044239
  620.0    -11.278290     18.726370      2.300230      4.070543
  625.0    -11.456258     18.948019      2.311563      4.098530
  630.0    -11.646513     19.175837      2.322766      4.127816
  635.0    -11.842659     19.409833      2.334154      4.157814
  640.0    -12.038299     19.650016      2.346040      4.187943
  645.0    -12.227035     19.896395      2.358739      4.217617
  650.0    -12.402470     20.148979      2.372566      4.246254
  655.0    -12.558441     20.407749      2.387820      4.273288
  660.0    -12.694201     20.672070      2.404479      4.298618
  665.0    -12.814412     20.940686      2.422199      4.322602
  670.0    -12.923974     21.212317      2.440620      4.345618
  675.0    -13.027785     21.485680      2.459385      4.368045
  680.0    -13.130745     21.759494      2.478133      4.390261
  685.0    -13.237753     22.032477      2.496507      4.412644
  690.0    -13.353691     22.303352      2.514149      4.435572
  695.0    -13.481292     22.571333      2.530853      4.459254
  700.0    -13.618996     22.836622      2.546720      4.483565
  705.0    -13.764734     23.099535      2.561884      4.508340
  710.0    -13.916434     23.360391      2.576482      4.533416
  715.0    -14.072027     23.619505      2.590649      4.558626
  720.0    -14.229443     23.877196      2.604520      4.583807
  725.0    -14.386611     24.133780      2.618232      4.608793
  730.0    -14.541464     24.389576      2.631920      4.633420
  735.0    -14.692550     24.644926      2.645688      4.657579
  740.0    -14.840059     24.900243      2.659559      4.681307
  745.0    -14.984444     25.155952      2.673542      4.704664
  750.0    -15.126164     25.412476      2.687646      4.727712
  755.0    -15.265672     25.670240      2.701880      4.750512
  760.0    -15.403424     25.929667      2.716253      4.773125
  765.0    -15.539876     26.191182      2.730774      4.795611
  770.0    -15.675484     26.455208      2.745453      4.818032
  775.0    -15.810704     26.722171      2.760299      4.840449
  780.0    -15.945883     26.992363      2.775315      4.862907
  785.0    -16.080966     27.265586      2.790487      4.885396
  790.0    -16.215802     27.541528      2.805797      4.907890
  795.0    -16.350242     27.819874      2.821227      4.930367
  800.0    -16.484134     28.100311      2.836758      4.952801
  805.0    -16.617328     28.382525      2.852370      4.975168
  810.0    -16.749673     28.666204      2.868047      4.997444
  815.0    -16.881018     28.951033      2.883769      5.019604
  820.0    -17.011213     29.236699      2.899517      5.041624
  825.0    -17.140108     29.522888      2.915274      5.063479
  830.0    -17.267582     29.809301      2.931021      5.085148
  835.0    -17.393838     30.095785      2.946738      5.106640
  840.0    -17.519267     30.382274      2.962408      5.127979
  845.0    -17.644264     30.668700      2.978013      5.149192
  850.0    -17.769221     30.955000      2.993534      5.170305
  855.0    -17.894532     31.241106      3.008953      5.191343
  860.0    -18.020593     31.526954      3.024250      5.212332
  865.0    -18.147796     31.812477      3.039409      5.233299
  870.0    -18.276536     32.097611      3.054410      5.254269
  875.0    -18.407206     32.382289      3.069236      5.275268
  880.0    -18.540201     32.666445      3.083867      5.296322
  885.0    -18.675913     32.950014      3.098285      5.317457
  890.0    -18.814636     33.232974      3.112479      5.338693
  895.0    -18.956077     33.515555      3.126476      5.360021
  900.0    -19.099733     33.798073      3.140316      5.381419
  905.0    -19.245104     34.080850      3.154040      5.402866
  910.0    -19.391688     34.364202      3.167689      5.424340
  915.0    -19.538983     34.648449      3.181304      5.445822
  920.0    -19.686487     34.933910      3.194926      5.467289
  925.0    -19.833699     35.220904      3.208594      5.488721
  930.0    -19.980117     35.509749      3.222351      5.510096
  935.0    -20.125239     35.800764      3.236236      5.531394
  940.0    -20.268563     36.094267      3.250291      5.552593
  945.0    -20.409588     36.390578      3.264556      5.573671
  950.0    -20.547812     36.690016      3.279072      5.594609
  955.0    -20.682736     36.992897      3.293880      5.615385
  960.0    -20.814084     37.299358      3.308999      5.635986
  965.0    -20.942008     37.609192      3.324409      5.656416
  970.0    -21.066705     37.922156      3.340084      5.676680
  975.0    -21.188373     38.238007      3.356001      5.696784
  980.0    -21.307209     38.556499      3.372133      5.716732
  985.0    -21.423413     38.877390      3.388457      5.736530
  990.0    -21.537181     39.200436      3.404947      5.756184
  995.0    -21.648711     39.525392      3.421578      5.775698
 1000.0    -21.758201     39.852015      3.438326      5.795078
 1005.0    -21.865849     40.180061      3.455166      5.814329
 1010.0    -21.971853     40.509286      3.472073      5.833456
 1015.0    -22.076411     40.839447      3.489021      5.852465
 1020.0    -22.179720     41.170299      3.505987      5.871361
 1025.0    -22.281978     41.501598      3.522945      5.890150
 1030.0    -22.383384     41.833102      3.539871      5.908835
 1035.0    -22.484128     42.164566      3.556739      5.927424
 1040.0    -22.584141     42.495797      3.573540      5.945906
 1045.0    -22.683020     42.826663      3.590282      5.964254
 1050.0    -22.780335     43.157034      3.606975      5.982442
 1055.0    -22.875661     43.486785      3.623629      6.000440
 1060.0    -22.968568     43.815785      3.640253      6.018221
 1065.0    -23.058629     44.143908      3.656856      6.035756
 1070.0    -23.145416     44.471025      3.673449      6.053019
 1075.0    -23.228503     44.797008      3.690041      6.069980
 1080.0    -23.307478     45.121735      3.706642      6.086613
 1085.0    -23.382647     45.445306      3.723247      6.102939
 1090.0    -23.455237     45.768110      3.739837      6.119044
 1095.0    -23.526541     46.090555      3.756389      6.135017
 1100.0    -23.597848     46.413051      3.772882      6.150946
 1105.0    -23.670450     46.736005      3.789295      6.166920
 1110.0    -23.745637     47.059826      3.805605      6.183028
 1115.0    -23.824702     47.384922      3.821790      6.199360
 1120.0    -23.908934     47.711702      3.837830      6.216004
 1125.0    -23.999626     48.040574      3.853703      6.233050
 1130.0    -24.097962     48.371932      3.869389      6.250579
 1135.0    -24.203559     48.705957      3.884912      6.268576
 1140.0    -24.314824     49.042665      3.900328      6.286951
 1145.0    -24.430132     49.382068      3.915694      6.305611
 1150.0    -24.547860     49.724177      3.931067      6.324463
 1155.0    -24.666384     50.069006      3.946504      6.343416
 1160.0    -24.784079     50.416565      3.962061      6.362376
 1165.0    -24.899321     50.766866      3.977795      6.381251
 1170.0    -25.010487     51.119922      3.993764      6.399948
 1175.0    -25.115953     51.475745      4.010024      6.418375
 1180.0    -25.214094     51.834345      4.026632      6.436439
 1185.0    -25.303452     52.195709      4.043637      6.454056
 1190.0    -25.383796     52.559615      4.061034      6.471210
 1195.0    -25.455443     52.925753      4.078794      6.487913
 1200.0    -25.518716     53.293811      4.096886      6.504176
 1205.0    -25.573935     53.663477      4.115281      6.520014
 1210.0    -25.621420     54.034441      4.133948      6.535438
 1215.0    -25.661493     54.406389      4.152858      6.550461
 1220.0    -25.694474     54.779011      4.171980      6.565095
 1225.0    -25.720684     55.151994      4.191286      6.579354
 1230.0    -25.740445     55.525028      4.210744      6.593249
 1235.0    -25.754077     55.897801      4.230326      6.606794
 1240.0    -25.761900     56.270000      4.250000      6.620000
 1245.0    -25.764283     56.641322      4.269737      6.632882
 1250.0    -25.761777     57.011489      4.289506      6.645461
 1255.0    -25.754982     57.380232      4.309275      6.657757
 1260.0    -25.744497     57.747281      4.329012      6.669793
 1265.0    -25.730920     58.112367      4.348685      6.681591
 1270.0    -25.714852     58.475220      4.368264      6.693172
 1275.0    -25.696889     58.835569      4.387716      6.704558
 1280.0    -25.677633     59.193146      4.407010      6.715770
 1285.0    -25.657681     59.547680      4.426114      6.726832
 1290.0    -25.637633     59.898903      4.444997      6.737764
 1295.0    -25.618087     60.246543      4.463626      6.748588
 1300.0    -25.599643     60.590332      4.481971      6.759326
 1305.0    -25.582900     60.930000      4.500000      6.770000
 1310.0    -25.568162     61.265493      4.517701      6.780624
 1315.0    -25.554560     61.597619      4.535143      6.791185
 1320.0    -25.540930     61.927405      4.552416      6.801661
 1325.0    -25.526109     62.255874      4.569609      6.812031
 1330.0    -25.508931     62.584053      4.586811      6.822275
 1335.0    -25.488234     62.912965      4.604112      6.832370
 1340.0    -25.462853     63.243636      4.621601      6.842296
 1345.0    -25.431625     63.577091      4.639367      6.852032
 1350.0    -25.393387     63.914354      4.657500      6.861557
 1355.0    -25.346973     64.256452      4.676089      6.870849
 1360.0    -25.291221     64.604408      4.695223      6.879888
 1365.0    -25.224966     64.959247      4.714991      6.888651
 1370.0    -25.147045     65.321995      4.735484      6.897119
 1375.0    -25.056293     65.693677      4.756789      6.905270
 1380.0    -24.951598     66.075239      4.778992      6.913083
 1385.0    -24.833787     66.464615      4.801965      6.920529
 1390.0    -24.706210     66.855823      4.825307      6.927573
 1395.0    -24.572386     67.242616      4.848601      6.934175
 1400.0    -24.435834     67.618750      4.871428      6.940300
 1405.0    -24.300074     67.977982      4.893368      6.945909
 1410.0    -24.168619     68.314076      4.914003      6.950965
 1415.0    -24.043926     68.623201      4.933069      6.955460
 1420.0    -23.926095     68.906877      4.950641      6.959445
 1425.0    -23.814906     69.167351      4.966839      6.962984
 1430.0    -23.710141     69.406870      4.981785      6.966137
 1435.0    -23.611578     69.627679      4.995601      6.968967
 1440.0    -23.518999     69.832025      5.008406      6.971536
 1445.0    -23.432185     70.022153      5.020324      6.973904
 1450.0    -23.350915     70.200311      5.031475      6.976135
 1455.0    -23.274970     70.368745      5.041980      6.978290
 1460.0    -23.204128     70.529702      5.051960      6.980430
 1465.0    -23.137734     70.685675      5.061560      6.982607
 1470.0    -23.074162     70.839706      5.070972      6.984852
 1475.0    -23.011656     70.994912      5.080396      6.987190
 1480.0    -22.948459     71.154408      5.090033      6.989649
 1485.0    -22.882816     71.321311      5.100082      6.992254
 1490.0    -22.812970     71.498737      5.110744      6.995033
 1495.0    -22.737164     71.689802      5.122218      6.998013
 1500.0    -22.653642     71.897623      5.134705      7.001219
 1505.0    -22.560649     72.125314      5.148404      7.004679
 1510.0    -22.456426     72.375994      5.163515      7.008419
 1515.0    -22.339395     72.652374      5.180215      7.012461
 1520.0    -22.210610     72.951146      5.198315      7.016739
 1525.0    -22.073152     73.264362      5.217351      7.021123
 1530.0    -21.930158     73.583957      5.236849      7.025480
 1535.0    -21.784761     73.901864      5.256337      7.029679
 1540.0    -21.640095     74.210018      5.275339      7.033586
 1545.0    -21.499297     74.500352      5.293385      7.037071
 1550.0    -21.365500     74.764800      5.310000      7.040000
 1555.0    -21.240983     74.997387      5.324835      7.042274
 1560.0    -21.124601     75.200498      5.338039      7.043923
 1565.0    -21.014354     75.378610      5.349881      7.045011
 1570.0    -20.908239     75.536198      5.360633      7.045602
 1575.0    -20.804257     75.677739      5.370568      7.045757
 1580.0    -20.700406     75.807709      5.379956      7.045542
 1585.0    -20.594685     75.930584      5.389068      7.045019
 1590.0    -20.485094     76.050840      5.398177      7.044251
 1595.0    -20.369630     76.172954      5.407553      7.043302
 1600.0    -20.246294     76.301401      5.417468      7.042235
 1605.0    -20.113084     76.440658      5.428193      7.041113
 1610.0    -19.968000     76.595200      5.440000      7.040000
 1615.0    -19.809539     76.767924      5.453072      7.038928
 1620.0    -19.638194     76.955402      5.467243      7.037802
 1625.0    -19.454957     77.152628      5.482257      7.036497
 1630.0    -19.260819     77.354593      5.497859      7.034887
 1635.0    -19.056774     77.556292      5.513797      7.032847
 1640.0    -18.843812     77.752716      5.529813      7.030252
 1645.0    -18.622926     77.938857      5.545654      7.026974
 1650.0    -18.395107     78.109710      5.561066      7.022890
 1655.0    -18.161356     78.260339      5.575795      7.017876
 1660.0    -17.923026     78.388629      5.589703      7.011919
 1665.0    -17.681927     78.496126      5.602798      7.005148
 1670.0    -17.439902     78.584624      5.615094      6.997701
 1675.0    -17.198789     78.655915      5.626610      6.989718
 1680.0    -16.960431     78.711790      5.637362      6.981335
 1685.0    -16.726668     78.754042      5.647367      6.972693
 1690.0    -16.499341     78.784463      5.656640      6.963929
 1695.0    -16.280291     78.804844      5.665200      6.955182
 1700.0    -16.071334     78.816955      5.673062      6.946589
 1705.0    -15.873307     78.821649      5.680236      6.938212
 1710.0    -15.685774     78.818590      5.686721      6.930019
 1715.0    -15.508216     78.807362      5.692516      6.921971
 1720.0    -15.340114     78.787549      5.697621      6.914029
 1725.0    -15.180946     78.758737      5.702033      6.906154
 1730.0    -15.030195     78.720509      5.705753      6.898306
 1735.0    -14.887339     78.672450      5.708780      6.890447
 1740.0    -14.751859     78.614145      5.711111      6.882538
 1745.0    -14.623235     78.545177      5.712747      6.874540
 1750.0    -14.500947     78.465132      5.713686      6.866414
 1755.0    -14.384476     78.373595      5.713928      6.858120
 1760.0    -14.273301     78.270148      5.713470      6.849619
 1765.0    -14.166904     78.154378      5.712313      6.840874
 1770.0    -14.064763     78.025867      5.710456      6.831844
 1775.0    -13.966427     77.884389      5.707902      6.822500
 1780.0    -13.871939     77.731094      5.704699      6.812885
 1785.0    -13.781568     77.567754      5.700914      6.803075
 1790.0    -13.695581     77.396143      5.696611      6.793144
 1795.0    -13.614246     77.218034      5.691858      6.783169
 1800.0    -13.537831     77.035202      5.686720      6.773224
 1805.0    -13.466606     76.849420      5.681263      6.763384
 1810.0    -13.400837     76.662463      5.675553      6.753725
 1815.0    -13.340793     76.476103      5.669657      6.744323
 1820.0    -13.286742     76.292116      5.663640      6.735252
 1825.0    -13.238957     76.112250      5.657568      6.726587
 1830.0    -13.197868     75.937323      5.651459      6.718378
 1835.0    -13.164111     75.766934      5.645271      6.710641
 1840.0    -13.138337     75.600607      5.638960      6.703389
 1845.0    -13.121197     75.437862      5.632480      6.696637
 1850.0    -13.113340     75.278219      5.625785      6.690399
 1855.0    -13.115416     75.121200      5.618831      6.684688
 1860.0    -13.128076     74.966327      5.611571      6.679519
 1865.0    -13.151971     74.813119      5.603961      6.674905
 1870.0    -13.187749     74.661099      5.595956      6.670861
 1875.0    -13.236062     74.509786      5.587509      6.667401
 1880.0    -13.297560     74.358703      5.578576      6.664538
 1885.0    -13.372894     74.207370      5.569112      6.662286
 1890.0    -13.462712     74.055309      5.559070      6.660660
 1895.0    -13.567666     73.902040      5.548405      6.659674
 1900.0    -13.688406     73.747084      5.537073      6.659341
 1905.0    -13.825582     73.589962      5.525028      6.659676
 1910.0    -13.979742     73.430236      5.512230      6.660689
 1915.0    -14.149905     73.268054      5.498722      6.662343
 1920.0    -14.333914     73.104019      5.484612      6.664564
 1925.0    -14.529581     72.938747      5.470010      6.667278
 1930.0    -14.734717     72.772852      5.455023      6.670409
 1935.0    -14.947134     72.606950      5.439762      6.673882
 1940.0    -15.164645     72.441654      5.424336      6.677622
 1945.0    -15.385062     72.277580      5.408853      6.681555
 1950.0    -15.606196     72.115343      5.393423      6.685605
 1955.0    -15.825859     71.955558      5.378155      6.689698
 1960.0    -16.041864     71.798838      5.363158      6.693758
 1965.0    -16.252022     71.645800      5.348542      6.697711
 1970.0    -16.454175     71.497049      5.334413      6.701483
 1975.0    -16.647309     71.352840      5.320822      6.705036
 1980.0    -16.831901     71.212971      5.307739      6.708385
 1985.0    -17.008526     71.077213      5.295134      6.711546
 1990.0    -17.177757     70.945333      5.282974      6.714533
 1995.0    -17.340170     70.817100      5.271225      6.717364
 2000.0    -17.496339     70.692283      5.259857      6.720054
 2005.0    -17.646840     70.570650      5.248836      6.722619
 2010.0    -17.792247     70.451971      5.238130      6.725076
 2015.0    -17.933135     70.336014      5.227707      6.727441
 2020.0    -18.070079     70.222547      5.217533      6.729729
 2025.0    -18.203654     70.111340      5.207578      6.731956
 2030.0    -18.334435     70.002161      5.197808      6.734139
 2035.0    -18.462995     69.894778      5.188191      6.736294
 2040.0    -18.589911     69.788961      5.178694      6.738436
 2045.0    -18.715758     69.684479      5.169286      6.740583
 2050.0    -18.841108     69.581099      5.159933      6.742749
 2055.0    -18.966539     69.478590      5.150603      6.744951
 2060.0    -19.092624     69.376722      5.141264      6.747204
 2065.0    -19.219939     69.275263      5.131884      6.749526
 2070.0    -19.349075     69.173996      5.122430      6.751934
 2075.0    -19.480757     69.072811      5.112875      6.754460
 2080.0    -19.615764     68.971646      5.103192      6.757144
 2085.0    -19.754879     68.870438      5.093355      6.760024
 2090.0    -19.898884     68.769127      5.083337      6.763140
 2095.0    -20.048560     68.667649      5.073113      6.766530
 2100.0    -20.204689     68.565943      5.062657      6.770234
 2105.0    -20.368052     68.463947      5.051941      6.774291
 2110.0    -20.539432     68.361598      5.040939      6.778740
 2115.0    -20.719609     68.258835      5.029626      6.783620
 2120.0    -20.909366     68.155596      5.017976      6.788969
 2125.0    -21.109484     68.051819      5.005961      6.794828
 2130.0    -21.320745     67.947441      4.993555      6.801235
 2135.0    -21.543931     67.842401      4.980733      6.808228
 2140.0    -21.779822     67.736637      4.967468      6.815848
 2145.0    -22.029202     67.630087      4.953733      6.824133
 2150.0    -22.292851     67.522688      4.939503      6.833123
 2155.0    -22.571552     67.414379      4.924751      6.842855
 2160.0    -22.866085     67.305098      4.909451      6.853370
 2165.0    -23.177233     67.194782      4.893577      6.864707
 2170.0    -23.505778     67.083370      4.877102      6.876904
 2175.0    -23.852500     66.970800      4.860000      6.890000
 2180.0    -24.217585     66.857114      4.842269      6.904008
 2185.0    -24.598827     66.742774      4.824001      6.918830
 2190.0    -24.993426     66.628345      4.805315      6.934344
 2195.0    -25.398579     66.514393      4.786325      6.950425
 2200.0    -25.811486     66.401485      4.767150      6.966949
 2205.0    -26.229344     66.290186      4.747906      6.983793
 2210.0    -26.649351     66.181062      4.728710      7.000832
 2215.0    -27.068706     66.074678      4.709679      7.017943
 2220.0    -27.484608     65.971602      4.690930      7.035003
 2225.0    -27.894254     65.872398      4.672579      7.051886
 2230.0    -28.294843     65.777633      4.654744      7.068471
 2235.0    -28.683574     65.687872      4.637542      7.084632
 2240.0    -29.057644     65.603682      4.621088      7.100246
 2245.0    -29.414252     65.525628      4.605501      7.115189
 2250.0    -29.750597     65.454276      4.590897      7.129337
 2255.0    -30.063883     65.390190      4.577392      7.142567
 2260.0    -30.352770     65.333507      4.565038      7.154816
 2265.0    -30.619164     65.283412      4.553737      7.166157
 2270.0    -30.865407     65.238962      4.543373      7.176682
 2275.0    -31.093845     65.199212      4.533830      7.186481
 2280.0    -31.306820     65.163219      4.524991      7.195647
 2285.0    -31.506678     65.130039      4.516739      7.204270
 2290.0    -31.695762     65.098728      4.508958      7.212441
 2295.0    -31.876415     65.068342      4.501532      7.220254
 2300.0    -32.050982     65.037937      4.494344      7.227797
 2305.0    -32.221808     65.006570      4.487277      7.235164
 2310.0    -32.391235     64.973297      4.480215      7.242445
 2315.0    -32.561608     64.937174      4.473042      7.249731
 2320.0    -32.735270     64.897256      4.465640      7.257115
 2325.0    -32.914567     64.852601      4.457895      7.264687
 2330.0    -33.101841     64.802265      4.449688      7.272539
 2335.0    -33.299436     64.745303      4.440903      7.280761
 2340.0    -33.509698     64.680771      4.431425      7.289447
 2345.0    -33.734969     64.607727      4.421136      7.298686
 2350.0    -33.977593     64.525226      4.409919      7.308570
 2355.0    -34.239916     64.432324      4.397660      7.319191
 2360.0    -34.524279     64.328078      4.384240      7.330639
 2365.0    -34.833028     64.211543      4.369543      7.343007
 2370.0    -35.168507     64.081776      4.353454      7.356386
 2375.0    -35.533059     63.937833      4.335855      7.370866
 2380.0    -35.929029     63.778771      4.316629      7.386540
 2385.0    -36.358751     63.603648      4.295662      7.403499
 2390.0    -36.822739     63.412329      4.272929      7.421763
 2395.0    -37.317440     63.206466      4.248612      7.441200
 2400.0    -37.838751     62.987958      4.222923      7.461658
 2405.0    -38.382570     62.758701      4.196072      7.482980
 2410.0    -38.944792     62.520591      4.168270      7.505015
 2415.0    -39.521316     62.275526      4.139728      7.527608
 2420.0    -40.108038     62.025401      4.110655      7.550606
 2425.0    -40.700856     61.772114      4.081263      7.573854
 2430.0    -41.295666     61.517562      4.051763      7.597200
 2435.0    -41.888365     61.263640      4.022364      7.620488
 2440.0    -42.474852     61.012247      3.993278      7.643566
 2445.0    -43.051021     60.765278      3.964714      7.666280
 2450.0    -43.612772     60.524630      3.936885      7.688476
 2455.0    -44.156000     60.292200      3.910000      7.710000
 2460.0    -44.677507     60.069522      3.884228      7.730734
 2465.0    -45.177707     59.856679      3.859566      7.750699
 2470.0    -45.657919     59.653392      3.835972      7.769954
 2475.0    -46.119462     59.459380      3.813400      7.788556
 2480.0    -46.563655     59.274364      3.791808      7.806561
 2485.0    -46.991815     59.098065      3.771150      7.824029
 2490.0    -47.405263     58.930201      3.751384      7.841016
 2495.0    -47.805315     58.770495      3.732465      7.857579
 2500.0    -48.193292     58.618666      3.714349      7.873776
 2505.0    -48.570512     58.474435      3.696992      7.889664
 2510.0    -48.938293     58.337521      3.680350      7.905301
 2515.0    -49.297954     58.207646      3.664379      7.920745
 2520.0    -49.650813     58.084529      3.649035      7.936052
 2525.0    -49.998190     57.967890      3.634274      7.951280
 2530.0    -50.341403     57.857451      3.620053      7.966487
 2535.0    -50.681771     57.752931      3.606327      7.981729
 2540.0    -51.020612     57.654051      3.593052      7.997066
 2545.0    -51.359245     57.560531      3.580184      8.012553
 2550.0    -51.698989     57.472091      3.567679      8.028248
 2555.0    -52.041161     57.388451      3.555493      8.044209
 2560.0    -52.387082     57.309333      3.543583      8.060493
 2565.0    -52.738070     57.234456      3.531904      8.077158
 2570.0    -53.095442     57.163540      3.520412      8.094261
 2575.0    -53.460519     57.096307      3.509063      8.111859
 2580.0    -53.834618     57.032475      3.497814      8.130011
 2585.0    -54.219058     56.971766      3.486619      8.148772
 2590.0    -54.615158     56.913900      3.475437      8.168202
 2595.0    -55.024237     56.858597      3.464221      8.188356
 2600.0    -55.447613     56.805577      3.452929      8.209294
 2605.0    -55.886604     56.754561      3.441516      8.231071
 2610.0    -56.342530     56.705269      3.429938      8.253746
 2615.0    -56.816710     56.657421      3.418152      8.277376
 2620.0    -57.310461     56.610738      3.406112      8.302018
 2625.0    -57.825102     56.564940      3.393777      8.327730
 2630.0    -58.361953     56.519747      3.381100      8.354569
 2635.0    -58.922331     56.474880      3.368040      8.382593
 2640.0    -59.507529     56.430067      3.354551      8.411858
 2645.0    -60.117797     56.385357      3.340632      8.442371
 2650.0    -60.752033     56.341216      3.326330      8.474078
 2655.0    -61.409044     56.298136      3.311699      8.506918
 2660.0    -62.087637     56.256610      3.296790      8.540832
 2665.0    -62.786620     56.217131      3.281655      8.575761
 2670.0    -63.504799     56.180192      3.266346      8.611644
 2675.0    -64.240983     56.146287      3.250916      8.648423
 2680.0    -64.993978     56.115908      3.235416      8.686037
 2685.0    -65.762592     56.089548      3.219898      8.724427
 2690.0    -66.545631     56.067700      3.204416      8.763533
 2695.0    -67.341904     56.050857      3.189020      8.803297
 2700.0    -68.150217     56.039513      3.173763      8.843657
 2705.0    -68.969377     56.034160      3.158697      8.884556
 2710.0    -69.798193     56.035291      3.143874      8.925932
 2715.0    -70.635470     56.043399      3.129346      8.967727
 2720.0    -71.480017     56.058977      3.115166      9.009881
 2725.0    -72.330641     56.082519      3.101384      9.052334
 2730.0    -73.186149     56.114516      3.088054      9.095027
 2735.0    -74.045347     56.155463      3.075228      9.137899
 2740.0    -74.907045     56.205851      3.062957      9.180893
 2745.0    -75.770048     56.266175      3.051294      9.223947
 2750.0    -76.633164     56.336927      3.040291      9.267003
 2755.0    -77.495200     56.418600      3.030000      9.310000
 2760.0    -78.355089     56.511471      3.020458      9.352885
 2765.0    -79.212266     56.614955      3.011641      9.395627
 2770.0    -80.066289     56.728249      3.003513      9.438201
 2775.0    -80.916719     56.850553      2.996034      9.480580
 2780.0    -81.763115     56.981064      2.989167      9.522741
 2785.0    -82.605038     57.118980      2.982874      9.564657
 2790.0    -83.442047     57.263501      2.977116      9.606302
 2795.0    -84.273701     57.413825      2.971856      9.647653
 2800.0    -85.099560     57.569149      2.967055      9.688683
 2805.0    -85.919185     57.728672      2.962675      9.729367
 2810.0    -86.732134     57.891593      2.958679      9.769680
 2815.0    -87.537968     58.057110      2.955029      9.809597
 2820.0    -88.336247     58.224421      2.951685      9.849091
 2825.0    -89.126529     58.392725      2.948610      9.888138
 2830.0    -89.908375     58.561219      2.945767      9.926712
 2835.0    -90.681345     58.729103      2.943116      9.964789
 2840.0    -91.444998     58.895574      2.940621     10.002342
 2845.0    -92.198893     59.059832      2.938242     10.039346
 2850.0    -92.942592     59.221074      2.935942     10.075777
 2855.0    -93.675653     59.378498      2.933682     10.111608
 2860.0    -94.397636     59.531303      2.931426     10.146814
 2865.0    -95.108101     59.678688      2.929133     10.181371
 2870.0    -95.806607     59.819851      2.926768     10.215252
 2875.0    -96.492715     59.953989      2.924291     10.248432
 2880.0    -97.165984     60.080302      2.921664     10.280886
 2885.0    -97.825986     60.198002      2.918850     10.312590
 2890.0    -98.472737     60.306860      2.915833     10.343542
 2895.0    -99.106836     60.407373      2.912628     10.373774
 2900.0    -99.728918     60.500086      2.909250     10.403318
 2905.0   -100.339621     60.585543      2.905713     10.432208
 2910.0   -100.939580     60.664289      2.902034     10.460477
 2915.0   -101.529432     60.736870      2.898229     10.488156
 2920.0   -102.109814     60.803830      2.894312     10.515281
 2925.0   -102.681360     60.865714      2.890299     10.541883
 2930.0   -103.244708     60.923068      2.886207     10.567995
 2935.0   -103.800495     60.976435      2.882049     10.593650
 2940.0   -104.349355     61.026362      2.877842     10.618883
 2945.0   -104.891927     61.073392      2.873601     10.643724
 2950.0   -105.428845     61.118072      2.869342     10.668208
 2955.0   -105.960747     61.160945      2.865080     10.692367
 2960.0   -106.488268     61.202557      2.860832     10.716234
 2965.0   -107.012046     61.243452      2.856611     10.739843
 2970.0   -107.532715     61.284176      2.852434     10.763226
 2975.0   -108.050914     61.325273      2.848316     10.786416
 2980.0   -108.567277     61.367289      2.844273     10.809447
 2985.0   -109.082441     61.410768      2.840321     10.832351
 2990.0   -109.597043     61.456256      2.836474     10.855161
 2995.0   -110.111719     61.504296      2.832749     10.877910
 3000.0   -110.627105     61.555435      2.829160     10.900631
 3050.0   -115.960017     62.357102      2.804210     11.133568
 3100.0   -122.063900     64.068000      2.810000     11.400000
 3150.0   -129.344339     67.035530      2.856232     11.721284
 3200.0   -137.283987     70.817001      2.929388     12.072287
 3250.0   -145.134765     74.772194      3.010143     12.416256
 3300.0   -152.211028     78.312084      3.080703     12.719546
 3350.0   -158.389076     81.308377      3.137022     12.976515
 3400.0   -163.842593     83.876599      3.182332     13.196339
 3450.0   -168.747969     86.134496      3.219932     13.388328
 3500.0   -173.281596     88.199815      3.253120     13.561793
 3550.0   -177.619810     90.190260      3.285191     13.726041
 3600.0   -181.918170     92.207587      3.318793     13.888745
 3650.0   -186.280332     94.313709      3.354950     14.053503
 3700.0   -190.801979     96.564416      3.394433     14.223287
 3750.0   -195.578793     99.015501      3.438018     14.401067
 3800.0   -200.706456    101.722756      3.486478     14.589815
 3850.0   -206.280652    104.741972      3.540586     14.792501
 3900.0   -212.393625    108.125859      3.601052     15.011965
 3950.0   -219.058566    111.856239      3.667110     15.248003
 4000.0   -226.209608    115.844050      3.736517     15.497367
 4050.0   -233.777448    119.997145      3.806966     15.756680
 4100.0   -241.692783    124.223378      3.876151     16.022561
 4150.0   -249.885923    128.431149      3.941785     16.291634
 4200.0   -258.265080    132.560117      4.002727     16.560625
 4250.0   -266.704811    136.597535      4.059577     16.826418
 4300.0   -275.076850    140.534651      4.113083     17.085909
 4350.0   -283.252932    144.362714      4.163993     17.335996
 4400.0   -291.104790    148.072973      4.213055     17.573575
 4450.0   -298.506706    151.656923      4.261003     17.795612
 4500.0   -305.412077    155.113664      4.308224     18.001169
 4550.0   -311.866842    158.451198      4.354689     18.191762
 4600.0   -317.922187    161.678028      4.400349     18.369048
 4650.0   -323.629303    164.802660      4.445153     18.534683
 4700.0   -329.039376    167.833599      4.489050     18.690324
 4750.0   -334.203598    170.779349      4.531991     18.837625
 4800.0   -339.173155    173.648417      4.573924     18.978243
 4850.0   -343.999236    176.449306      4.614800     19.113835
 4900.0   -348.733032    179.190522      4.654568     19.246056
 4950.0   -353.425729    181.880569      4.693177     19.376563
 5000.0   -358.127195    184.529552      4.730613     19.506929
 5050.0   -362.878127    187.158662      4.767109     19.638158
 5100.0   -367.715342    189.793787      4.803003     19.771012
 5150.0   -372.675639    192.460831      4.838632     19.906252
 5200.0   -377.795820    195.185699      4.874335     20.044639
 5250.0   -383.112683    197.994296      4.910449     20.186934
 5300.0   -388.663031    200.912527      4.947314     20.333899
 5350.0   -394.483664    203.966297      4.985268     20.486293
 5400.0   -400.611382    207.181511      5.024647     20.644880
 5450.0   -407.082985    210.584074      5.065792     20.810418
 5500.0   -413.935276    214.199890      5.109038     20.983671
 5550.0   -421.205053    218.054865      5.154726     21.165398
 5600.0   -428.929118    222.174902      5.203193     21.356361
 5650.0   -437.143827    226.585627      5.254774     21.557311
 5700.0   -445.844819    231.286865      5.309490     21.768101
 5750.0   -454.954883    236.232288      5.366803     21.986979
 5800.0   -464.389241    241.370774      5.426117     22.212024
 5850.0   -474.063116    246.651202      5.486834     22.441316
 5900.0   -483.891733    252.022452      5.548358     22.672935
 5950.0   -493.790315    257.433401      5.610093     22.904962
 6000.0   -503.674085    262.832930      5.671442     23.135476
 6050.0   -513.458267    268.169915      5.731809     23.362557
 6100.0   -523.058084    273.393237      5.790596     23.584285
 6150.0   -532.388760    278.451775      5.847207     23.798740
 6200.0   -541.365519    283.294406      5.901046     24.004003
 6250.0   -549.925180    287.883709      5.951676     24.198641
 6300.0   -558.085920    292.233864      5.999263     24.383063
 6350.0   -565.885070    296.371200      6.044117     24.558111
 6400.0   -573.359960    300.322047      6.086545     24.724626
 6450.0   -580.547923    304.112736      6.126858     24.883451
 6500.0   -587.486288    307.769596      6.165362     25.035426
 6550.0   -594.212388    311.318957      6.202367     25.181394
 6600.0   -600.763552    314.787149      6.238182     25.322196
 6650.0   -607.177111    318.200502      6.273115     25.458675
 6700.0   -613.490398    321.585345      6.307475     25.591671
 6750.0   -619.740741    324.968008      6.341570     25.722026
 6800.0   -625.965474    328.374822      6.375709     25.850583
 6850.0   -632.201926    331.832116      6.410200     25.978183
 6900.0   -638.487428    335.366220      6.445353     26.105667
 6950.0   -644.859312    339.003464      6.481476     26.233878
 7000.0   -651.354908    342.770177      6.518877     26.363656
 7050.0   -658.011548    346.692690      6.557865     26.495844
 7100.0   -664.866562    350.797332      6.598750     26.631284
 7150.0   -671.957281    355.110433      6.641838     26.770817
 7200.0   -679.321036    359.658324      6.687440     26.915284
 7250.0   -686.995159    364.467333      6.735864     27.065528
 7300.0   -695.016956    369.563772      6.787417     27.222390
 7350.0   -703.411004    374.963825      6.842280     27.386406
 7400.0   -712.168197    380.656884      6.900288     27.557307
 7450.0   -721.273925    386.627958      6.961223     27.734692
 7500.0   -730.713576    392.862060      7.024865     27.918161
 7550.0   -740.472538    399.344201      7.090995     28.107312
 7600.0   -750.536200    406.059392      7.159393     28.301744
 7650.0   -760.889951    412.992644      7.229841     28.501056
 7700.0   -771.519179    420.128968      7.302118     28.704848
 7750.0   -782.409272    427.453376      7.376006     28.912719
 7800.0   -793.545620    434.950878      7.451285     29.124267
 7850.0   -804.913611    442.606487      7.527737     29.339091
 7900.0   -816.498634    450.405212      7.605141     29.556792
 7950.0   -828.286076    458.332066      7.683278     29.776967
 8000.0   -840.261327    466.372059      7.761929     29.999216
 8050.0   -852.409775    474.510202      7.840875     30.223138
 8100.0   -864.716809    482.731508      7.919897     30.448332
 8150.0   -877.167818    491.020986      7.998774     30.674398
 8200.0   -889.748189    499.363649      8.077289     30.900933
 8250.0   -902.443312    507.744507      8.155221     31.127537
 8300.0   -915.239081    516.149308      8.232363     31.353829
 8350.0   -928.127007    524.571961      8.308647     31.579637
 8400.0   -941.102095    533.011457      8.384087     31.804919
 8450.0   -954.159403    541.466861      8.458701     32.029638
 8500.0   -967.293989    549.937240      8.532505     32.253754
 8550.0   -980.500910    558.421662      8.605518     32.477229
 8600.0   -993.775226    566.919192      8.677756     32.700024
 8650.0  -1007.111993    575.428897      8.749236     32.922101
 8700.0  -1020.506270    583.949844      8.819975     33.143421
 8750.0  -1033.953115    592.481099      8.889990     33.363945
 8800.0  -1047.447585    601.021730      8.959299     33.583634
 8850.0  -1060.984740    609.570802      9.027919     33.802450
 8900.0  -1074.559636    618.127383      9.095865     34.020355
 8950.0  -1088.167333    626.690539      9.163157     34.237308
 9000.0  -1101.802887    635.259336      9.229810     34.453272
 9050.0  -1115.461357    643.832842      9.295842     34.668209
 9100.0  -1129.137800    652.410122      9.361270     34.882078
 9150.0  -1142.827276    660.990244      9.426111     35.094842
 9200.0  -1156.524842    669.572274      9.490382     35.306462
 9250.0  -1170.225555    678.155279      9.554100     35.516900
 9300.0  -1183.924474    686.738325      9.617282     35.726116
 9350.0  -1197.616657    695.320479      9.679946     35.934071
 9400.0  -1211.297162    703.900808      9.742108     36.140728
 9450.0  -1224.961046    712.478378      9.803785     36.346048
 9500.0  -1238.603369    721.052256      9.864995     36.549991
 9550.0  -1252.219187    729.621509      9.925755     36.752519
 9600.0  -1265.803560    738.185202      9.986082     36.953594
 9650.0  -1279.351544    746.742404     10.045992     37.153176
 9700.0  -1292.858198    755.292180     10.105503     37.351227
 9750.0  -1306.318579    763.833596     10.164632     37.547709
 9800.0  -1319.727747    772.365721     10.223396     37.742583
 9850.0  -1333.080758    780.887620     10.281812     37.935809
 9900.0  -1346.372672    789.398360     10.339898     38.127349
 9950.0  -1359.598545    797.897007     10.397670     38.317166
10000.0  -1372.753436    806.382628     10.455145     38.505219
10050.0  -1385.832403    814.854291     10.512341     38.691470
10100.0  -1398.830503    823.311060     10.569274     38.875881
10150.0  -1411.742796    831.752004     10.625962     39.058412
10200.0  -1424.564338    840.176188     10.682422     39.239026
10250.0  -1437.290188    848.582680     10.738670     39.417683
10300.0  -1449.915405    856.970546     10.794725     39.594345
10350.0  -1462.435045    865.338852     10.850602     39.768972
10400.0  -1474.844166    873.686666     10.906320     39.941528
10450.0  -1487.137828    882.013053     10.961894     40.111971
10500.0  -1499.311087    890.317081     11.017343     40.280265
10550.0  -1511.359003    898.597816     11.072683     40.446370
10600.0  -1523.276632    906.854324     11.127932     40.610248
10650.0  -1535.059033    915.085673     11.183106     40.771860
10700.0  -1546.701264    923.290929     11.238223     40.931167
10750.0  -1558.198383    931.469158     11.293299     41.088130
10800.0  -1569.545447    939.619428     11.348352     41.242711
10850.0  -1580.737516    947.740805     11.403399     41.394872
10900.0  -1591.769646    955.832355     11.458457     41.544572
10950.0  -1602.636896    963.893145     11.513542     41.691775
11000.0  -1613.334324    971.922242     11.568673     41.836440
11050.0  -1623.856988    979.918712     11.623866     41.978530
11100.0  -1634.199946    987.881622     11.679139     42.118006
11150.0  -1644.358256    995.810039     11.734507     42.254829
11200.0  -1654.326975   1003.703029     11.789989     42.388960
11250.0  -1664.101162   1011.559659     11.845602     42.520360
11300.0  -1673.675876   1019.378996     11.901362     42.648992
11350.0  -1683.046173   1027.160105     11.957287     42.774816
11400.0  -1692.207112   1034.902055     12.013393     42.897793
11450.0  -1701.153750   1042.603911     12.069699     43.017885
11500.0  -1709.881147   1050.264739     12.126220     43.135053
11550.0  -1718.384359   1057.883608     12.182974     43.249259
11600.0  -1726.658446   1065.459582     12.239978     43.360464
11650.0  -1734.698464   1072.991730     12.297250     43.468628
11700.0  -1742.499472   1080.479117     12.354806     43.573714
11750.0  -1750.056528   1087.920811     12.412663     43.675683
11800.0  -1757.364690   1095.315877     12.470838     43.774496
11850.0  -1764.419015   1102.663382     12.529349     43.870114
11900.0  -1771.214563   1109.962394     12.588213     43.962499
11950.0  -1777.746390   1117.211978     12.647446     44.051612
12000.0  -1784.009555   1124.411202     12.707066     44.137414
12050.0  -1789.999116   1131.559131     12.767090     44.219866
12100.0  -1795.710131   1138.654833     12.827535     44.298931
12150.0  -1801.137658   1145.697374     12.888418     44.374568
12200.0  -1806.276755   1152.685821     12.949756     44.446740
12250.0  -1811.122479   1159.619241     13.011566     44.515408
12300.0  -1815.669890   1166.496699     13.073865     44.580533
12350.0  -1819.914044   1173.317263     13.136671     44.642077
12400.0  -1823.850000   1180.080000     13.200000     44.700000
