#Lambda        Dielectric Constant          Refractive Index
# [nm]        [Real]        [Imag]        [Real]        [Imag]
   50.0      0.265270      0.528104      0.654344      0.403535
   55.0      0.220054      0.764475      0.712593      0.536405
   60.0      0.193364      1.011825      0.782140      0.646847
   65.0      0.186604      1.275925      0.859103      0.742614
   70.0      0.157039      1.662738      0.955834      0.869797
   75.0      0.700949      2.075136      1.202346      0.862958
   80.0      0.829991      1.884976      1.202000      0.784100
   85.0      0.619445      2.280385      1.221164      0.933718
   90.0      1.505521      2.480305      1.484360      0.835414
   95.0      1.406748      2.186541      1.415393      0.772405
  100.0      1.166475      2.494240      1.400000      0.890800
  105.0      1.451478      3.340848      1.595943      1.046680
  110.0      2.774479      3.524783      1.905322      0.924986
  115.0      2.050014      2.267596      1.598050      0.709377
  120.0      4.176726      6.478521      2.437885      1.328272
  125.0      6.253808      2.209587      2.538341      0.435235
  130.0      5.251434      0.621747      2.295558      0.135461
  135.0      4.525252      0.143955      2.127524      0.033829
  140.0      4.059510      0.020266      2.014839      0.005031
  145.0      3.743083      0.000403      1.934703      0.000104
  150.0      3.495932      0.000000      1.869738      0.000000
  155.0      3.312400      0.000000      1.820000      0.000000
  160.0      3.175189      0.000000      1.781900      0.000000
  165.0      3.062161      0.000000      1.749909      0.000000
  170.0      2.976520      0.000000      1.725255      0.000000
  175.0      2.909316      0.000000      1.705679      0.000000
  180.0      2.845791      0.000000      1.686934      0.000000
  185.0      2.815108      0.000000      1.677829      0.000000
  190.0      2.770898      0.000000      1.664624      0.000000
  195.0      2.745472      0.000000      1.656940      0.000000
  200.0      2.720393      0.000000      1.649361      0.000000
  205.0      2.696319      0.000000      1.642047      0.000000
  210.0      2.675361      0.000000      1.635653      0.000000
  215.0      2.655916      0.000000      1.629698      0.000000
  220.0      2.639044      0.000000      1.624514      0.000000
  225.0      2.624199      0.000000      1.619939      0.000000
  230.0      2.605578      0.000000      1.614179      0.000000
  235.0      2.601680      0.000000      1.612971      0.000000
  240.0      2.586111      0.000000      1.608136      0.000000
  245.0      2.571118      0.000000      1.603472      0.000000
  250.0      2.561560      0.000000      1.600488      0.000000
  255.0      2.552212      0.000000      1.597564      0.000000
  260.0      2.543172      0.000000      1.594733      0.000000
  265.0      2.535135      0.000000      1.592211      0.000000
  270.0      2.527636      0.000000      1.589855      0.000000
  275.0      2.520064      0.000000      1.587471      0.000000
  280.0      2.512165      0.000000      1.584979      0.000000
  285.0      2.505072      0.000000      1.582740      0.000000
  290.0      2.500245      0.000000      1.581216      0.000000
  295.0      2.498745      0.000000      1.580743      0.000000
  300.0      2.497803      0.000000      1.580445      0.000000
  305.0      2.492579      0.000000      1.578789      0.000000
  310.0      2.482731      0.000000      1.575667      0.000000
  315.0      2.474900      0.000000      1.573183      0.000000
  320.0      2.470978      0.000000      1.571937      0.000000
  325.0      2.467992      0.000000      1.570985      0.000000
  330.0      2.463572      0.000000      1.569576      0.000000
  335.0      2.459072      0.000000      1.568142      0.000000
  340.0      2.456962      0.000000      1.567470      0.000000
  345.0      2.455880      0.000000      1.567125      0.000000
  350.0      2.452862      0.000000      1.566161      0.000000
  355.0      2.448860      0.000000      1.564883      0.000000
  360.0      2.444832      0.000000      1.563596      0.000000
  365.0      2.441390      0.000000      1.562496      0.000000
  370.0      2.438497      0.000000      1.561570      0.000000
  375.0      2.436044      0.000000      1.560784      0.000000
  380.0      2.433921      0.000000      1.560104      0.000000
  385.0      2.432018      0.000000      1.559493      0.000000
  390.0      2.430226      0.000000      1.558918      0.000000
  395.0      2.428435      0.000000      1.558343      0.000000
  400.0      2.426548      0.000000      1.557738      0.000000
  405.0      2.424621      0.000000      1.557119      0.000000
  410.0      2.422770      0.000000      1.556525      0.000000
  415.0      2.420989      0.000000      1.555953      0.000000
  420.0      2.419271      0.000000      1.555401      0.000000
  425.0      2.417617      0.000000      1.554869      0.000000
  430.0      2.416026      0.000000      1.554357      0.000000
  435.0      2.414501      0.000000      1.553867      0.000000
  440.0      2.413034      0.000000      1.553395      0.000000
  445.0      2.411617      0.000000      1.552938      0.000000
  450.0      2.410245      0.000000      1.552497      0.000000
  455.0      2.408916      0.000000      1.552069      0.000000
  460.0      2.407626      0.000000      1.551653      0.000000
  465.0      2.406373      0.000000      1.551249      0.000000
  470.0      2.405152      0.000000      1.550855      0.000000
  475.0      2.403975      0.000000      1.550476      0.000000
  480.0      2.402866      0.000000      1.550118      0.000000
  485.0      2.401782      0.000000      1.549768      0.000000
  490.0      2.400456      0.000000      1.549341      0.000000
  495.0      2.399002      0.000000      1.548871      0.000000
  500.0      2.397749      0.000000      1.548467      0.000000
  505.0      2.397026      0.000000      1.548234      0.000000
  510.0      2.396993      0.000000      1.548223      0.000000
  515.0      2.396110      0.000000      1.547937      0.000000
  520.0      2.394846      0.000000      1.547529      0.000000
  525.0      2.393889      0.000000      1.547220      0.000000
  530.0      2.393138      0.000000      1.546977      0.000000
  535.0      2.392425      0.000000      1.546747      0.000000
  540.0      2.391644      0.000000      1.546494      0.000000
  545.0      2.390832      0.000000      1.546231      0.000000
  550.0      2.390037      0.000000      1.545975      0.000000
  555.0      2.389276      0.000000      1.545728      0.000000
  560.0      2.388545      0.000000      1.545492      0.000000
  565.0      2.387842      0.000000      1.545265      0.000000
  570.0      2.387166      0.000000      1.545046      0.000000
  575.0      2.386514      0.000000      1.544835      0.000000
  580.0      2.385884      0.000000      1.544631      0.000000
  585.0      2.385257      0.000000      1.544428      0.000000
  590.0      2.384581      0.000000      1.544209      0.000000
  595.0      2.383920      0.000000      1.543995      0.000000
  600.0      2.383300      0.000000      1.543794      0.000000
  605.0      2.382715      0.000000      1.543605      0.000000
  610.0      2.382157      0.000000      1.543424      0.000000
  615.0      2.381620      0.000000      1.543250      0.000000
  620.0      2.381096      0.000000      1.543080      0.000000
  625.0      2.380579      0.000000      1.542913      0.000000
  630.0      2.380062      0.000000      1.542745      0.000000
  635.0      2.379545      0.000000      1.542577      0.000000
  640.0      2.379033      0.000000      1.542412      0.000000
  645.0      2.378534      0.000000      1.542250      0.000000
  650.0      2.378050      0.000000      1.542093      0.000000
  655.0      2.377575      0.000000      1.541939      0.000000
  660.0      2.377105      0.000000      1.541786      0.000000
  665.0      2.376641      0.000000      1.541636      0.000000
  670.0      2.376188      0.000000      1.541489      0.000000
  675.0      2.375746      0.000000      1.541346      0.000000
  680.0      2.375311      0.000000      1.541205      0.000000
  685.0      2.374882      0.000000      1.541066      0.000000
  690.0      2.374460      0.000000      1.540929      0.000000
  695.0      2.374043      0.000000      1.540793      0.000000
  700.0      2.373632      0.000000      1.540660      0.000000
  705.0      2.373224      0.000000      1.540527      0.000000
  710.0      2.372821      0.000000      1.540396      0.000000
  715.0      2.372424      0.000000      1.540268      0.000000
  720.0      2.372037      0.000000      1.540142      0.000000
  725.0      2.371663      0.000000      1.540021      0.000000
  730.0      2.371307      0.000000      1.539905      0.000000
  735.0      2.370967      0.000000      1.539794      0.000000
  740.0      2.370637      0.000000      1.539687      0.000000
  745.0      2.370309      0.000000      1.539580      0.000000
  750.0      2.369975      0.000000      1.539471      0.000000
  755.0      2.369628      0.000000      1.539358      0.000000
  760.0      2.369261      0.000000      1.539239      0.000000
  765.0      2.368865      0.000000      1.539111      0.000000
  770.0      2.368451      0.000000      1.538978      0.000000
  775.0      2.368084      0.000000      1.538859      0.000000
  780.0      2.367761      0.000000      1.538754      0.000000
  785.0      2.367467      0.000000      1.538658      0.000000
  790.0      2.367187      0.000000      1.538567      0.000000
  795.0      2.366903      0.000000      1.538474      0.000000
  800.0      2.366607      0.000000      1.538378      0.000000
  805.0      2.366298      0.000000      1.538277      0.000000
  810.0      2.365983      0.000000      1.538175      0.000000
  815.0      2.365665      0.000000      1.538071      0.000000
  820.0      2.365352      0.000000      1.537969      0.000000
  825.0      2.365046      0.000000      1.537870      0.000000
  830.0      2.364754      0.000000      1.537775      0.000000
  835.0      2.364479      0.000000      1.537686      0.000000
  840.0      2.364221      0.000000      1.537602      0.000000
  845.0      2.363968      0.000000      1.537520      0.000000
  850.0      2.363713      0.000000      1.537437      0.000000
  855.0      2.363456      0.000000      1.537354      0.000000
  860.0      2.363196      0.000000      1.537269      0.000000
  865.0      2.362934      0.000000      1.537184      0.000000
  870.0      2.362670      0.000000      1.537098      0.000000
  875.0      2.362404      0.000000      1.537012      0.000000
  880.0      2.362138      0.000000      1.536925      0.000000
  885.0      2.361871      0.000000      1.536838      0.000000
  890.0      2.361603      0.000000      1.536751      0.000000
  895.0      2.361335      0.000000      1.536664      0.000000
  900.0      2.361068      0.000000      1.536577      0.000000
  905.0      2.360801      0.000000      1.536490      0.000000
  910.0      2.360535      0.000000      1.536403      0.000000
  915.0      2.360271      0.000000      1.536317      0.000000
  920.0      2.360008      0.000000      1.536232      0.000000
  925.0      2.359748      0.000000      1.536147      0.000000
  930.0      2.359490      0.000000      1.536063      0.000000
  935.0      2.359234      0.000000      1.535980      0.000000
  940.0      2.358982      0.000000      1.535898      0.000000
  945.0      2.358733      0.000000      1.535817      0.000000
  950.0      2.358489      0.000000      1.535737      0.000000
  955.0      2.358248      0.000000      1.535659      0.000000
  960.0      2.358012      0.000000      1.535582      0.000000
  965.0      2.357780      0.000000      1.535506      0.000000
  970.0      2.357554      0.000000      1.535433      0.000000
  975.0      2.357334      0.000000      1.535361      0.000000
  980.0      2.357120      0.000000      1.535291      0.000000
  985.0      2.356912      0.000000      1.535223      0.000000
  990.0      2.356710      0.000000      1.535158      0.000000
  995.0      2.356515      0.000000      1.535094      0.000000
 1000.0      2.356317      0.000000      1.535030      0.000000
 1005.0      2.356106      0.000000      1.534961      0.000000
 1010.0      2.355886      0.000000      1.534890      0.000000
 1015.0      2.355663      0.000000      1.534817      0.000000
 1020.0      2.355441      0.000000      1.534745      0.000000
 1025.0      2.355222      0.000000      1.534673      0.000000
 1030.0      2.355004      0.000000      1.534602      0.000000
 1035.0      2.354788      0.000000      1.534532      0.000000
 1040.0      2.354574      0.000000      1.534462      0.000000
 1045.0      2.354360      0.000000      1.534393      0.000000
 1050.0      2.354148      0.000000      1.534323      0.000000
 1055.0      2.353937      0.000000      1.534254      0.000000
 1060.0      2.353726      0.000000      1.534186      0.000000
 1065.0      2.353515      0.000000      1.534117      0.000000
 1070.0      2.353305      0.000000      1.534049      0.000000
 1075.0      2.353094      0.000000      1.533980      0.000000
 1080.0      2.352884      0.000000      1.533911      0.000000
 1085.0      2.352672      0.000000      1.533842      0.000000
 1090.0      2.352461      0.000000      1.533773      0.000000
 1095.0      2.352249      0.000000      1.533704      0.000000
 1100.0      2.352036      0.000000      1.533635      0.000000
 1105.0      2.351824      0.000000      1.533566      0.000000
 1110.0      2.351612      0.000000      1.533497      0.000000
 1115.0      2.351400      0.000000      1.533428      0.000000
 1120.0      2.351189      0.000000      1.533359      0.000000
 1125.0      2.350978      0.000000      1.533290      0.000000
 1130.0      2.350768      0.000000      1.533221      0.000000
 1135.0      2.350559      0.000000      1.533153      0.000000
 1140.0      2.350351      0.000000      1.533086      0.000000
 1145.0      2.350145      0.000000      1.533018      0.000000
 1150.0      2.349940      0.000000      1.532951      0.000000
 1155.0      2.349737      0.000000      1.532885      0.000000
 1160.0      2.349536      0.000000      1.532820      0.000000
 1165.0      2.349337      0.000000      1.532755      0.000000
 1170.0      2.349140      0.000000      1.532690      0.000000
 1175.0      2.348945      0.000000      1.532627      0.000000
 1180.0      2.348752      0.000000      1.532564      0.000000
 1185.0      2.348562      0.000000      1.532502      0.000000
 1190.0      2.348374      0.000000      1.532440      0.000000
 1195.0      2.348188      0.000000      1.532380      0.000000
 1200.0      2.348005      0.000000      1.532320      0.000000
 1205.0      2.347825      0.000000      1.532261      0.000000
 1210.0      2.347646      0.000000      1.532203      0.000000
 1215.0      2.347469      0.000000      1.532145      0.000000
 1220.0      2.347292      0.000000      1.532088      0.000000
 1225.0      2.347116      0.000000      1.532030      0.000000
 1230.0      2.346938      0.000000      1.531972      0.000000
 1235.0      2.346760      0.000000      1.531914      0.000000
 1240.0      2.346579      0.000000      1.531855      0.000000
 1245.0      2.346396      0.000000      1.531795      0.000000
 1250.0      2.346210      0.000000      1.531735      0.000000
 1255.0      2.346020      0.000000      1.531672      0.000000
 1260.0      2.345825      0.000000      1.531609      0.000000
 1265.0      2.345624      0.000000      1.531544      0.000000
 1270.0      2.345418      0.000000      1.531476      0.000000
 1275.0      2.345206      0.000000      1.531407      0.000000
 1280.0      2.344986      0.000000      1.531335      0.000000
 1285.0      2.344759      0.000000      1.531261      0.000000
 1290.0      2.344522      0.000000      1.531184      0.000000
 1295.0      2.344277      0.000000      1.531103      0.000000
 1300.0      2.344022      0.000000      1.531020      0.000000
 1305.0      2.343759      0.000000      1.530934      0.000000
 1310.0      2.343502      0.000000      1.530850      0.000000
 1315.0      2.343257      0.000000      1.530770      0.000000
 1320.0      2.343023      0.000000      1.530693      0.000000
 1325.0      2.342799      0.000000      1.530620      0.000000
 1330.0      2.342585      0.000000      1.530550      0.000000
 1335.0      2.342379      0.000000      1.530483      0.000000
 1340.0      2.342180      0.000000      1.530418      0.000000
 1345.0      2.341989      0.000000      1.530355      0.000000
 1350.0      2.341802      0.000000      1.530295      0.000000
 1355.0      2.341621      0.000000      1.530235      0.000000
 1360.0      2.341443      0.000000      1.530177      0.000000
 1365.0      2.341268      0.000000      1.530120      0.000000
 1370.0      2.341095      0.000000      1.530064      0.000000
 1375.0      2.340923      0.000000      1.530007      0.000000
 1380.0      2.340750      0.000000      1.529951      0.000000
 1385.0      2.340577      0.000000      1.529895      0.000000
 1390.0      2.340402      0.000000      1.529837      0.000000
 1395.0      2.340225      0.000000      1.529779      0.000000
 1400.0      2.340043      0.000000      1.529720      0.000000
 1405.0      2.339855      0.000000      1.529658      0.000000
 1410.0      2.339660      0.000000      1.529595      0.000000
 1415.0      2.339460      0.000000      1.529529      0.000000
 1420.0      2.339255      0.000000      1.529462      0.000000
 1425.0      2.339046      0.000000      1.529394      0.000000
 1430.0      2.338834      0.000000      1.529325      0.000000
 1435.0      2.338620      0.000000      1.529255      0.000000
 1440.0      2.338405      0.000000      1.529184      0.000000
 1445.0      2.338189      0.000000      1.529114      0.000000
 1450.0      2.337974      0.000000      1.529043      0.000000
 1455.0      2.337760      0.000000      1.528973      0.000000
 1460.0      2.337548      0.000000      1.528904      0.000000
 1465.0      2.337339      0.000000      1.528836      0.000000
 1470.0      2.337135      0.000000      1.528769      0.000000
 1475.0      2.336935      0.000000      1.528704      0.000000
 1480.0      2.336740      0.000000      1.528640      0.000000
 1485.0      2.336552      0.000000      1.528578      0.000000
 1490.0      2.336367      0.000000      1.528518      0.000000
 1495.0      2.336184      0.000000      1.528458      0.000000
 1500.0      2.336000      0.000000      1.528398      0.000000
 1505.0      2.335814      0.000000      1.528337      0.000000
 1510.0      2.335622      0.000000      1.528274      0.000000
 1515.0      2.335424      0.000000      1.528209      0.000000
 1520.0      2.335217      0.000000      1.528141      0.000000
 1525.0      2.334997      0.000000      1.528070      0.000000
 1530.0      2.334765      0.000000      1.527994      0.000000
 1535.0      2.334519      0.000000      1.527913      0.000000
 1540.0      2.334271      0.000000      1.527832      0.000000
 1545.0      2.334032      0.000000      1.527754      0.000000
 1550.0      2.333804      0.000000      1.527679      0.000000
 1555.0      2.333586      0.000000      1.527608      0.000000
 1560.0      2.333377      0.000000      1.527540      0.000000
 1565.0      2.333174      0.000000      1.527473      0.000000
 1570.0      2.332977      0.000000      1.527409      0.000000
 1575.0      2.332784      0.000000      1.527346      0.000000
 1580.0      2.332593      0.000000      1.527283      0.000000
 1585.0      2.332403      0.000000      1.527221      0.000000
 1590.0      2.332212      0.000000      1.527158      0.000000
 1595.0      2.332018      0.000000      1.527095      0.000000
 1600.0      2.331821      0.000000      1.527030      0.000000
 1605.0      2.331618      0.000000      1.526964      0.000000
 1610.0      2.331411      0.000000      1.526896      0.000000
 1615.0      2.331198      0.000000      1.526826      0.000000
 1620.0      2.330982      0.000000      1.526755      0.000000
 1625.0      2.330762      0.000000      1.526683      0.000000
 1630.0      2.330538      0.000000      1.526610      0.000000
 1635.0      2.330312      0.000000      1.526536      0.000000
 1640.0      2.330083      0.000000      1.526461      0.000000
 1645.0      2.329853      0.000000      1.526385      0.000000
 1650.0      2.329621      0.000000      1.526309      0.000000
 1655.0      2.329388      0.000000      1.526233      0.000000
 1660.0      2.329155      0.000000      1.526157      0.000000
 1665.0      2.328922      0.000000      1.526080      0.000000
 1670.0      2.328689      0.000000      1.526004      0.000000
 1675.0      2.328457      0.000000      1.525928      0.000000
 1680.0      2.328226      0.000000      1.525853      0.000000
 1685.0      2.327997      0.000000      1.525778      0.000000
 1690.0      2.327770      0.000000      1.525703      0.000000
 1695.0      2.327545      0.000000      1.525629      0.000000
 1700.0      2.327321      0.000000      1.525556      0.000000
 1705.0      2.327098      0.000000      1.525483      0.000000
 1710.0      2.326877      0.000000      1.525411      0.000000
 1715.0      2.326657      0.000000      1.525339      0.000000
 1720.0      2.326439      0.000000      1.525267      0.000000
 1725.0      2.326221      0.000000      1.525195      0.000000
 1730.0      2.326004      0.000000      1.525124      0.000000
 1735.0      2.325787      0.000000      1.525053      0.000000
 1740.0      2.325571      0.000000      1.524982      0.000000
 1745.0      2.325355      0.000000      1.524912      0.000000
 1750.0      2.325140      0.000000      1.524841      0.000000
 1755.0      2.324925      0.000000      1.524770      0.000000
 1760.0      2.324709      0.000000      1.524700      0.000000
 1765.0      2.324494      0.000000      1.524629      0.000000
 1770.0      2.324278      0.000000      1.524558      0.000000
 1775.0      2.324062      0.000000      1.524487      0.000000
 1780.0      2.323845      0.000000      1.524416      0.000000
 1785.0      2.323628      0.000000      1.524345      0.000000
 1790.0      2.323410      0.000000      1.524274      0.000000
 1795.0      2.323192      0.000000      1.524202      0.000000
 1800.0      2.322972      0.000000      1.524130      0.000000
 1805.0      2.322752      0.000000      1.524058      0.000000
 1810.0      2.322530      0.000000      1.523985      0.000000
 1815.0      2.322307      0.000000      1.523912      0.000000
 1820.0      2.322084      0.000000      1.523839      0.000000
 1825.0      2.321859      0.000000      1.523765      0.000000
 1830.0      2.321633      0.000000      1.523691      0.000000
 1835.0      2.321406      0.000000      1.523616      0.000000
 1840.0      2.321178      0.000000      1.523541      0.000000
 1845.0      2.320948      0.000000      1.523466      0.000000
 1850.0      2.320717      0.000000      1.523390      0.000000
 1855.0      2.320485      0.000000      1.523314      0.000000
 1860.0      2.320252      0.000000      1.523237      0.000000
 1865.0      2.320017      0.000000      1.523160      0.000000
 1870.0      2.319780      0.000000      1.523083      0.000000
 1875.0      2.319542      0.000000      1.523004      0.000000
 1880.0      2.319303      0.000000      1.522926      0.000000
 1885.0      2.319062      0.000000      1.522847      0.000000
 1890.0      2.318819      0.000000      1.522767      0.000000
 1895.0      2.318575      0.000000      1.522687      0.000000
 1900.0      2.318329      0.000000      1.522606      0.000000
 1905.0      2.318081      0.000000      1.522525      0.000000
 1910.0      2.317832      0.000000      1.522443      0.000000
 1915.0      2.317581      0.000000      1.522360      0.000000
 1920.0      2.317328      0.000000      1.522277      0.000000
 1925.0      2.317073      0.000000      1.522193      0.000000
 1930.0      2.316816      0.000000      1.522109      0.000000
 1935.0      2.316557      0.000000      1.522024      0.000000
 1940.0      2.316297      0.000000      1.521938      0.000000
 1945.0      2.316034      0.000000      1.521852      0.000000
 1950.0      2.315769      0.000000      1.521765      0.000000
 1955.0      2.315503      0.000000      1.521678      0.000000
 1960.0      2.315235      0.000000      1.521590      0.000000
 1965.0      2.314967      0.000000      1.521501      0.000000
 1970.0      2.314698      0.000000      1.521413      0.000000
 1975.0      2.314429      0.000000      1.521325      0.000000
 1980.0      2.314161      0.000000      1.521236      0.000000
 1985.0      2.313893      0.000000      1.521148      0.000000
 1990.0      2.313627      0.000000      1.521061      0.000000
 1995.0      2.313362      0.000000      1.520974      0.000000
 2000.0      2.313100      0.000000      1.520888      0.000000
 2005.0      2.312840      0.000000      1.520802      0.000000
 2010.0      2.312583      0.000000      1.520718      0.000000
 2015.0      2.312329      0.000000      1.520634      0.000000
 2020.0      2.312079      0.000000      1.520552      0.000000
 2025.0      2.311834      0.000000      1.520471      0.000000
 2030.0      2.311593      0.000000      1.520392      0.000000
 2035.0      2.311357      0.000000      1.520315      0.000000
 2040.0      2.311127      0.000000      1.520239      0.000000
 2045.0      2.310902      0.000000      1.520165      0.000000
 2050.0      2.310684      0.000000      1.520093      0.000000
 2055.0      2.310472      0.000000      1.520024      0.000000
 2060.0      2.310264      0.000000      1.519955      0.000000
 2065.0      2.310052      0.000000      1.519886      0.000000
 2070.0      2.309836      0.000000      1.519815      0.000000
 2075.0      2.309617      0.000000      1.519743      0.000000
 2080.0      2.309395      0.000000      1.519670      0.000000
 2085.0      2.309169      0.000000      1.519595      0.000000
 2090.0      2.308940      0.000000      1.519520      0.000000
 2095.0      2.308708      0.000000      1.519444      0.000000
 2100.0      2.308472      0.000000      1.519366      0.000000
 2105.0      2.308234      0.000000      1.519288      0.000000
 2110.0      2.307992      0.000000      1.519208      0.000000
 2115.0      2.307747      0.000000      1.519128      0.000000
 2120.0      2.307499      0.000000      1.519046      0.000000
 2125.0      2.307249      0.000000      1.518964      0.000000
 2130.0      2.306995      0.000000      1.518880      0.000000
 2135.0      2.306739      0.000000      1.518796      0.000000
 2140.0      2.306480      0.000000      1.518711      0.000000
 2145.0      2.306218      0.000000      1.518624      0.000000
 2150.0      2.305954      0.000000      1.518537      0.000000
 2155.0      2.305687      0.000000      1.518449      0.000000
 2160.0      2.305417      0.000000      1.518361      0.000000
 2165.0      2.305145      0.000000      1.518271      0.000000
 2170.0      2.304871      0.000000      1.518181      0.000000
 2175.0      2.304594      0.000000      1.518090      0.000000
 2180.0      2.304315      0.000000      1.517998      0.000000
 2185.0      2.304034      0.000000      1.517905      0.000000
 2190.0      2.303751      0.000000      1.517812      0.000000
 2195.0      2.303465      0.000000      1.517717      0.000000
 2200.0      2.303177      0.000000      1.517623      0.000000
 2205.0      2.302888      0.000000      1.517527      0.000000
 2210.0      2.302596      0.000000      1.517431      0.000000
 2215.0      2.302302      0.000000      1.517334      0.000000
 2220.0      2.302007      0.000000      1.517237      0.000000
 2225.0      2.301710      0.000000      1.517139      0.000000
 2230.0      2.301411      0.000000      1.517040      0.000000
 2235.0      2.301110      0.000000      1.516941      0.000000
 2240.0      2.300808      0.000000      1.516842      0.000000
 2245.0      2.300504      0.000000      1.516741      0.000000
 2250.0      2.300199      0.000000      1.516641      0.000000
 2255.0      2.299892      0.000000      1.516540      0.000000
 2260.0      2.299584      0.000000      1.516438      0.000000
 2265.0      2.299274      0.000000      1.516336      0.000000
 2270.0      2.298963      0.000000      1.516233      0.000000
 2275.0      2.298651      0.000000      1.516130      0.000000
 2280.0      2.298338      0.000000      1.516027      0.000000
 2285.0      2.298023      0.000000      1.515923      0.000000
 2290.0      2.297708      0.000000      1.515819      0.000000
 2295.0      2.297391      0.000000      1.515715      0.000000
 2300.0      2.297074      0.000000      1.515610      0.000000
 2305.0      2.296756      0.000000      1.515505      0.000000
 2310.0      2.296437      0.000000      1.515400      0.000000
 2315.0      2.296117      0.000000      1.515294      0.000000
 2320.0      2.295796      0.000000      1.515188      0.000000
 2325.0      2.295476      0.000000      1.515082      0.000000
 2330.0      2.295154      0.000000      1.514976      0.000000
 2335.0      2.294833      0.000000      1.514870      0.000000
 2340.0      2.294511      0.000000      1.514764      0.000000
 2345.0      2.294190      0.000000      1.514658      0.000000
 2350.0      2.293868      0.000000      1.514552      0.000000
 2355.0      2.293547      0.000000      1.514446      0.000000
 2360.0      2.293226      0.000000      1.514340      0.000000
 2365.0      2.292906      0.000000      1.514234      0.000000
 2370.0      2.292586      0.000000      1.514128      0.000000
 2375.0      2.292266      0.000000      1.514023      0.000000
 2380.0      2.291948      0.000000      1.513918      0.000000
 2385.0      2.291630      0.000000      1.513813      0.000000
 2390.0      2.291313      0.000000      1.513708      0.000000
 2395.0      2.290997      0.000000      1.513604      0.000000
 2400.0      2.290683      0.000000      1.513500      0.000000
 2405.0      2.290370      0.000000      1.513396      0.000000
 2410.0      2.290058      0.000000      1.513293      0.000000
 2415.0      2.289748      0.000000      1.513191      0.000000
 2420.0      2.289439      0.000000      1.513089      0.000000
 2425.0      2.289132      0.000000      1.512987      0.000000
 2430.0      2.288827      0.000000      1.512887      0.000000
 2435.0      2.288524      0.000000      1.512786      0.000000
 2440.0      2.288223      0.000000      1.512687      0.000000
 2445.0      2.287924      0.000000      1.512588      0.000000
 2450.0      2.287628      0.000000      1.512490      0.000000
 2455.0      2.287334      0.000000      1.512393      0.000000
 2460.0      2.287042      0.000000      1.512297      0.000000
 2465.0      2.286754      0.000000      1.512201      0.000000
 2470.0      2.286467      0.000000      1.512107      0.000000
 2475.0      2.286184      0.000000      1.512013      0.000000
 2480.0      2.285904      0.000000      1.511920      0.000000
 2485.0      2.285626      0.000000      1.511829      0.000000
 2490.0      2.285352      0.000000      1.511738      0.000000
 2495.0      2.285081      0.000000      1.511648      0.000000
 2500.0      2.284814      0.000000      1.511560      0.000000
 2505.0      2.284550      0.000000      1.511473      0.000000
 2510.0      2.284289      0.000000      1.511386      0.000000
 2515.0      2.284031      0.000000      1.511301      0.000000
 2520.0      2.283775      0.000000      1.511216      0.000000
 2525.0      2.283521      0.000000      1.511132      0.000000
 2530.0      2.283269      0.000000      1.511049      0.000000
 2535.0      2.283018      0.000000      1.510966      0.000000
 2540.0      2.282767      0.000000      1.510883      0.000000
 2545.0      2.282517      0.000000      1.510800      0.000000
 2550.0      2.282267      0.000000      1.510717      0.000000
 2555.0      2.282016      0.000000      1.510635      0.000000
 2560.0      2.281765      0.000000      1.510551      0.000000
 2565.0      2.281512      0.000000      1.510468      0.000000
 2570.0      2.281258      0.000000      1.510384      0.000000
 2575.0      2.281002      0.000000      1.510299      0.000000
 2580.0      2.280743      0.000000      1.510213      0.000000
 2585.0      2.280482      0.000000      1.510127      0.000000
 2590.0      2.280217      0.000000      1.510039      0.000000
 2595.0      2.279949      0.000000      1.509950      0.000000
 2600.0      2.279677      0.000000      1.509860      0.000000
 2605.0      2.279401      0.000000      1.509768      0.000000
 2610.0      2.279120      0.000000      1.509675      0.000000
 2615.0      2.278835      0.000000      1.509581      0.000000
 2620.0      2.278545      0.000000      1.509485      0.000000
 2625.0      2.278252      0.000000      1.509388      0.000000
 2630.0      2.277955      0.000000      1.509289      0.000000
 2635.0      2.277653      0.000000      1.509189      0.000000
 2640.0      2.277347      0.000000      1.509088      0.000000
 2645.0      2.277038      0.000000      1.508986      0.000000
 2650.0      2.276725      0.000000      1.508882      0.000000
 2655.0      2.276408      0.000000      1.508777      0.000000
 2660.0      2.276087      0.000000      1.508670      0.000000
 2665.0      2.275762      0.000000      1.508563      0.000000
 2670.0      2.275434      0.000000      1.508454      0.000000
 2675.0      2.275102      0.000000      1.508344      0.000000
 2680.0      2.274767      0.000000      1.508233      0.000000
 2685.0      2.274428      0.000000      1.508120      0.000000
 2690.0      2.274086      0.000000      1.508007      0.000000
 2695.0      2.273741      0.000000      1.507892      0.000000
 2700.0      2.273392      0.000000      1.507777      0.000000
 2705.0      2.273040      0.000000      1.507660      0.000000
 2710.0      2.272685      0.000000      1.507542      0.000000
 2715.0      2.272327      0.000000      1.507423      0.000000
 2720.0      2.271965      0.000000      1.507303      0.000000
 2725.0      2.271601      0.000000      1.507182      0.000000
 2730.0      2.271233      0.000000      1.507060      0.000000
 2735.0      2.270863      0.000000      1.506938      0.000000
 2740.0      2.270490      0.000000      1.506814      0.000000
 2745.0      2.270114      0.000000      1.506689      0.000000
 2750.0      2.269736      0.000000      1.506563      0.000000
 2755.0      2.269354      0.000000      1.506437      0.000000
 2760.0      2.268971      0.000000      1.506309      0.000000
 2765.0      2.268584      0.000000      1.506181      0.000000
 2770.0      2.268195      0.000000      1.506052      0.000000
 2775.0      2.267804      0.000000      1.505922      0.000000
 2780.0      2.267410      0.000000      1.505791      0.000000
 2785.0      2.267014      0.000000      1.505660      0.000000
 2790.0      2.266616      0.000000      1.505527      0.000000
 2795.0      2.266215      0.000000      1.505394      0.000000
 2800.0      2.265813      0.000000      1.505261      0.000000
 2805.0      2.265408      0.000000      1.505126      0.000000
 2810.0      2.265001      0.000000      1.504991      0.000000
 2815.0      2.264592      0.000000      1.504855      0.000000
 2820.0      2.264181      0.000000      1.504719      0.000000
 2825.0      2.263769      0.000000      1.504582      0.000000
 2830.0      2.263354      0.000000      1.504444      0.000000
 2835.0      2.262938      0.000000      1.504305      0.000000
 2840.0      2.262520      0.000000      1.504167      0.000000
 2845.0      2.262101      0.000000      1.504027      0.000000
 2850.0      2.261680      0.000000      1.503887      0.000000
 2855.0      2.261257      0.000000      1.503747      0.000000
 2860.0      2.260833      0.000000      1.503606      0.000000
 2865.0      2.260407      0.000000      1.503464      0.000000
 2870.0      2.259980      0.000000      1.503322      0.000000
 2875.0      2.259552      0.000000      1.503180      0.000000
 2880.0      2.259123      0.000000      1.503037      0.000000
 2885.0      2.258692      0.000000      1.502894      0.000000
 2890.0      2.258260      0.000000      1.502750      0.000000
 2895.0      2.257827      0.000000      1.502606      0.000000
 2900.0      2.257394      0.000000      1.502462      0.000000
 2905.0      2.256959      0.000000      1.502317      0.000000
 2910.0      2.256523      0.000000      1.502172      0.000000
 2915.0      2.256086      0.000000      1.502027      0.000000
 2920.0      2.255649      0.000000      1.501881      0.000000
 2925.0      2.255211      0.000000      1.501735      0.000000
 2930.0      2.254772      0.000000      1.501589      0.000000
 2935.0      2.254333      0.000000      1.501443      0.000000
 2940.0      2.253893      0.000000      1.501297      0.000000
 2945.0      2.253452      0.000000      1.501150      0.000000
 2950.0      2.253011      0.000000      1.501003      0.000000
 2955.0      2.252570      0.000000      1.500856      0.000000
 2960.0      2.252128      0.000000      1.500709      0.000000
 2965.0      2.251687      0.000000      1.500562      0.000000
 2970.0      2.251244      0.000000      1.500415      0.000000
 2975.0      2.250802      0.000000      1.500267      0.000000
 2980.0      2.250360      0.000000      1.500120      0.000000
 2985.0      2.249917      0.000000      1.499972      0.000000
 2990.0      2.249475      0.000000      1.499825      0.000000
 2995.0      2.249032      0.000000      1.499677      0.000000
 3000.0      2.248590      0.000000      1.499530      0.000000
 3050.0      2.244175      0.000000      1.498058      0.000000
 3100.0      2.239769      0.000000      1.496586      0.000000
 3150.0      2.235363      0.000000      1.495114      0.000000
 3200.0      2.230948      0.000000      1.493636      0.000000
 3250.0      2.226514      0.000000      1.492151      0.000000
 3300.0      2.222054      0.000000      1.490656      0.000000
 3350.0      2.217559      0.000000      1.489147      0.000000
 3400.0      2.213019      0.000000      1.487622      0.000000
 3450.0      2.208426      0.000000      1.486077      0.000000
 3500.0      2.203770      0.000000      1.484510      0.000000
 3550.0      2.199041      0.000000      1.482917      0.000000
 3600.0      2.194219      0.000000      1.481291      0.000000
 3650.0      2.189282      0.000000      1.479625      0.000000
 3700.0      2.184208      0.000000      1.477910      0.000000
 3750.0      2.178975      0.000000      1.476138      0.000000
 3800.0      2.173561      0.000000      1.474303      0.000000
 3850.0      2.167944      0.000000      1.472397      0.000000
 3900.0      2.162101      0.000000      1.470411      0.000000
 3950.0      2.156012      0.000000      1.468338      0.000000
 4000.0      2.149654      0.000000      1.466170      0.000000
 4050.0      2.143032      0.000000      1.463909      0.000000
 4100.0      2.136262      0.000000      1.461595      0.000000
 4150.0      2.129487      0.000000      1.459275      0.000000
 4200.0      2.122849      0.000000      1.457000      0.000000
 4250.0      2.116432      0.000000      1.454797      0.000000
 4300.0      2.110079      0.000000      1.452612      0.000000
 4350.0      2.103575      0.000000      1.450371      0.000000
 4400.0      2.096704      0.000000      1.448000      0.000000
 4450.0      2.089309      0.000000      1.445444      0.000000
 4500.0      2.081466      0.000000      1.442728      0.000000
 4550.0      2.073308      0.000000      1.439898      0.000000
 4600.0      2.064969      0.000000      1.437000      0.000000
 4650.0      2.056554      0.000000      1.434069      0.000000
 4700.0      2.048051      0.000000      1.431102      0.000000
 4750.0      2.039422      0.000000      1.428084      0.000000
 4800.0      2.030625      0.000000      1.425000      0.000000
 4850.0      2.021633      0.000000      1.421841      0.000000
 4900.0      2.012467      0.000000      1.418614      0.000000
 4950.0      2.003160      0.000000      1.415330      0.000000
 5000.0      1.993744      0.000000      1.412000      0.000000
 5050.0      1.984233      0.000000      1.408629      0.000000
 5100.0      1.974563      0.000000      1.405192      0.000000
 5150.0      1.964648      0.000000      1.401660      0.000000
 5200.0      1.954404      0.000000      1.398000      0.000000
 5250.0      1.943770      0.000000      1.394191      0.000000
 5300.0      1.932776      0.000000      1.390242      0.000000
 5350.0      1.921476      0.000000      1.386172      0.000000
 5400.0      1.909924      0.000000      1.382000      0.000000
 5450.0      1.898146      0.000000      1.377733      0.000000
 5500.0      1.886056      0.000000      1.373340      0.000000
 5550.0      1.873544      0.000000      1.368776      0.000060
 5600.0      1.860496      0.000000      1.364000      0.000000
 5650.0      1.846847      0.000000      1.358985      0.000000
 5700.0      1.832713      0.000000      1.353774      0.000000
 5750.0      1.818259      0.000000      1.348426      0.000000
 5800.0      1.803649      0.000000      1.343000      0.000000
 5850.0      1.788975      0.001328      1.337529      0.000500
 5900.0      1.774048      0.003062      1.331939      0.001155
 5950.0      1.758608      0.004764      1.326130      0.001799
 6000.0      1.742395      0.005993      1.320000      0.002270
 6050.0      1.725353      0.006482      1.313527      0.002466
 6100.0      1.708243      0.006653      1.307000      0.002545
 6150.0      1.691625      0.006972      1.300629      0.002681
 6200.0      1.674428      0.007407      1.294000      0.002862
 6250.0      1.655607      0.007832      1.286705      0.003043
 6300.0      1.635831      0.008260      1.279000      0.003229
 6350.0      1.615869      0.008729      1.271174      0.003433
 6400.0      1.595156      0.009238      1.263000      0.003657
 6450.0      1.573061      0.009779      1.254222      0.003899
 6500.0      1.550008      0.010358      1.245000      0.004160
 6550.0      1.526596      0.010982      1.235562      0.004445
 6600.0      1.503053      0.011659      1.226000      0.004755
 6650.0      1.479301      0.012393      1.216279      0.005095
 6700.0      1.454406      0.013186      1.206000      0.005467
 6750.0      1.427575      0.014042      1.194823      0.005876
 6800.0      1.399449      0.014972      1.183000      0.006328
 6850.0      1.370726      0.015986      1.170803      0.006827
 6900.0      1.340910      0.017092      1.158000      0.007380
 6950.0      1.309455      0.018297      1.144339      0.007995
 7000.0      1.276825      0.019624      1.130000      0.008683
 7050.0      1.243136      0.021085      1.115000      0.009455
 7100.0      1.207694      0.022683      1.099000      0.010320
 7150.0      1.172761      0.024497      1.083000      0.011310
 7200.0      1.134070      0.026476      1.065000      0.012430
 7250.0      1.093928      0.028660      1.046000      0.013700
 7300.0      1.050395      0.031098      1.025000      0.015170
 7350.0      1.007731      0.033875      1.004000      0.016870
 7400.0      0.960241      0.036950      0.980100      0.018850
 7450.0      0.911386      0.040430      0.954900      0.021170
 7500.0      0.860056      0.044363      0.927700      0.023910
 7550.0      0.806025      0.048808      0.898200      0.027170
 7600.0      0.748990      0.053831      0.866000      0.031080
 7650.0      0.688945      0.059535      0.830800      0.035830
 7700.0      0.625689      0.065950      0.792100      0.041630
 7750.0      0.558916      0.073167      0.749200      0.048830
 7800.0      0.488472      0.081182      0.701300      0.057880
 7850.0      0.414039      0.089948      0.647200      0.069490
 7900.0      0.347179      0.101046      0.595300      0.084870
 7950.0      0.252075      0.109106      0.513200      0.106300
 8000.0      0.163493      0.118958      0.427600      0.139100
 8050.0      0.068696      0.128472      0.327400      0.196200
 8100.0     -0.033766      0.137133      0.231800      0.295800
 8150.0     -0.145701      0.144806      0.172800      0.419000
 8200.0     -0.269563      0.151716      0.141000      0.538000
 8250.0     -0.408234      0.158177      0.121600      0.650400
 8300.0     -0.565611      0.165354      0.108800      0.759900
 8350.0     -0.746626      0.174850      0.100500      0.869900
 8400.0     -0.959337      0.189951      0.096500      0.984200
 8450.0     -1.220226      0.217941      0.098260      1.109000
 8500.0     -1.562120      0.285136      0.113600      1.255000
 8550.0     -2.092085      0.558213      0.191300      1.459000
 8600.0     -1.584960      1.872878      0.659000      1.421000
 8650.0     -1.328781      0.571801      0.242700      1.178000
 8700.0     -1.965329      0.368614      0.130900      1.408000
 8750.0     -2.518849      0.354793      0.111500      1.591000
 8800.0     -3.096025      0.388565      0.110200      1.763000
 8850.0     -3.753862      0.453029      0.116700      1.941000
 8900.0     -4.537315      0.550572      0.129000      2.134000
 8950.0     -5.510059      0.695251      0.147800      2.352000
 9000.0     -6.760366      0.915748      0.175700      2.606000
 9050.0     -8.426484      1.268032      0.217800      2.911000
 9100.0    -10.782619      1.876083      0.284600      3.296000
 9150.0    -14.340384      3.050970      0.400600      3.808000
 9200.0    -20.265427      5.755236      0.633000      4.546000
 9250.0    -31.354389     14.103180      1.230000      5.733000
 9300.0    -44.406467     54.217956      3.583000      7.566000
 9350.0     45.363185     66.349872      7.929000      4.184000
 9400.0     38.373335     16.866432      6.336000      1.331000
 9450.0     26.415084      6.692560      5.180000      0.646000
 9500.0     20.069345      3.525648      4.497000      0.392000
 9550.0     16.314212      2.173776      4.048000      0.268500
 9600.0     13.851246      1.477383      3.727000      0.198200
 9650.0     12.121540      1.072683      3.485000      0.153900
 9700.0     10.841649      0.817160      3.295000      0.124000
 9750.0      9.861617      0.645367      3.142000      0.102700
 9800.0      9.076643      0.523893      3.014000      0.086910
 9850.0      8.445046      0.435178      2.907000      0.074850
 9900.0      7.914319      0.368071      2.814000      0.065400
 9950.0      7.471409      0.316324      2.734000      0.057850
