#Lambda        Dielectric Constant          Refractive Index
# [nm]        [Real]        [Imag]        [Real]        [Imag]
   10.0      0.995041      0.041106      0.997730      0.020600
   15.0      0.986046      0.003535      0.993000      0.001780
   20.0      0.956469      0.007687      0.978000      0.003930
   25.0      0.921555      0.012864      0.960000      0.006700
   30.0      0.877879      0.017803      0.937000      0.009500
   35.0      0.820699      0.021200      0.906000      0.011700
   40.0      0.754979      0.023463      0.869000      0.013500
   45.0      0.678726      0.026038      0.824000      0.015800
   50.0      0.586259      0.034164      0.766000      0.022300
   55.0      0.476149      0.050443      0.691000      0.036500
   60.0      0.367875      0.079300      0.610000      0.065000
   65.0      0.250400      0.115938      0.513000      0.113000
   70.0      0.132987      0.210191      0.436935      0.240556
   75.0      0.021716      0.251593      0.370305      0.339719
   80.0     -0.098171      0.290700      0.323000      0.450000
   85.0     -0.230712      0.326526      0.290775      0.561483
   90.0     -0.379341      0.362608      0.269660      0.672355
   95.0     -0.546016      0.404845      0.258567      0.782862
  100.0     -0.730577      0.455416      0.255263      0.892030
  105.0     -0.931697      0.516326      0.258366      0.999228
  110.0     -1.151981      0.589791      0.266651      1.105931
  115.0     -1.374035      0.667875      0.277237      1.204520
  120.0     -1.602711      0.758012      0.291741      1.299103
  125.0     -1.869647      0.868353      0.309697      1.401908
  130.0     -2.144297      0.990044      0.329789      1.501042
  135.0     -2.441078      1.130125      0.352783      1.601683
  140.0     -2.742260      1.288470      0.379222      1.698976
  145.0     -3.078047      1.471306      0.408390      1.801229
  150.0     -3.393004      1.674056      0.441876      1.894305
  155.0     -3.771516      1.912000      0.478000      2.000000
  160.0     -4.142711      2.171400      0.517000      2.100000
  165.0     -4.543741      2.469653      0.560261      2.203982
  170.0     -4.920698      2.796634      0.607964      2.300144
  175.0     -5.351236      3.173124      0.659529      2.405320
  180.0     -5.778096      3.578689      0.713653      2.507615
  185.0     -6.200462      4.023345      0.771659      2.606821
  190.0     -6.669949      4.545109      0.837068      2.714856
  195.0     -7.122769      5.146302      0.912312      2.820560
  200.0     -7.549861      5.815768      0.995040      2.922279
  205.0     -7.951509      6.534652      1.081787      3.020180
  210.0     -8.307355      7.282154      1.170481      3.110947
  215.0     -8.665554      8.088752      1.262657      3.203030
  220.0     -9.039882      9.026020      1.366521      3.302556
  225.0     -9.274995     10.168688      1.498050      3.393986
  230.0     -9.111933     11.367815      1.651828      3.441025
  235.0     -8.456509     12.049164      1.769765      3.403897
  240.0     -8.233369     11.753891      1.749311      3.361579
  245.0     -9.053793     12.347327      1.768268      3.487377
  250.0    -10.695024     11.477120      1.580000      3.632000
  255.0    -12.058069     12.388442      1.617067      3.830525
  260.0    -13.662880     13.670500      1.682961      4.061435
  265.0    -15.748707     15.655047      1.796833      4.356302
  270.0    -18.163756     19.020271      2.016984      4.715099
  275.0    -19.757718     24.301461      2.404353      5.053592
  280.0    -19.425961     30.873110      2.919787      5.286877
  285.0    -16.979630     38.285793      3.528644      5.425064
  290.0     -8.714400     46.050086      4.367716      5.271817
  295.0      2.054406     45.493951      4.878258      4.662929
  300.0      7.727401     41.645516      5.004211      4.161055
  305.0     10.608731     38.359280      5.020360      3.820373
  310.0     12.233531     35.941740      5.010000      3.587000
  315.0     13.392178     34.268786      5.009233      3.420564
  320.0     14.344380     33.146259      5.023015      3.299439
  325.0     15.286824     32.392566      5.054964      3.204035
  330.0     16.234355     31.850601      5.098219      3.123699
  335.0     17.213074     31.537640      5.154723      3.059101
  340.0     18.198701     31.449470      5.221786      3.011371
  345.0     19.265878     31.693156      5.308264      2.985266
  350.0     20.613067     32.484786      5.435340      2.988293
  355.0     22.834116     34.136888      5.652641      3.019554
  360.0     27.632879     36.226243      6.049600      2.994068
  365.0     35.748334     35.019200      6.549516      2.673499
  370.0     42.357099     27.740915      6.818723      2.034224
  375.0     43.504345     18.787967      6.741325      1.393485
  380.0     40.921539     12.472151      6.469209      0.963955
  385.0     37.744429      8.832180      6.185000      0.714000
  390.0     35.013004      6.638320      5.943475      0.558458
  395.0     32.743886      5.214093      5.740223      0.454171
  400.0     30.875131      4.311180      5.570000      0.387000
  405.0     29.325594      3.585680      5.425388      0.330454
  410.0     27.954598      3.128145      5.295459      0.295360
  415.0     26.831126      2.693463      5.186383      0.259668
  420.0     25.835300      2.425586      5.088428      0.238342
  425.0     24.978870      2.095172      5.002270      0.209424
  430.0     24.201299      1.928023      4.923379      0.195806
  435.0     23.504802      1.801192      4.851729      0.185645
  440.0     22.888488      1.617747      4.787172      0.168974
  445.0     22.339053      1.441197      4.728884      0.152361
  450.0     21.819703      1.366204      4.673449      0.146149
  455.0     21.354183      1.207394      4.622901      0.130597
  460.0     20.921895      1.186872      4.575885      0.129686
  465.0     20.515256      1.222690      4.531380      0.134929
  470.0     20.161813      1.075922      4.491782      0.119777
  475.0     19.826403      0.938378      4.453964      0.105304
  480.0     19.530223      0.823812      4.420279      0.093201
  485.0     19.234742      0.712357      4.386492      0.081206
  490.0     18.961825      0.683658      4.355226      0.078486
  495.0     18.701916      0.635574      4.325196      0.073470
  500.0     18.463018      0.626276      4.297479      0.072865
  505.0     18.242374      0.573705      4.271636      0.067165
  510.0     18.021289      0.573123      4.245691      0.067478
  515.0     17.825082      0.500159      4.222389      0.059238
  520.0     17.635961      0.478015      4.199906      0.056903
  525.0     17.458050      0.447869      4.178626      0.053592
  530.0     17.291973      0.356663      4.158583      0.042883
  535.0     17.118178      0.378381      4.137665      0.045724
  540.0     16.970529      0.390417      4.119803      0.047380
  545.0     16.821558      0.363143      4.101647      0.044275
  550.0     16.680127      0.332114      4.084338      0.040647
  555.0     16.548476      0.265956      4.068112      0.032700
  560.0     16.421886      0.302077      4.052566      0.037260
  565.0     16.301131      0.256547      4.037589      0.031776
  570.0     16.178329      0.271912      4.022373      0.033797
  575.0     16.073628      0.232513      4.009297      0.028997
  580.0     15.962295      0.216900      3.995377      0.027144
  585.0     15.859335      0.239683      3.982492      0.030092
  590.0     15.759668      0.239345      3.969959      0.030144
  595.0     15.668804      0.218541      3.958481      0.027604
  600.0     15.579271      0.200445      3.947140      0.025391
  605.0     15.496919      0.196185      3.936692      0.024918
  610.0     15.414738      0.195235      3.926239      0.024863
  615.0     15.331152      0.184462      3.915573      0.023555
  620.0     15.254765      0.171776      3.905797      0.021990
  625.0     15.173283      0.172607      3.895352      0.022156
  630.0     15.103438      0.157811      3.886368      0.020302
  635.0     15.036149      0.142403      3.877690      0.018363
  640.0     14.963646      0.138609      3.868329      0.017916
  645.0     14.894511      0.132376      3.859379      0.017150
  650.0     14.830185      0.125243      3.851032      0.016261
  655.0     14.772110      0.122808      3.843484      0.015977
  660.0     14.716610      0.122521      3.836257      0.015969
  665.0     14.657353      0.116917      3.828523      0.015269
  670.0     14.597537      0.110906      3.820700      0.014514
  675.0     14.540865      0.105385      3.813274      0.013818
  680.0     14.489388      0.099797      3.806515      0.013109
  685.0     14.443113      0.098033      3.800432      0.012898
  690.0     14.398712      0.098951      3.794586      0.013038
  695.0     14.354112      0.099015      3.788704      0.013067
  700.0     14.312144      0.095829      3.783161      0.012665
  705.0     14.268439      0.090044      3.777377      0.011919
  710.0     14.220015      0.084438      3.770959      0.011195
  715.0     14.181032      0.082744      3.765788      0.010987
  720.0     14.150459      0.083043      3.761726      0.011038
  725.0     14.111676      0.078930      3.756565      0.010505
  730.0     14.072572      0.074779      3.751356      0.009967
  735.0     14.042946      0.075153      3.747406      0.010028
  740.0     14.011001      0.073576      3.743139      0.009828
  745.0     13.972211      0.068556      3.737953      0.009170
  750.0     13.935615      0.066858      3.733055      0.008955
  755.0     13.903892      0.067373      3.728803      0.009034
  760.0     13.874655      0.064033      3.724879      0.008595
  765.0     13.847347      0.059679      3.721211      0.008019
  770.0     13.821528      0.059372      3.717741      0.007986
  775.0     13.793104      0.059386      3.713915      0.007995
  780.0     13.759126      0.055527      3.709336      0.007484
  785.0     13.725066      0.051753      3.704742      0.006985
  790.0     13.695655      0.051724      3.700772      0.006989
  795.0     13.666521      0.051690      3.696832      0.006991
  800.0     13.633762      0.048193      3.692397      0.006525
  805.0     13.601893      0.044307      3.688079      0.006007
  810.0     13.575659      0.043420      3.684522      0.005893
  815.0     13.552870      0.044105      3.681427      0.005990
  820.0     13.529494      0.043653      3.678250      0.005933
  825.0     13.501497      0.039358      3.674441      0.005355
  830.0     13.464848      0.028512      3.669455      0.003890
  835.0     13.415513      0.008408      3.662745      0.001171
