#Lambda        Dielectric Constant          Refractive Index
# [nm]        [Real]        [Imag]        [Real]        [Imag]
  125.0     -0.439621      2.418315      1.014623      1.199489
  130.0     -0.625513      2.604098      1.035232      1.270121
  135.0     -0.506122      3.146969      1.164369      1.352030
  140.0     -0.202005      3.735669      1.328450      1.407901
  145.0      0.166280      4.058934      1.453892      1.400420
  150.0      0.474145      3.821258      1.469106      1.296095
  155.0      0.440300      3.339600      1.380000      1.210000
  160.0     -0.220667      3.459616      1.284211      1.358545
  165.0     -1.010031      4.012482      1.250314      1.604390
  170.0     -1.379129      4.676062      1.321912      1.771035
  175.0     -1.342497      5.556195      1.482247      1.879759
  180.0     -1.039697      6.832239      1.700316      1.993326
  185.0     -0.505516      8.306606      1.944611      2.104192
  190.0      0.301768      9.506439      2.183261      2.153472
  195.0      1.425623      9.952607      2.384386      2.081111
  200.0      2.885631      9.218538      2.517534      1.835555
  205.0      4.314042      7.729958      2.575396      1.503106
  210.0      5.065985      6.554847      2.569865      1.272606
  215.0      5.043032      6.044500      2.519693      1.196916
  220.0      4.574400      5.983139      2.448491      1.221734
  225.0      4.000300      6.140400      2.380000      1.290000
  230.0      3.611075      6.327466      2.336397      1.353320
  235.0      3.497179      6.521918      2.333570      1.398024
  240.0      3.633628      6.776815      2.376597      1.429779
  245.0      3.857093      7.216801      2.451044      1.476760
  250.0      3.986700      7.975600      2.540000      1.570000
  255.0      3.962246      9.062185      2.632643      1.715726
  260.0      4.206222      9.986521      2.742492      1.820946
  265.0      5.102612     10.267842      2.880888      1.796435
  270.0      6.435732      9.930269      3.028028      1.660606
  275.0      7.848717      9.116792      3.156777      1.457210
  280.0      8.984700      7.970400      3.240000      1.230000
  285.0      9.596527      6.681233      3.262685      1.020958
  290.0      9.874122      5.624295      3.257996      0.864623
  295.0     10.015623      5.008356      3.253559      0.773569
  300.0     10.064624      4.717275      3.250100      0.729620
  305.0     10.051744      4.607630      3.246090      0.712016
  310.0     10.007600      4.536000      3.240000      0.700000
  315.0      9.957438      4.386066      3.230609      0.676737
  320.0      9.905011      4.149919      3.217938      0.641085
  325.0      9.848697      3.846749      3.202318      0.595829
  330.0      9.786878      3.495749      3.184080      0.543752
  335.0      9.717930      3.116111      3.163554      0.487637
  340.0      9.640235      2.727026      3.141071      0.430267
  345.0      9.552172      2.347687      3.116962      0.374425
  350.0      9.452120      1.997285      3.091558      0.322894
  355.0      9.339067      1.691904      3.065196      0.278006
  360.0      9.214922      1.432734      3.038240      0.239923
  365.0      9.082464      1.216513      3.011064      0.208160
  370.0      8.944474      1.039977      2.984042      0.182233
  375.0      8.803733      0.899862      2.957547      0.161655
  380.0      8.663020      0.792903      2.931952      0.145943
  385.0      8.525118      0.715838      2.907631      0.134610
  390.0      8.392806      0.665401      2.884958      0.127172
  395.0      8.268865      0.638329      2.864307      0.123143
  400.0      8.156076      0.631358      2.846049      0.122039
  405.0      8.057219      0.641224      2.830560      0.123373
  410.0      7.975074      0.664663      2.818213      0.126661
  415.0      7.912423      0.698412      2.809381      0.131419
  420.0      7.872045      0.739205      2.804437      0.137159
  425.0      7.856722      0.783780      2.803755      0.143398
  430.0      7.869233      0.828872      2.807710      0.149650
  435.0      7.912361      0.871217      2.816673      0.155430
  440.0      7.988883      0.907551      2.831019      0.160254
  445.0      8.096384      0.934527      2.850261      0.163612
  450.0      8.215076      0.948517      2.871034      0.164925
  455.0      8.321543      0.945834      2.889374      0.163595
  460.0      8.392394      0.922799      2.901321      0.159028
  465.0      8.412364      0.877761      2.904305      0.150955
  470.0      8.386498      0.814149      2.899229      0.139931
  475.0      8.322959      0.736169      2.887530      0.126640
  480.0      8.229911      0.648028      2.870646      0.111761
  485.0      8.115517      0.553934      2.850013      0.095976
  490.0      7.987941      0.458093      2.827070      0.079967
  495.0      7.855348      0.364713      2.803253      0.064414
  500.0      7.725900      0.278000      2.780000      0.050000
  505.0      7.606316      0.201371      2.758493      0.037277
  510.0      7.497535      0.135082      2.738897      0.026284
  515.0      7.399048      0.078597      2.721123      0.016930
  520.0      7.310349      0.031380      2.705081      0.009127
  525.0      7.230930      0.000000      2.690681      0.002784
  530.0      7.160284      0.000000      2.677834      0.000000
  535.0      7.097903      0.000000      2.666451      0.000000
  540.0      7.043281      0.000000      2.656441      0.000000
  545.0      6.995910      0.000000      2.647715      0.000000
  550.0      6.955282      0.000000      2.640183      0.000000
  555.0      6.920891      0.000000      2.633757      0.000000
  560.0      6.892229      0.000000      2.628346      0.000000
  565.0      6.868789      0.000000      2.623860      0.000000
  570.0      6.850063      0.000000      2.620211      0.000000
  575.0      6.835545      0.000000      2.617308      0.000000
  580.0      6.824727      0.000000      2.615062      0.003654
  585.0      6.817101      0.017517      2.613384      0.007818
  590.0      6.812161      0.043868      2.612183      0.012273
  595.0      6.809399      0.071460      2.611370      0.016929
  600.0      6.808307      0.099757      2.610856      0.021697
  605.0      6.808379      0.128225      2.610551      0.026486
  610.0      6.809108      0.156328      2.610366      0.031207
  615.0      6.809985      0.183530      2.610210      0.035769
  620.0      6.810504      0.209298      2.609995      0.040083
  625.0      6.810250      0.233196      2.609646      0.044076
  630.0      6.809159      0.255172      2.609153      0.047739
  635.0      6.807248      0.275263      2.608519      0.051079
  640.0      6.804537      0.293506      2.607747      0.054101
  645.0      6.801044      0.309938      2.606840      0.056813
  650.0      6.796785      0.324596      2.605802      0.059220
  655.0      6.791779      0.337517      2.604635      0.061330
  660.0      6.786045      0.348738      2.603343      0.063148
  665.0      6.779601      0.358297      2.601928      0.064680
  670.0      6.772464      0.366229      2.600395      0.065934
  675.0      6.764653      0.372573      2.598746      0.066916
  680.0      6.756185      0.377366      2.596984      0.067631
  685.0      6.747079      0.380643      2.595113      0.068087
  690.0      6.737353      0.382443      2.593136      0.068290
  695.0      6.727025      0.382802      2.591055      0.068245
  700.0      6.716113      0.381758      2.588875      0.067961
  705.0      6.704635      0.379347      2.586598      0.067442
  710.0      6.692610      0.375607      2.584227      0.066695
  715.0      6.680054      0.370574      2.581766      0.065728
  720.0      6.666987      0.364286      2.579217      0.064545
  725.0      6.653426      0.356779      2.576585      0.063153
  730.0      6.639390      0.348091      2.573872      0.061560
  735.0      6.624897      0.338258      2.571081      0.059771
  740.0      6.609964      0.327318      2.568215      0.057792
  745.0      6.594610      0.315308      2.565278      0.055630
  750.0      6.578853      0.302265      2.562273      0.053292
  755.0      6.562710      0.288225      2.559203      0.050784
  760.0      6.546201      0.273226      2.556071      0.048111
  765.0      6.529342      0.257305      2.552880      0.045282
  770.0      6.512153      0.240499      2.549634      0.042301
  775.0      6.494651      0.222845      2.546336      0.039175
  780.0      6.476855      0.204380      2.542988      0.035911
  785.0      6.458782      0.185141      2.539595      0.032515
  790.0      6.440450      0.165165      2.536158      0.028994
  795.0      6.421878      0.144488      2.532682      0.025354
  800.0      6.403083      0.123149      2.529170      0.021601
  805.0      6.384085      0.101184      2.525624      0.017741
  810.0      6.364900      0.078631      2.522048      0.013781
  815.0      6.345546      0.055525      2.518445      0.009728
  820.0      6.326043      0.031904      2.514818      0.005588
  825.0      6.306408      0.007806      2.511171      0.001367
  830.0      6.286659      0.000000      2.507506      0.000000
  835.0      6.266814      0.000000      2.503827      0.000000
  840.0      6.246892      0.000000      2.500137      0.000000
  845.0      6.226910      0.000000      2.496439      0.000000
  850.0      6.206886      0.000000      2.492737      0.000000
  855.0      6.186839      0.000000      2.489032      0.000000
  860.0      6.166786      0.000000      2.485330      0.000000
  865.0      6.146746      0.000000      2.481632      0.000000
  870.0      6.126737      0.000000      2.477942      0.000000
  875.0      6.106777      0.000000      2.474263      0.000000
  880.0      6.086884      0.000000      2.470599      0.000000
  885.0      6.067075      0.000000      2.466952      0.000000
  890.0      6.047370      0.000000      2.463325      0.000000
  895.0      6.027786      0.000000      2.459723      0.000000
  900.0      6.008341      0.000000      2.456147      0.000000
  905.0      5.989054      0.000000      2.452602      0.000000
  910.0      5.969942      0.000000      2.449090      0.000000
  915.0      5.951023      0.000000      2.445614      0.000000
  920.0      5.932316      0.000000      2.442178      0.000000
  925.0      5.913839      0.000000      2.438785      0.000000
  930.0      5.895609      0.000000      2.435438      0.000000
  935.0      5.877645      0.000000      2.432141      0.000000
  940.0      5.859965      0.000000      2.428895      0.000000
  945.0      5.842587      0.000000      2.425705      0.000000
  950.0      5.825530      0.000000      2.422574      0.000000
  955.0      5.808810      0.000000      2.419505      0.000000
  960.0      5.792446      0.000000      2.416501      0.000000
  965.0      5.776457      0.000000      2.413565      0.000000
  970.0      5.760860      0.000000      2.410700      0.000000
  975.0      5.745674      0.000000      2.407910      0.000000
  980.0      5.730916      0.000000      2.405198      0.000000
  985.0      5.716605      0.000000      2.402567      0.000000
  990.0      5.702758      0.000000      2.400019      0.000000
  995.0      5.689394      0.000000      2.397559      0.000000
 1000.0      5.676531      0.000000      2.395190      0.000000
 1005.0      5.664187      0.000000      2.392914      0.000000
 1010.0      5.652380      0.000000      2.390735      0.000000
 1015.0      5.641128      0.000000      2.388656      0.000000
 1020.0      5.630450      0.000000      2.386680      0.000000
 1025.0      5.620362      0.000000      2.384810      0.000000
 1030.0      5.610884      0.000000      2.383050      0.000000
 1035.0      5.602034      0.000000      2.381402      0.000000
 1040.0      5.593829      0.000000      2.379871      0.000000
 1045.0      5.586287      0.000000      2.378458      0.000000
 1050.0      5.579427      0.000000      2.377167      0.000000
 1055.0      5.573267      0.000000      2.376002      0.000000
 1060.0      5.567825      0.000000      2.374965      0.000000
 1065.0      5.563118      0.000000      2.374060      0.000000
 1070.0      5.559166      0.000000      2.373290      0.000000
 1075.0      5.555985      0.000000      2.372658      0.000000
 1080.0      5.553595      0.000000      2.372167      0.000000
 1085.0      5.552013      0.000000      2.371821      0.000000
 1090.0      5.551257      0.000000      2.371622      0.000000
 1095.0      5.551346      0.000000      2.371573      0.000000
 1100.0      5.552297      0.000000      2.371679      0.000000
 1105.0      5.554129      0.000000      2.371942      0.000000
 1110.0      5.556859      0.000000      2.372365      0.000000
 1115.0      5.560507      0.000000      2.372951      0.000000
 1120.0      5.565088      0.000000      2.373704      0.000000
 1125.0      5.570623      0.000000      2.374627      0.000000
 1130.0      5.577129      0.000000      2.375722      0.000000
 1135.0      5.584624      0.000000      2.376994      0.000000
 1140.0      5.593125      0.000000      2.378445      0.000000
 1145.0      5.602652      0.000000      2.380078      0.000000
 1150.0      5.613223      0.000000      2.381898      0.000000
 1155.0      5.624854      0.000000      2.383905      0.000000
 1160.0      5.637565      0.000000      2.386105      0.000000
 1165.0      5.651374      0.000000      2.388500      0.000000
 1170.0      5.666298      0.000000      2.391094      0.000000
 1175.0      5.682356      0.000000      2.393888      0.000000
 1180.0      5.699566      0.000000      2.396888      0.000000
 1185.0      5.717945      0.000000      2.400095      0.000000
 1190.0      5.737513      0.000000      2.403514      0.000000
 1195.0      5.758286      0.000000      2.407146      0.000000
 1200.0      5.780284      0.000000      2.410996      0.000000
 1205.0      5.803523      0.000000      2.415066      0.000000
 1210.0      5.828023      0.000000      2.419360      0.000000
 1215.0      5.853801      0.000000      2.423881      0.000000
 1220.0      5.880876      0.000000      2.428632      0.000000
 1225.0      5.909265      0.000000      2.433616      0.000000
 1230.0      5.938987      0.000000      2.438837      0.000000
 1235.0      5.970059      0.000000      2.444297      0.000000
 1240.0      6.002500      0.000000      2.450000      0.000000
